/*--------------------------------*- C++ -*----------------------------------*\
| =========                 |                                                 |
| \\      /  F ield         | OpenFOAM: The Open Source CFD Toolbox           |
|  \\    /   O peration     | Version:  v2012                                 |
|   \\  /    A nd           | Website:  www.openfoam.com                      |
|    \\/     M anipulation  |                                                 |
\*---------------------------------------------------------------------------*/
FoamFile
{
    version     2.0;
    format      ascii;
    class       volVectorField;
    location    "0.15";
    object      U;
}
// * * * * * * * * * * * * * * * * * * * * * * * * * * * * * * * * * * * * * //

dimensions      [0 1 -1 0 0 0 0];


internalField   nonuniform List<vector> 
2400
(
(49.2684 -0.00260554 0)
(50.7719 -0.000910376 0)
(49.2034 0.000920668 0)
(50.8224 0.00112061 0)
(49.14 0.0026245 0)
(50.8767 -0.000130517 0)
(49.0625 0.00374219 0)
(50.9291 -0.00143177 0)
(48.9691 0.00658536 0)
(50.981 -0.00293671 0)
(48.8568 0.0110438 0)
(51.0301 -0.00550487 0)
(48.7181 0.0179376 0)
(51.0691 -0.00943776 0)
(48.5387 0.0291259 0)
(51.0825 -0.0154096 0)
(48.2887 0.0479574 0)
(51.0289 -0.0191806 0)
(47.8927 0.104374 0)
(50.8132 0.0667733 0)
(49.6626 -0.00132863 0)
(50.3322 -0.00621739 0)
(49.6543 0.00631708 0)
(50.3248 -0.00152927 0)
(49.6536 0.0106683 0)
(50.3113 -0.00363822 0)
(49.6507 0.0129904 0)
(50.2845 -0.00560106 0)
(49.6445 0.018419 0)
(50.2422 -0.00675528 0)
(49.6348 0.0264175 0)
(50.179 -0.00830911 0)
(49.6177 0.0377676 0)
(50.0838 -0.00978279 0)
(49.5829 0.0553319 0)
(49.9357 -0.00858681 0)
(49.5081 0.0894452 0)
(49.6946 0.0170142 0)
(49.3563 0.213 0)
(49.3314 0.248513 0)
(49.916 0.00420192 0)
(50.072 -0.0116544 0)
(49.9176 0.0119208 0)
(50.0566 -0.00585679 0)
(49.9212 0.0176658 0)
(50.038 -0.0063844 0)
(49.9205 0.020318 0)
(50.0112 -0.00661356 0)
(49.9122 0.0255527 0)
(49.9744 -0.00436268 0)
(49.8941 0.0330028 0)
(49.9244 2.18362e-05 0)
(49.86 0.0429923 0)
(49.8535 0.00858963 0)
(49.7979 0.058837 0)
(49.7468 0.0296079 0)
(49.686 0.0971896 0)
(49.582 0.102454 0)
(49.5083 0.240485 0)
(49.3795 0.383994 0)
(50.0015 0.0059656 0)
(49.9927 -0.0109873 0)
(50.0007 0.012254 0)
(49.9823 -0.00468761 0)
(49.9972 0.0184251 0)
(49.9693 -0.00277854 0)
(49.9894 0.0215301 0)
(49.9504 -0.000746513 0)
(49.9735 0.0268771 0)
(49.9225 0.00447328 0)
(49.9469 0.0352046 0)
(49.8825 0.0132529 0)
(49.9043 0.0474792 0)
(49.8229 0.0285667 0)
(49.8354 0.0692828 0)
(49.7305 0.0618664 0)
(49.7256 0.122142 0)
(49.5933 0.156395 0)
(49.5748 0.279388 0)
(49.4405 0.421147 0)
(50.0217 0.00572086 0)
(49.9763 -0.00708437 0)
(50.0204 0.0102994 0)
(49.9683 -0.000984855 0)
(50.0141 0.0163386 0)
(49.957 0.00327328 0)
(50.0042 0.020238 0)
(49.9405 0.00756107 0)
(49.987 0.0260008 0)
(49.9152 0.0153102 0)
(49.9595 0.0355295 0)
(49.8776 0.027746 0)
(49.9169 0.0505358 0)
(49.8211 0.0487078 0)
(49.8509 0.0783446 0)
(49.7359 0.0919229 0)
(49.7522 0.143259 0)
(49.6178 0.198058 0)
(49.6296 0.306223 0)
(49.5003 0.445641 0)
(50.0223 0.00494616 0)
(49.9771 -0.00318605 0)
(50.0214 0.00855129 0)
(49.9701 0.00235199 0)
(50.0143 0.0146023 0)
(49.9593 0.00829582 0)
(50.0038 0.0199424 0)
(49.9437 0.0144262 0)
(49.9868 0.0269387 0)
(49.9197 0.023975 0)
(49.9597 0.0382901 0)
(49.8838 0.0391597 0)
(49.9185 0.0567407 0)
(49.8305 0.064809 0)
(49.8565 0.0909841 0)
(49.7532 0.115879 0)
(49.7691 0.165328 0)
(49.6532 0.228631 0)
(49.6701 0.328873 0)
(49.5654 0.460166 0)
(50.0164 0.00401572 0)
(49.9835 4.12797e-06 0)
(50.0154 0.00761859 0)
(49.9775 0.00517484 0)
(50.0081 0.0137936 0)
(49.9672 0.0121889 0)
(49.9972 0.0206197 0)
(49.9525 0.0199151 0)
(49.9803 0.0292009 0)
(49.93 0.0310377 0)
(49.9538 0.042617 0)
(49.8961 0.048649 0)
(49.9142 0.0646412 0)
(49.8468 0.0785302 0)
(49.8566 0.104825 0)
(49.778 0.135799 0)
(49.78 0.185863 0)
(49.695 0.251784 0)
(49.7009 0.346881 0)
(49.6317 0.468122 0)
(50.0091 0.0032354 0)
(49.9909 0.00227465 0)
(50.0078 0.00750328 0)
(49.9858 0.00752351 0)
(50.0006 0.0139259 0)
(49.9762 0.0152465 0)
(49.9894 0.0220681 0)
(49.9623 0.0243953 0)
(49.9727 0.0322947 0)
(49.9412 0.037086 0)
(49.9471 0.0477953 0)
(49.9097 0.057046 0)
(49.9095 0.0731952 0)
(49.8646 0.0907847 0)
(49.8569 0.118336 0)
(49.8042 0.15285 0)
(49.7909 0.203648 0)
(49.7364 0.269775 0)
(49.729 0.360039 0)
(49.6929 0.471555 0)
(50.0032 0.00269134 0)
(49.9967 0.00373979 0)
(50.0015 0.00786325 0)
(49.9923 0.00946987 0)
(49.9946 0.0147208 0)
(49.9833 0.0177793 0)
(49.9836 0.023954 0)
(49.9701 0.0282175 0)
(49.9673 0.035778 0)
(49.9503 0.042509 0)
(49.943 0.0532989 0)
(49.9212 0.064753 0)
(49.908 0.0817104 0)
(49.8803 0.101894 0)
(49.8608 0.130762 0)
(49.8281 0.167503 0)
(49.805 0.218464 0)
(49.7737 0.283694 0)
(49.7583 0.368908 0)
(49.7462 0.47164 0)
(49.9995 0.00235829 0)
(50.0003 0.00468681 0)
(49.9975 0.00844147 0)
(49.9963 0.011124 0)
(49.991 0.0158925 0)
(49.988 0.0200206 0)
(49.9804 0.026051 0)
(49.9754 0.0316306 0)
(49.9649 0.0393629 0)
(49.9569 0.0475255 0)
(49.9422 0.0587936 0)
(49.9301 0.0719313 0)
(49.9102 0.0898123 0)
(49.8935 0.111945 0)
(49.8687 0.141833 0)
(49.8489 0.179968 0)
(49.8225 0.23048 0)
(49.8064 0.29417 0)
(49.7891 0.374258 0)
(49.792 0.469119 0)
(49.9975 0.00218706 0)
(50.0021 0.0053535 0)
(49.9955 0.00911552 0)
(49.9984 0.0125706 0)
(49.9894 0.0172445 0)
(49.9906 0.0220899 0)
(49.9794 0.0282312 0)
(49.9788 0.0347646 0)
(49.9648 0.0429012 0)
(49.9616 0.052203 0)
(49.9439 0.0641025 0)
(49.9372 0.0785809 0)
(49.9152 0.0973325 0)
(49.905 0.120909 0)
(49.8793 0.1515 0)
(49.8676 0.19035 0)
(49.8422 0.239976 0)
(49.8356 0.301635 0)
(49.8203 0.376765 0)
(49.8321 0.464456 0)
(49.9966 0.00213482 0)
(50.0029 0.00586302 0)
(49.9946 0.00981725 0)
(49.9994 0.0138553 0)
(49.989 0.0186568 0)
(49.9923 0.0240305 0)
(49.9797 0.0304179 0)
(49.9813 0.0376735 0)
(49.9661 0.0463108 0)
(49.9655 0.0565347 0)
(49.9471 0.0691156 0)
(49.9436 0.0846486 0)
(49.9217 0.104176 0)
(49.9157 0.128749 0)
(49.8914 0.159771 0)
(49.8852 0.198754 0)
(49.8626 0.24721 0)
(49.8626 0.306457 0)
(49.8506 0.376914 0)
(49.8683 0.457987 0)
(49.9963 0.00215819 0)
(50.0033 0.00628714 0)
(49.9942 0.0105117 0)
(50 0.015011 0)
(49.9891 0.0200602 0)
(49.9935 0.0258558 0)
(49.9805 0.0325581 0)
(49.9834 0.0403784 0)
(49.9682 0.0495369 0)
(49.9691 0.060504 0)
(49.9511 0.0737501 0)
(49.9498 0.0900924 0)
(49.9292 0.110272 0)
(49.9262 0.13546 0)
(49.9042 0.166662 0)
(49.9023 0.205315 0)
(49.883 0.252392 0)
(49.888 0.308985 0)
(49.8796 0.375048 0)
(49.9015 0.450003 0)
(49.9961 0.00222365 0)
(50.0034 0.00666562 0)
(49.9941 0.0111764 0)
(50.0004 0.0160568 0)
(49.9895 0.0214033 0)
(49.9945 0.0275627 0)
(49.9817 0.0346002 0)
(49.9854 0.042882 0)
(49.9706 0.0525288 0)
(49.9727 0.064098 0)
(49.9556 0.0779341 0)
(49.9562 0.0948881 0)
(49.9371 0.115558 0)
(49.9368 0.141065 0)
(49.9173 0.172193 0)
(49.9189 0.210183 0)
(49.9029 0.255694 0)
(49.912 0.309535 0)
(49.9069 0.371433 0)
(49.9322 0.440757 0)
(49.996 0.00230951 0)
(50.0036 0.00701454 0)
(49.9942 0.0117983 0)
(50.0009 0.0170032 0)
(49.99 0.022651 0)
(49.9956 0.0291377 0)
(49.9831 0.0365005 0)
(49.9876 0.0451718 0)
(49.9733 0.0552454 0)
(49.9766 0.0672998 0)
(49.9604 0.0816166 0)
(49.9627 0.0990152 0)
(49.9452 0.119997 0)
(49.9473 0.145585 0)
(49.9302 0.176402 0)
(49.9351 0.213491 0)
(49.9222 0.257282 0)
(49.9349 0.308356 0)
(49.9327 0.366289 0)
(49.9606 0.430439 0)
(49.9959 0.00240162 0)
(50.0037 0.00733775 0)
(49.9942 0.0123688 0)
(50.0013 0.0178543 0)
(49.9905 0.0237822 0)
(49.9967 0.0305643 0)
(49.9845 0.0382247 0)
(49.9898 0.0472272 0)
(49.9761 0.0576547 0)
(49.9805 0.0700894 0)
(49.9654 0.0847648 0)
(49.9693 0.102456 0)
(49.9534 0.123574 0)
(49.9579 0.149046 0)
(49.9431 0.179344 0)
(49.9508 0.215353 0)
(49.9407 0.257312 0)
(49.9565 0.305642 0)
(49.9568 0.359804 0)
(49.9871 0.419186 0)
(49.9958 0.00249133 0)
(50.0038 0.0076329 0)
(49.9944 0.0128812 0)
(50.0018 0.0186092 0)
(49.9911 0.024784 0)
(49.9979 0.0318269 0)
(49.986 0.0397463 0)
(49.9921 0.0490249 0)
(49.979 0.0597303 0)
(49.9846 0.0724459 0)
(49.9705 0.0873572 0)
(49.976 0.1052 0)
(49.9617 0.126291 0)
(49.9683 0.151473 0)
(49.9556 0.18108 0)
(49.9661 0.215872 0)
(49.9584 0.255926 0)
(49.977 0.301555 0)
(49.9794 0.352137 0)
(50.0116 0.407109 0)
(49.9958 0.00257361 0)
(50.004 0.00789489 0)
(49.9945 0.0133298 0)
(50.0023 0.0192632 0)
(49.9918 0.0256474 0)
(49.9991 0.0329106 0)
(49.9876 0.0410448 0)
(49.9945 0.0505415 0)
(49.9821 0.0614499 0)
(49.9887 0.0743498 0)
(49.9757 0.0893806 0)
(49.9827 0.107239 0)
(49.9699 0.128156 0)
(49.9786 0.152898 0)
(49.9679 0.181674 0)
(49.9808 0.215144 0)
(49.9753 0.253251 0)
(49.9963 0.296235 0)
(50.0005 0.343422 0)
(50.0344 0.394303 0)
(49.9957 0.00264533 0)
(50.0041 0.00811824 0)
(49.9946 0.0137092 0)
(50.0028 0.01981 0)
(49.9925 0.0263645 0)
(50.0004 0.0338025 0)
(49.9893 0.0421031 0)
(49.997 0.0517567 0)
(49.9851 0.0627946 0)
(49.9929 0.0757845 0)
(49.9808 0.0908262 0)
(49.9894 0.108575 0)
(49.978 0.129188 0)
(49.9887 0.153356 0)
(49.9797 0.181189 0)
(49.9949 0.213255 0)
(49.9914 0.2494 0)
(50.0145 0.289805 0)
(50.0203 0.333776 0)
(50.0556 0.38085 0)
(49.9956 0.00270434 0)
(50.0042 0.00829816 0)
(49.9948 0.0140139 0)
(50.0033 0.0202429 0)
(49.9932 0.0269272 0)
(50.0017 0.0344913 0)
(49.9909 0.0429069 0)
(49.9994 0.0526536 0)
(49.9882 0.0637487 0)
(49.9971 0.0767379 0)
(49.986 0.0916898 0)
(49.996 0.109213 0)
(49.9859 0.129405 0)
(49.9985 0.152885 0)
(49.9912 0.179684 0)
(50.0084 0.210287 0)
(50.0065 0.244473 0)
(50.0316 0.282372 0)
(50.0386 0.323293 0)
(50.0752 0.366819 0)
(49.9956 0.00274888 0)
(50.0044 0.00843086 0)
(49.995 0.0142382 0)
(50.0039 0.0205555 0)
(49.9939 0.0273275 0)
(50.0029 0.0349673 0)
(49.9926 0.0434443 0)
(50.0019 0.0532193 0)
(49.9913 0.0643 0)
(50.0013 0.0772022 0)
(49.9911 0.0919702 0)
(50.0025 0.109163 0)
(49.9937 0.128833 0)
(50.0079 0.151527 0)
(50.0021 0.177218 0)
(50.0212 0.206316 0)
(50.0208 0.238555 0)
(50.0476 0.274028 0)
(50.0557 0.312057 0)
(50.0933 0.352267 0)
(49.9955 0.00277747 0)
(50.0045 0.00851326 0)
(49.9951 0.0143767 0)
(50.0044 0.0207417 0)
(49.9947 0.0275575 0)
(50.0042 0.0352224 0)
(49.9943 0.0437051 0)
(50.0043 0.0534444 0)
(49.9944 0.0644396 0)
(50.0054 0.0771736 0)
(49.9961 0.0916701 0)
(50.0089 0.108439 0)
(50.0012 0.127496 0)
(50.017 0.149322 0)
(50.0125 0.173846 0)
(50.0333 0.201414 0)
(50.0343 0.231728 0)
(50.0625 0.264856 0)
(50.0716 0.300139 0)
(50.11 0.337245 0)
(49.9955 0.00278888 0)
(50.0047 0.00854274 0)
(49.9953 0.0144247 0)
(50.0049 0.0207962 0)
(49.9954 0.0276105 0)
(50.0055 0.0352495 0)
(49.9959 0.0436817 0)
(50.0068 0.0533222 0)
(49.9975 0.0641625 0)
(50.0095 0.0766518 0)
(50.001 0.0907955 0)
(50.015 0.107057 0)
(50.0084 0.12542 0)
(50.0257 0.146312 0)
(50.0225 0.169622 0)
(50.0448 0.195644 0)
(50.0469 0.224063 0)
(50.0765 0.254925 0)
(50.0863 0.287601 0)
(50.1254 0.321796 0)
(49.9954 0.00278208 0)
(50.0048 0.00851704 0)
(49.9955 0.0143783 0)
(50.0055 0.0207143 0)
(49.9961 0.0274807 0)
(50.0068 0.0350432 0)
(49.9976 0.0433684 0)
(50.0092 0.0528489 0)
(50.0004 0.0634668 0)
(50.0134 0.0756399 0)
(50.0058 0.0893554 0)
(50.0209 0.105035 0)
(50.0154 0.122636 0)
(50.034 0.142535 0)
(50.0319 0.164595 0)
(50.0555 0.189067 0)
(50.0587 0.215624 0)
(50.0894 0.244299 0)
(50.0999 0.274494 0)
(50.1396 0.305953 0)
(49.9953 0.00275633 0)
(50.0049 0.00843412 0)
(49.9957 0.0142342 0)
(50.006 0.020492 0)
(49.9969 0.0271638 0)
(50.008 0.0345995 0)
(49.9992 0.0427621 0)
(50.0115 0.0520228 0)
(50.0033 0.0623537 0)
(50.0172 0.0741435 0)
(50.0103 0.0873617 0)
(50.0266 0.102393 0)
(50.022 0.119171 0)
(50.0418 0.138031 0)
(50.0407 0.158814 0)
(50.0656 0.181736 0)
(50.0697 0.206467 0)
(50.1014 0.233033 0)
(50.1124 0.260865 0)
(50.1527 0.289746 0)
(49.9953 0.00271109 0)
(50.0051 0.0082923 0)
(49.9958 0.0139901 0)
(50.0065 0.0201265 0)
(49.9976 0.026657 0)
(50.0093 0.0339157 0)
(50.0008 0.0418615 0)
(50.0138 0.0508445 0)
(50.0061 0.0608272 0)
(50.0209 0.0721707 0)
(50.0147 0.0848285 0)
(50.032 0.099152 0)
(50.0282 0.115055 0)
(50.0492 0.132838 0)
(50.049 0.152323 0)
(50.075 0.173702 0)
(50.0798 0.196645 0)
(50.1125 0.221174 0)
(50.1239 0.246753 0)
(50.1646 0.273199 0)
(49.9952 0.00264604 0)
(50.0052 0.00809031 0)
(49.996 0.0136444 0)
(50.007 0.0196156 0)
(49.9983 0.0259588 0)
(50.0104 0.0329909 0)
(50.0023 0.0406674 0)
(50.0159 0.0493169 0)
(50.0088 0.0588936 0)
(50.0244 0.0697319 0)
(50.0188 0.081772 0)
(50.0371 0.0953344 0)
(50.0341 0.110317 0)
(50.0561 0.12699 0)
(50.0567 0.145165 0)
(50.0837 0.165011 0)
(50.0892 0.186203 0)
(50.1226 0.208764 0)
(50.1344 0.232192 0)
(50.1755 0.256332 0)
(49.9952 0.002561 0)
(50.0053 0.00782743 0)
(49.9962 0.0131965 0)
(50.0075 0.0189587 0)
(49.9989 0.0250691 0)
(50.0116 0.0318261 0)
(50.0037 0.0391825 0)
(50.018 0.0474449 0)
(50.0113 0.0565613 0)
(50.0277 0.0668394 0)
(50.0227 0.0782099 0)
(50.0419 0.0909632 0)
(50.0396 0.104987 0)
(50.0626 0.120524 0)
(50.0638 0.137379 0)
(50.0918 0.155704 0)
(50.0978 0.175184 0)
(50.132 0.195841 0)
(50.144 0.217209 0)
(50.1854 0.23916 0)
(49.9951 0.0024559 0)
(50.0054 0.00750357 0)
(49.9963 0.0126462 0)
(50.008 0.0181562 0)
(49.9995 0.0239891 0)
(50.0126 0.0304236 0)
(50.0051 0.0374112 0)
(50.0199 0.0452356 0)
(50.0137 0.0538406 0)
(50.0308 0.0635076 0)
(50.0264 0.0741608 0)
(50.0464 0.0860624 0)
(50.0447 0.0990944 0)
(50.0686 0.113472 0)
(50.0704 0.129002 0)
(50.0992 0.145819 0)
(50.1057 0.163623 0)
(50.1405 0.182436 0)
(50.1527 0.201827 0)
(50.1943 0.221694 0)
(49.9951 0.00233085 0)
(50.0056 0.00711915 0)
(49.9965 0.0119944 0)
(50.0084 0.0172097 0)
(50.0001 0.0227215 0)
(50.0136 0.0287877 0)
(50.0064 0.0353597 0)
(50.0218 0.0426978 0)
(50.0159 0.0507436 0)
(50.0337 0.0597523 0)
(50.0298 0.0696449 0)
(50.0506 0.0806564 0)
(50.0494 0.0926668 0)
(50.0741 0.105867 0)
(50.0765 0.120069 0)
(50.1059 0.135392 0)
(50.1129 0.151554 0)
(50.1482 0.168578 0)
(50.1605 0.186068 0)
(50.2024 0.203943 0)
(49.995 0.00218612 0)
(50.0057 0.00667515 0)
(49.9966 0.0112428 0)
(50.0088 0.0161218 0)
(50.0007 0.0212702 0)
(50.0146 0.0269243 0)
(50.0076 0.033036 0)
(50.0235 0.0398423 0)
(50.018 0.0472839 0)
(50.0364 0.055591 0)
(50.0329 0.0646831 0)
(50.0544 0.07477 0)
(50.0537 0.0857328 0)
(50.0791 0.0977405 0)
(50.0819 0.110613 0)
(50.1121 0.124456 0)
(50.1194 0.139007 0)
(50.1551 0.15429 0)
(50.1676 0.169947 0)
(50.2096 0.185912 0)
(49.995 0.00202217 0)
(50.0058 0.00617302 0)
(49.9967 0.0103938 0)
(50.0092 0.0148965 0)
(50.0012 0.0196407 0)
(50.0154 0.0248407 0)
(50.0087 0.0304498 0)
(50.0251 0.0366814 0)
(50.0199 0.043477 0)
(50.0388 0.0510422 0)
(50.0358 0.0592975 0)
(50.0579 0.0684286 0)
(50.0576 0.0783204 0)
(50.0836 0.0891218 0)
(50.0869 0.100663 0)
(50.1176 0.113038 0)
(50.1252 0.126007 0)
(50.1613 0.139594 0)
(50.1738 0.153475 0)
(50.216 0.167603 0)
(49.995 0.00183965 0)
(50.0058 0.00561473 0)
(49.9968 0.00945106 0)
(50.0095 0.0135389 0)
(50.0017 0.0178399 0)
(50.0162 0.022546 0)
(50.0097 0.0276125 0)
(50.0265 0.0332293 0)
(50.0216 0.03934 0)
(50.041 0.046126 0)
(50.0384 0.0535109 0)
(50.061 0.0616577 0)
(50.0611 0.0704573 0)
(50.0877 0.0800399 0)
(50.0913 0.0902488 0)
(50.1225 0.101167 0)
(50.1303 0.112578 0)
(50.1668 0.124506 0)
(50.1794 0.136664 0)
(50.2217 0.149016 0)
(49.9949 0.00163941 0)
(50.0059 0.00500281 0)
(49.9969 0.00841878 0)
(50.0098 0.0120551 0)
(50.0021 0.0158761 0)
(50.0169 0.0200508 0)
(50.0106 0.0245373 0)
(50.0277 0.0295019 0)
(50.0232 0.0348914 0)
(50.043 0.0408638 0)
(50.0406 0.0473475 0)
(50.0637 0.0544835 0)
(50.0642 0.0621712 0)
(50.0912 0.070523 0)
(50.0952 0.0793977 0)
(50.1267 0.0888679 0)
(50.1348 0.0987411 0)
(50.1715 0.109041 0)
(50.1842 0.119518 0)
(50.2266 0.130146 0)
(49.9949 0.00142245 0)
(50.006 0.00434035 0)
(49.997 0.00730224 0)
(50.0101 0.0104526 0)
(50.0024 0.0137593 0)
(50.0176 0.0173675 0)
(50.0114 0.0212392 0)
(50.0289 0.0255166 0)
(50.0245 0.0301515 0)
(50.0447 0.0352784 0)
(50.0426 0.0408322 0)
(50.0661 0.0469326 0)
(50.0669 0.0534897 0)
(50.0943 0.0605987 0)
(50.0985 0.0681357 0)
(50.1304 0.0761629 0)
(50.1386 0.0845142 0)
(50.1756 0.0932116 0)
(50.1883 0.102042 0)
(50.2307 0.110989 0)
(49.9949 0.00119002 0)
(50.0061 0.00363109 0)
(49.9971 0.00610759 0)
(50.0103 0.00874022 0)
(50.0027 0.0115007 0)
(50.0181 0.01451 0)
(50.0121 0.0177348 0)
(50.0298 0.0212931 0)
(50.0256 0.0251425 0)
(50.0462 0.029394 0)
(50.0443 0.0339912 0)
(50.0682 0.0390325 0)
(50.0691 0.0444407 0)
(50.0969 0.0502942 0)
(50.1013 0.0564882 0)
(50.1335 0.0630744 0)
(50.1418 0.0699142 0)
(50.179 0.0770274 0)
(50.1917 0.0842386 0)
(50.2342 0.0915365 0)
(49.9949 0.000943553 0)
(50.0061 0.00287951 0)
(49.9972 0.00484205 0)
(50.0105 0.00692806 0)
(50.003 0.00911318 0)
(50.0185 0.0114943 0)
(50.0126 0.0140427 0)
(50.0306 0.0168526 0)
(50.0266 0.0198879 0)
(50.0474 0.0232367 0)
(50.0457 0.0268519 0)
(50.0698 0.0308115 0)
(50.071 0.0350522 0)
(50.099 0.0396363 0)
(50.1036 0.0444792 0)
(50.136 0.0496225 0)
(50.1444 0.0549556 0)
(50.1818 0.0604959 0)
(50.1944 0.066105 0)
(50.237 0.0717768 0)
(49.9948 0.000684784 0)
(50.0061 0.00209111 0)
(49.9972 0.0035141 0)
(50.0106 0.00502823 0)
(50.0032 0.00661169 0)
(50.0189 0.00833864 0)
(50.013 0.0101838 0)
(50.0312 0.012219 0)
(50.0273 0.0144135 0)
(50.0483 0.0168345 0)
(50.0467 0.0194432 0)
(50.0711 0.0222994 0)
(50.0724 0.0253528 0)
(50.1006 0.0286522 0)
(50.1053 0.032132 0)
(50.1379 0.0358261 0)
(50.1464 0.0396504 0)
(50.1839 0.0436217 0)
(50.1965 0.0476366 0)
(50.2391 0.0516954 0)
(49.9948 0.000415367 0)
(50.0062 0.0012724 0)
(49.9973 0.00213375 0)
(50.0107 0.00305564 0)
(50.0033 0.00401428 0)
(50.0191 0.00506536 0)
(50.0133 0.0061827 0)
(50.0316 0.00742047 0)
(50.0278 0.00874893 0)
(50.0489 0.0102194 0)
(50.0474 0.0117972 0)
(50.0719 0.0135291 0)
(50.0733 0.0153736 0)
(50.1017 0.0173711 0)
(50.1065 0.0194708 0)
(50.1392 0.0217042 0)
(50.1477 0.0240092 0)
(50.1853 0.026407 0)
(50.1979 0.0288242 0)
(50.2405 0.031272 0)
(49.9948 0.000139077 0)
(50.0062 0.000428175 0)
(49.9973 0.000715906 0)
(50.0108 0.00102662 0)
(50.0034 0.00134704 0)
(50.0192 0.00170122 0)
(50.0135 0.002075 0)
(50.0318 0.00249192 0)
(50.028 0.00293657 0)
(50.0492 0.0034315 0)
(50.0478 0.00395961 0)
(50.0724 0.00454194 0)
(50.0738 0.00515911 0)
(50.1023 0.0058301 0)
(50.1071 0.00653247 0)
(50.1399 0.00728216 0)
(50.1484 0.00805294 0)
(50.186 0.00885734 0)
(50.1987 0.00966529 0)
(50.2413 0.010486 0)
(47.2673 0.497617 0)
(44.2126 0.729593 0)
(41.267 0.753151 0)
(38.2818 0.713565 0)
(35.2647 0.678541 0)
(32.2477 0.654392 0)
(29.2813 0.626078 0)
(26.4017 0.585245 0)
(23.6686 0.528761 0)
(21.1276 0.459212 0)
(18.8519 0.376927 0)
(16.8657 0.284575 0)
(15.2255 0.190752 0)
(13.8996 0.106945 0)
(12.8954 0.0417088 0)
(12.1165 -0.00195545 0)
(11.56 -0.0273311 0)
(11.1199 -0.0399443 0)
(10.82 -0.0440724 0)
(10.5561 -0.0418429 0)
(10.3802 -0.0364979 0)
(10.1913 -0.0296687 0)
(10.0647 -0.0228417 0)
(9.89744 -0.0163441 0)
(9.78593 -0.0109257 0)
(9.6198 -0.00621062 0)
(9.51399 -0.00271281 0)
(9.34484 0.000252593 0)
(9.24572 0.00213923 0)
(9.07469 0.00384368 0)
(8.98575 0.00465605 0)
(8.81415 0.00563128 0)
(8.73846 0.0058349 0)
(8.56606 0.00644397 0)
(8.50594 0.00637703 0)
(8.3305 0.00678105 0)
(8.28843 0.00669982 0)
(8.1048 0.00702977 0)
(8.08544 0.00691798 0)
(7.88239 0.00995948 0)
(49.2389 0.859114 0)
(49.1006 1.26725 0)
(48.9315 1.36526 0)
(48.5775 1.35225 0)
(48.0498 1.33544 0)
(47.2929 1.33628 0)
(46.4015 1.33614 0)
(45.3318 1.31945 0)
(44.1981 1.27915 0)
(42.9396 1.21313 0)
(41.6949 1.12065 0)
(40.3784 1.00341 0)
(39.1564 0.869456 0)
(37.9089 0.729867 0)
(36.8148 0.597371 0)
(35.7041 0.480573 0)
(34.771 0.384487 0)
(33.8052 0.307691 0)
(33.0288 0.24856 0)
(32.1936 0.203336 0)
(31.5515 0.17072 0)
(30.8207 0.147771 0)
(30.2869 0.13254 0)
(29.631 0.121887 0)
(29.1813 0.114679 0)
(28.5774 0.108903 0)
(28.1962 0.104584 0)
(27.6287 0.100404 0)
(27.3073 0.0969712 0)
(26.7651 0.0932352 0)
(26.4993 0.0900822 0)
(25.9734 0.0865573 0)
(25.7613 0.0836318 0)
(25.2434 0.0804344 0)
(25.0845 0.077808 0)
(24.5656 0.0751925 0)
(24.4606 0.0728396 0)
(23.9312 0.0713614 0)
(23.881 0.0691956 0)
(23.3306 0.071363 0)
(49.3502 0.696017 0)
(49.3547 1.03477 0)
(49.5447 1.20452 0)
(49.6707 1.26009 0)
(49.8299 1.28767 0)
(49.8144 1.32255 0)
(49.8211 1.36305 0)
(49.6505 1.38998 0)
(49.5311 1.39418 0)
(49.227 1.3662 0)
(48.9947 1.30753 0)
(48.5654 1.21742 0)
(48.236 1.10647 0)
(47.707 0.981845 0)
(47.3169 0.8596 0)
(46.7289 0.745825 0)
(46.3196 0.650988 0)
(45.71 0.571641 0)
(45.3151 0.510819 0)
(44.709 0.460572 0)
(44.346 0.423923 0)
(43.752 0.3934 0)
(43.4243 0.372402 0)
(42.8379 0.352859 0)
(42.5429 0.339432 0)
(41.9586 0.324374 0)
(41.6948 0.313995 0)
(41.1084 0.300548 0)
(40.8762 0.291536 0)
(40.2848 0.278773 0)
(40.0861 0.270691 0)
(39.4873 0.258494 0)
(39.3245 0.251379 0)
(38.7157 0.239939 0)
(38.5914 0.233946 0)
(37.9693 0.223566 0)
(37.8858 0.218848 0)
(37.2468 0.210022 0)
(37.2054 0.207013 0)
(36.545 0.20108 0)
(49.4655 0.654657 0)
(49.4295 0.927493 0)
(49.6317 1.12635 0)
(49.7497 1.21843 0)
(50.0195 1.26282 0)
(50.1031 1.29523 0)
(50.3204 1.33397 0)
(50.3446 1.36305 0)
(50.5297 1.37643 0)
(50.5125 1.35933 0)
(50.6629 1.31642 0)
(50.584 1.24231 0)
(50.6729 1.15058 0)
(50.5098 1.04251 0)
(50.5265 0.936268 0)
(50.2824 0.832622 0)
(50.2435 0.74631 0)
(49.9436 0.670802 0)
(49.8793 0.614599 0)
(49.5515 0.566268 0)
(49.4846 0.533033 0)
(49.1432 0.502335 0)
(49.082 0.482931 0)
(48.7291 0.462217 0)
(48.6742 0.450266 0)
(48.3081 0.434302 0)
(48.2586 0.425753 0)
(47.8775 0.41165 0)
(47.8331 0.40457 0)
(47.4361 0.39115 0)
(47.3972 0.384852 0)
(46.9842 0.371831 0)
(46.9518 0.366227 0)
(46.523 0.353739 0)
(46.4984 0.348985 0)
(46.0542 0.337347 0)
(46.038 0.333733 0)
(45.579 0.323458 0)
(45.5715 0.321553 0)
(45.0981 0.313355 0)
(49.5569 0.641899 0)
(49.5071 0.866114 0)
(49.6965 1.06378 0)
(49.7779 1.17566 0)
(50.0499 1.2332 0)
(50.1353 1.26334 0)
(50.3807 1.29412 0)
(50.4317 1.31593 0)
(50.662 1.32807 0)
(50.7024 1.31306 0)
(50.925 1.27657 0)
(50.9429 1.21064 0)
(51.1323 1.13013 0)
(51.1003 1.03317 0)
(51.235 0.93823 0)
(51.143 0.843279 0)
(51.2264 0.764174 0)
(51.0887 0.693335 0)
(51.143 0.641184 0)
(50.9831 0.595486 0)
(51.0287 0.564693 0)
(50.8608 0.535619 0)
(50.9062 0.517741 0)
(50.7339 0.498333 0)
(50.7794 0.487747 0)
(50.6018 0.473392 0)
(50.6456 0.466319 0)
(50.461 0.454159 0)
(50.5011 0.448543 0)
(50.3084 0.437273 0)
(50.3433 0.432297 0)
(50.142 0.421544 0)
(50.171 0.417046 0)
(49.9612 0.406895 0)
(49.9838 0.40302 0)
(49.766 0.393779 0)
(49.7817 0.390861 0)
(49.5567 0.383034 0)
(49.565 0.3816 0)
(49.3337 0.375636 0)
(49.6239 0.631097 0)
(49.5878 0.820406 0)
(49.748 1.00001 0)
(49.8206 1.11899 0)
(50.06 1.18633 0)
(50.1579 1.21841 0)
(50.3824 1.24347 0)
(50.4564 1.259 0)
(50.6623 1.26792 0)
(50.7302 1.25424 0)
(50.929 1.22216 0)
(50.9874 1.16378 0)
(51.1616 1.0919 0)
(51.188 1.00486 0)
(51.3178 0.918569 0)
(51.3003 0.831711 0)
(51.3853 0.757923 0)
(51.3331 0.691708 0)
(51.3906 0.641766 0)
(51.3236 0.598572 0)
(51.372 0.5684 0)
(51.3039 0.541032 0)
(51.3517 0.523072 0)
(51.2865 0.505087 0)
(51.3347 0.494139 0)
(51.2719 0.481342 0)
(51.3186 0.473955 0)
(51.2565 0.463661 0)
(51.2997 0.457827 0)
(51.2369 0.448701 0)
(51.2749 0.443563 0)
(51.2104 0.435172 0)
(51.242 0.430533 0)
(51.1754 0.422909 0)
(51.1998 0.418905 0)
(51.131 0.41232 0)
(51.1476 0.409284 0)
(51.0765 0.40418 0)
(51.0849 0.402562 0)
(51.0118 0.399301 0)
(49.6748 0.619178 0)
(49.666 0.782389 0)
(49.7896 0.941102 0)
(49.8711 1.05963 0)
(50.0657 1.13299 0)
(50.1838 1.16957 0)
(50.3741 1.19223 0)
(50.4764 1.20376 0)
(50.6462 1.20909 0)
(50.7404 1.19661 0)
(50.8998 1.16804 0)
(50.9871 1.11712 0)
(51.1253 1.05281 0)
(51.1878 0.975148 0)
(51.2879 0.896231 0)
(51.3143 0.816904 0)
(51.3746 0.747406 0)
(51.3714 0.685389 0)
(51.4059 0.636713 0)
(51.3901 0.595533 0)
(51.4155 0.565116 0)
(51.4002 0.538929 0)
(51.4254 0.520124 0)
(51.4151 0.502977 0)
(51.4417 0.490927 0)
(51.4362 0.478951 0)
(51.4629 0.470528 0)
(51.4607 0.461257 0)
(51.486 0.454577 0)
(51.4857 0.446696 0)
(51.5082 0.440898 0)
(51.5088 0.433926 0)
(51.5276 0.428788 0)
(51.5285 0.422708 0)
(51.5429 0.418344 0)
(51.5436 0.413382 0)
(51.5533 0.4101 0)
(51.5535 0.406623 0)
(51.5584 0.404804 0)
(51.5582 0.403156 0)
(49.7191 0.606017 0)
(49.7359 0.749165 0)
(49.828 0.889612 0)
(49.9203 1.00272 0)
(50.075 1.07918 0)
(50.2077 1.12041 0)
(50.3676 1.14318 0)
(50.491 1.15287 0)
(50.6319 1.15523 0)
(50.7446 1.14359 0)
(50.8734 1.11787 0)
(50.978 1.07364 0)
(51.0883 1.0162 0)
(51.1714 0.947021 0)
(51.2493 0.874809 0)
(51.3004 0.802259 0)
(51.3429 0.736726 0)
(51.3666 0.678398 0)
(51.3851 0.630881 0)
(51.3959 0.591246 0)
(51.4055 0.560557 0)
(51.4157 0.535041 0)
(51.4251 0.515428 0)
(51.4396 0.498579 0)
(51.4509 0.485504 0)
(51.4699 0.473729 0)
(51.4824 0.464346 0)
(51.5046 0.455397 0)
(51.517 0.44797 0)
(51.5413 0.44058 0)
(51.5527 0.434252 0)
(51.5781 0.427904 0)
(51.5877 0.42242 0)
(51.6137 0.417047 0)
(51.621 0.412486 0)
(51.6472 0.408269 0)
(51.652 0.404894 0)
(51.6782 0.402135 0)
(51.6805 0.400274 0)
(51.7066 0.399296 0)
(49.7615 0.592022 0)
(49.7956 0.719256 0)
(49.8668 0.844313 0)
(49.9642 0.949749 0)
(50.0903 1.02641 0)
(50.2275 1.07133 0)
(50.3658 1.09541 0)
(50.4992 1.10478 0)
(50.6222 1.1052 0)
(50.7433 1.09405 0)
(50.8533 1.07059 0)
(50.9644 1.03188 0)
(51.0581 0.980616 0)
(51.1499 0.918909 0)
(51.2159 0.852968 0)
(51.279 0.786495 0)
(51.3138 0.724909 0)
(51.351 0.669927 0)
(51.3636 0.623822 0)
(51.3873 0.585493 0)
(51.3908 0.554838 0)
(51.4124 0.52974 0)
(51.4154 0.509648 0)
(51.4401 0.49285 0)
(51.445 0.479093 0)
(51.4733 0.467238 0)
(51.4798 0.457204 0)
(51.5107 0.448246 0)
(51.5176 0.440344 0)
(51.5502 0.433084 0)
(51.5567 0.426472 0)
(51.5903 0.420367 0)
(51.5959 0.414751 0)
(51.6298 0.409688 0)
(51.6341 0.405104 0)
(51.6681 0.401218 0)
(51.6709 0.39788 0)
(51.705 0.395421 0)
(51.7063 0.393612 0)
(51.7404 0.39287 0)
(49.803 0.577478 0)
(49.8465 0.691614 0)
(49.9056 0.803506 0)
(50.0026 0.900868 0)
(50.11 0.975295 0)
(50.2443 1.02253 0)
(50.3681 1.04821 0)
(50.5032 1.05821 0)
(50.6157 1.05772 0)
(50.7383 1.04694 0)
(50.8375 1.02526 0)
(50.9489 0.990965 0)
(51.0331 0.945182 0)
(51.1268 0.890046 0)
(51.1872 0.830033 0)
(51.2553 0.769122 0)
(51.2881 0.711523 0)
(51.3321 0.659704 0)
(51.3441 0.61528 0)
(51.3744 0.578193 0)
(51.3771 0.547879 0)
(51.4042 0.523136 0)
(51.4057 0.502864 0)
(51.4347 0.486067 0)
(51.438 0.471928 0)
(51.4698 0.459931 0)
(51.4744 0.449499 0)
(51.5084 0.44043 0)
(51.5136 0.432253 0)
(51.5489 0.424995 0)
(51.5539 0.418257 0)
(51.5899 0.412255 0)
(51.5942 0.406628 0)
(51.6305 0.401731 0)
(51.6338 0.397208 0)
(51.6703 0.393507 0)
(51.6724 0.390254 0)
(51.7088 0.387958 0)
(51.7098 0.386218 0)
(51.7463 0.385573 0)
(49.8429 0.562521 0)
(49.8907 0.665474 0)
(49.9432 0.766084 0)
(50.0369 0.85561 0)
(50.1318 0.926428 0)
(50.2597 0.97441 0)
(50.373 1.00151 0)
(50.5051 1.0126 0)
(50.6108 1.01209 0)
(50.7316 1.00179 0)
(50.8242 0.981638 0)
(50.9331 0.950891 0)
(51.0114 0.909915 0)
(51.104 0.860592 0)
(51.1614 0.806163 0)
(51.2314 0.750429 0)
(51.2644 0.696818 0)
(51.3123 0.648068 0)
(51.3258 0.605522 0)
(51.3601 0.5697 0)
(51.3641 0.53995 0)
(51.3943 0.515581 0)
(51.3964 0.495336 0)
(51.4277 0.478563 0)
(51.4309 0.464239 0)
(51.4645 0.452119 0)
(51.4688 0.441449 0)
(51.5042 0.432256 0)
(51.5089 0.423912 0)
(51.5454 0.416617 0)
(51.5499 0.409826 0)
(51.587 0.403876 0)
(51.5909 0.398286 0)
(51.6282 0.393499 0)
(51.6311 0.389062 0)
(51.6686 0.385489 0)
(51.6705 0.382333 0)
(51.708 0.380146 0)
(51.7088 0.378472 0)
(51.7464 0.377878 0)
(49.8804 0.547178 0)
(49.93 0.640362 0)
(49.9787 0.731269 0)
(50.0681 0.813349 0)
(50.154 0.879964 0)
(50.2745 0.927361 0)
(50.3791 0.955478 0)
(50.5064 0.967771 0)
(50.6067 0.967866 0)
(50.7244 0.958299 0)
(50.8122 0.939596 0)
(50.9178 0.9118 0)
(50.9917 0.875017 0)
(51.0823 0.83084 0)
(51.1377 0.781607 0)
(51.2084 0.730723 0)
(51.242 0.681036 0)
(51.2926 0.635302 0)
(51.3081 0.594759 0)
(51.3455 0.560254 0)
(51.3513 0.531217 0)
(51.3838 0.507272 0)
(51.387 0.487182 0)
(51.42 0.470478 0)
(51.4237 0.456094 0)
(51.4585 0.443896 0)
(51.463 0.433088 0)
(51.4993 0.42379 0)
(51.5041 0.415342 0)
(51.5413 0.408002 0)
(51.5457 0.401191 0)
(51.5834 0.395274 0)
(51.5872 0.389738 0)
(51.6251 0.385034 0)
(51.628 0.38069 0)
(51.6661 0.377217 0)
(51.6679 0.374156 0)
(51.7061 0.372052 0)
(51.7069 0.370441 0)
(51.7453 0.369879 0)
(49.9153 0.531444 0)
(49.9658 0.616008 0)
(50.0117 0.698466 0)
(50.097 0.77358 0)
(50.1757 0.835795 0)
(50.289 0.881711 0)
(50.386 0.910305 0)
(50.5078 0.923728 0)
(50.603 0.924796 0)
(50.7172 0.916223 0)
(50.8009 0.898986 0)
(50.9033 0.873748 0)
(50.9736 0.84062 0)
(51.062 0.800981 0)
(51.1157 0.756516 0)
(51.1864 0.710158 0)
(51.2207 0.66428 0)
(51.2734 0.621515 0)
(51.2908 0.583048 0)
(51.3307 0.549919 0)
(51.3384 0.5217 0)
(51.3731 0.498235 0)
(51.3775 0.478389 0)
(51.412 0.461809 0)
(51.4163 0.447448 0)
(51.4522 0.435226 0)
(51.457 0.424354 0)
(51.4941 0.414988 0)
(51.499 0.406479 0)
(51.5369 0.399107 0)
(51.5413 0.392294 0)
(51.5796 0.386409 0)
(51.5833 0.380931 0)
(51.6218 0.376304 0)
(51.6246 0.37205 0)
(51.6633 0.368668 0)
(51.6651 0.365696 0)
(51.704 0.363666 0)
(51.7047 0.362113 0)
(51.7438 0.361578 0)
(49.9475 0.515313 0)
(49.9984 0.592251 0)
(50.0422 0.66723 0)
(50.1238 0.735939 0)
(50.1964 0.793761 0)
(50.3033 0.837673 0)
(50.3933 0.866197 0)
(50.5095 0.880552 0)
(50.5996 0.882743 0)
(50.7102 0.87537 0)
(50.7902 0.859659 0)
(50.8896 0.836721 0)
(50.9568 0.806796 0)
(51.0432 0.771148 0)
(51.0951 0.731 0)
(51.1657 0.688836 0)
(51.2003 0.646606 0)
(51.2547 0.606752 0)
(51.2738 0.570398 0)
(51.3161 0.538702 0)
(51.3255 0.511381 0)
(51.3622 0.488463 0)
(51.3678 0.468929 0)
(51.4037 0.452529 0)
(51.4087 0.438258 0)
(51.4456 0.426071 0)
(51.4507 0.415193 0)
(51.4887 0.405805 0)
(51.4936 0.397273 0)
(51.5322 0.389894 0)
(51.5366 0.383096 0)
(51.5756 0.377251 0)
(51.5792 0.371834 0)
(51.6184 0.367286 0)
(51.6211 0.363119 0)
(51.6604 0.359827 0)
(51.6621 0.356938 0)
(51.7016 0.354981 0)
(51.7024 0.353478 0)
(51.7422 0.352973 0)
(49.9772 0.498801 0)
(50.0284 0.568962 0)
(50.0703 0.637253 0)
(50.1486 0.700126 0)
(50.216 0.753679 0)
(50.3171 0.795301 0)
(50.4007 0.823304 0)
(50.5116 0.838322 0)
(50.5967 0.84164 0)
(50.7036 0.835584 0)
(50.78 0.821452 0)
(50.8768 0.800646 0)
(50.941 0.773563 0)
(51.0255 0.741425 0)
(51.0759 0.705152 0)
(51.1462 0.66684 0)
(51.1809 0.628065 0)
(51.2367 0.591045 0)
(51.2572 0.556819 0)
(51.3016 0.526609 0)
(51.3125 0.500259 0)
(51.3512 0.477951 0)
(51.3579 0.458795 0)
(51.3952 0.442631 0)
(51.4009 0.428507 0)
(51.4388 0.41641 0)
(51.4442 0.405583 0)
(51.483 0.396222 0)
(51.4881 0.387706 0)
(51.5274 0.380347 0)
(51.5318 0.373581 0)
(51.5714 0.367788 0)
(51.575 0.362439 0)
(51.6148 0.357972 0)
(51.6174 0.353892 0)
(51.6574 0.350689 0)
(51.6591 0.347881 0)
(51.6992 0.345993 0)
(51.6999 0.344541 0)
(51.7404 0.344065 0)
(50.0046 0.48194 0)
(50.056 0.546038 0)
(50.0961 0.60832 0)
(50.1716 0.665879 0)
(50.2343 0.715359 0)
(50.3304 0.754546 0)
(50.4082 0.781703 0)
(50.5139 0.797091 0)
(50.5942 0.801443 0)
(50.6975 0.796738 0)
(50.7704 0.784213 0)
(50.8646 0.76542 0)
(50.9263 0.740894 0)
(51.0091 0.711862 0)
(51.0578 0.679052 0)
(51.1278 0.644254 0)
(51.1625 0.608723 0)
(51.2194 0.57444 0)
(51.241 0.542336 0)
(51.2873 0.513655 0)
(51.2997 0.488342 0)
(51.3401 0.46671 0)
(51.3479 0.447992 0)
(51.3866 0.432118 0)
(51.3929 0.418195 0)
(51.4318 0.40624 0)
(51.4376 0.395514 0)
(51.4771 0.386224 0)
(51.4824 0.377763 0)
(51.5223 0.370454 0)
(51.5269 0.363743 0)
(51.567 0.358013 0)
(51.5707 0.35274 0)
(51.611 0.348358 0)
(51.6137 0.344368 0)
(51.6542 0.341251 0)
(51.6559 0.338525 0)
(51.6966 0.336703 0)
(51.6974 0.3353 0)
(51.7384 0.334849 0)
(50.03 0.464763 0)
(50.0813 0.523399 0)
(50.1199 0.580265 0)
(50.1929 0.632976 0)
(50.2515 0.678616 0)
(50.343 0.715324 0)
(50.4154 0.74141 0)
(50.5164 0.756902 0)
(50.5921 0.762135 0)
(50.6918 0.758739 0)
(50.7614 0.747808 0)
(50.8531 0.730932 0)
(50.9124 0.708743 0)
(50.9936 0.682483 0)
(51.0408 0.652771 0)
(51.1104 0.621164 0)
(51.1449 0.588652 0)
(51.2027 0.556989 0)
(51.2252 0.526984 0)
(51.2732 0.499863 0)
(51.2869 0.475646 0)
(51.329 0.454754 0)
(51.3378 0.436533 0)
(51.3778 0.421001 0)
(51.3847 0.407328 0)
(51.4246 0.39556 0)
(51.4307 0.384981 0)
(51.471 0.375804 0)
(51.4765 0.367436 0)
(51.5171 0.360205 0)
(51.5217 0.353571 0)
(51.5625 0.347919 0)
(51.5662 0.342731 0)
(51.6071 0.338437 0)
(51.6098 0.334539 0)
(51.6509 0.331508 0)
(51.6525 0.328862 0)
(51.6939 0.327104 0)
(51.6946 0.32575 0)
(51.7363 0.325322 0)
(50.0533 0.447302 0)
(50.1047 0.500988 0)
(50.1417 0.552954 0)
(50.2124 0.601234 0)
(50.2674 0.643281 0)
(50.3548 0.677536 0)
(50.4225 0.702402 0)
(50.519 0.717773 0)
(50.5903 0.723705 0)
(50.6866 0.721522 0)
(50.7529 0.712134 0)
(50.8423 0.697085 0)
(50.8992 0.677054 0)
(50.979 0.653295 0)
(51.0249 0.626364 0)
(51.094 0.597649 0)
(51.1282 0.567931 0)
(51.1867 0.538755 0)
(51.2099 0.510805 0)
(51.2594 0.48526 0)
(51.2742 0.46219 0)
(51.3179 0.442095 0)
(51.3276 0.424429 0)
(51.3689 0.409288 0)
(51.3764 0.395909 0)
(51.4173 0.384369 0)
(51.4237 0.373979 0)
(51.4648 0.364952 0)
(51.4705 0.356713 0)
(51.5118 0.349587 0)
(51.5165 0.343054 0)
(51.5579 0.337493 0)
(51.5616 0.332402 0)
(51.6031 0.328199 0)
(51.6057 0.324397 0)
(51.6474 0.321452 0)
(51.6491 0.318887 0)
(51.6911 0.31719 0)
(51.6918 0.315884 0)
(51.7341 0.315476 0)
(50.0748 0.429583 0)
(50.1261 0.478764 0)
(50.1617 0.526281 0)
(50.2305 0.5705 0)
(50.2822 0.6092 0)
(50.366 0.641068 0)
(50.4293 0.664624 0)
(50.5217 0.679694 0)
(50.5888 0.686143 0)
(50.6818 0.685041 0)
(50.7449 0.677108 0)
(50.8321 0.663791 0)
(50.8868 0.645767 0)
(50.9653 0.624287 0)
(51.0098 0.599869 0)
(51.0785 0.573776 0)
(51.1123 0.546631 0)
(51.1714 0.519799 0)
(51.1952 0.493844 0)
(51.246 0.469876 0)
(51.2616 0.44799 0)
(51.3068 0.428745 0)
(51.3174 0.411688 0)
(51.36 0.396985 0)
(51.368 0.383943 0)
(51.4098 0.372668 0)
(51.4166 0.362501 0)
(51.4585 0.353659 0)
(51.4643 0.34558 0)
(51.5063 0.338588 0)
(51.5111 0.332177 0)
(51.5531 0.326724 0)
(51.5568 0.32174 0)
(51.5989 0.317635 0)
(51.6016 0.313932 0)
(51.6439 0.311073 0)
(51.6455 0.308589 0)
(51.6881 0.306953 0)
(51.6888 0.305694 0)
(51.7318 0.305305 0)
(50.0947 0.411627 0)
(50.1458 0.456691 0)
(50.1801 0.500152 0)
(50.247 0.540647 0)
(50.2958 0.576233 0)
(50.3764 0.605802 0)
(50.4356 0.628003 0)
(50.5244 0.642632 0)
(50.5876 0.649429 0)
(50.6774 0.64926 0)
(50.7375 0.642669 0)
(50.8225 0.630978 0)
(50.8751 0.614827 0)
(50.9523 0.595439 0)
(50.9955 0.573307 0)
(51.0638 0.549598 0)
(51.0972 0.524819 0)
(51.1568 0.500183 0)
(51.1809 0.476145 0)
(51.2328 0.45374 0)
(51.2493 0.433065 0)
(51.2958 0.414715 0)
(51.3073 0.398316 0)
(51.3509 0.384096 0)
(51.3596 0.37143 0)
(51.4023 0.360455 0)
(51.4094 0.350545 0)
(51.452 0.341917 0)
(51.458 0.334029 0)
(51.5007 0.327196 0)
(51.5056 0.320929 0)
(51.5482 0.3156 0)
(51.552 0.310735 0)
(51.5947 0.306736 0)
(51.5974 0.303135 0)
(51.6402 0.300365 0)
(51.6419 0.297962 0)
(51.685 0.296385 0)
(51.6857 0.295173 0)
(51.7293 0.294803 0)
(50.1129 0.393453 0)
(50.1639 0.434741 0)
(50.197 0.474492 0)
(50.2623 0.511564 0)
(50.3083 0.544253 0)
(50.386 0.571629 0)
(50.4416 0.592459 0)
(50.5271 0.606544 0)
(50.5865 0.61354 0)
(50.6734 0.614153 0)
(50.7306 0.608773 0)
(50.8136 0.598593 0)
(50.8641 0.584185 0)
(50.9401 0.566729 0)
(50.9821 0.546686 0)
(51.05 0.525154 0)
(51.0829 0.502549 0)
(51.1428 0.479964 0)
(51.1672 0.457757 0)
(51.22 0.436885 0)
(51.2372 0.417434 0)
(51.285 0.400016 0)
(51.2971 0.384319 0)
(51.3419 0.370625 0)
(51.3511 0.358373 0)
(51.3947 0.34773 0)
(51.4022 0.338106 0)
(51.4455 0.329721 0)
(51.4517 0.322049 0)
(51.495 0.3154 0)
(51.5 0.309299 0)
(51.5432 0.304111 0)
(51.547 0.299377 0)
(51.5903 0.295492 0)
(51.593 0.291999 0)
(51.6365 0.289319 0)
(51.6381 0.286998 0)
(51.6818 0.285481 0)
(51.6826 0.284315 0)
(51.7267 0.283963 0)
(50.1297 0.375077 0)
(50.1805 0.41289 0)
(50.2124 0.449234 0)
(50.2762 0.483153 0)
(50.3198 0.513149 0)
(50.3949 0.538439 0)
(50.4472 0.557909 0)
(50.5296 0.571373 0)
(50.5857 0.578439 0)
(50.6698 0.579689 0)
(50.7242 0.575386 0)
(50.8051 0.566591 0)
(50.8537 0.553799 0)
(50.9285 0.53813 0)
(50.9693 0.520008 0)
(51.0368 0.500472 0)
(51.0693 0.479868 0)
(51.1294 0.459194 0)
(51.154 0.438725 0)
(51.2077 0.419344 0)
(51.2254 0.401118 0)
(51.2743 0.384658 0)
(51.2871 0.369704 0)
(51.3329 0.356575 0)
(51.3426 0.344773 0)
(51.3871 0.334494 0)
(51.3949 0.325183 0)
(51.4389 0.317066 0)
(51.4453 0.309635 0)
(51.4892 0.303192 0)
(51.4943 0.297277 0)
(51.5381 0.292247 0)
(51.542 0.287657 0)
(51.5859 0.283894 0)
(51.5886 0.280515 0)
(51.6326 0.277928 0)
(51.6343 0.275692 0)
(51.6786 0.274235 0)
(51.6793 0.273115 0)
(51.724 0.272781 0)
(50.1451 0.356511 0)
(50.1957 0.391115 0)
(50.2265 0.424321 0)
(50.2889 0.455329 0)
(50.3303 0.482817 0)
(50.403 0.506133 0)
(50.4524 0.524266 0)
(50.5319 0.537056 0)
(50.5849 0.544084 0)
(50.6664 0.545838 0)
(50.7182 0.542476 0)
(50.7973 0.534936 0)
(50.844 0.523635 0)
(50.9177 0.509617 0)
(50.9573 0.493269 0)
(51.0244 0.475568 0)
(51.0563 0.456813 0)
(51.1167 0.437916 0)
(51.1413 0.419092 0)
(51.1957 0.401152 0)
(51.214 0.384141 0)
(51.2638 0.368657 0)
(51.2772 0.354476 0)
(51.324 0.341949 0)
(51.3341 0.330631 0)
(51.3795 0.320746 0)
(51.3876 0.311775 0)
(51.4323 0.30395 0)
(51.4389 0.296782 0)
(51.4834 0.290565 0)
(51.4886 0.284855 0)
(51.533 0.279998 0)
(51.537 0.275567 0)
(51.5814 0.271935 0)
(51.5842 0.268677 0)
(51.6287 0.266186 0)
(51.6304 0.264036 0)
(51.6752 0.26264 0)
(51.676 0.261568 0)
(51.7212 0.261251 0)
(50.1593 0.337764 0)
(50.2096 0.369396 0)
(50.2393 0.399701 0)
(50.3005 0.428016 0)
(50.3398 0.453166 0)
(50.4105 0.474614 0)
(50.4571 0.491444 0)
(50.5341 0.503522 0)
(50.5842 0.510423 0)
(50.6634 0.512561 0)
(50.7126 0.510009 0)
(50.7899 0.503597 0)
(50.8348 0.493662 0)
(50.9074 0.481167 0)
(50.9459 0.466458 0)
(51.0126 0.450452 0)
(51.044 0.433407 0)
(51.1046 0.416167 0)
(51.1292 0.398896 0)
(51.1842 0.382342 0)
(51.2028 0.366526 0)
(51.2535 0.352026 0)
(51.2674 0.338644 0)
(51.3152 0.32675 0)
(51.3258 0.31595 0)
(51.3719 0.306486 0)
(51.3803 0.297881 0)
(51.4257 0.290369 0)
(51.4325 0.283484 0)
(51.4776 0.277513 0)
(51.4829 0.272026 0)
(51.5279 0.267358 0)
(51.5319 0.263097 0)
(51.5769 0.259606 0)
(51.5797 0.256476 0)
(51.6248 0.254087 0)
(51.6265 0.252026 0)
(51.6718 0.250692 0)
(51.6726 0.249667 0)
(51.7184 0.249367 0)
(50.1722 0.318844 0)
(50.2222 0.347713 0)
(50.251 0.37533 0)
(50.311 0.401143 0)
(50.3485 0.424112 0)
(50.4173 0.443792 0)
(50.4614 0.459358 0)
(50.5361 0.470702 0)
(50.5836 0.477403 0)
(50.6605 0.479817 0)
(50.7075 0.477955 0)
(50.7831 0.472544 0)
(50.8263 0.463852 0)
(50.8978 0.452759 0)
(50.9352 0.439566 0)
(51.0015 0.425129 0)
(51.0324 0.409672 0)
(51.0931 0.393977 0)
(51.1176 0.378171 0)
(51.1732 0.362945 0)
(51.1921 0.348298 0)
(51.2436 0.334781 0)
(51.2579 0.322217 0)
(51.3065 0.310984 0)
(51.3175 0.300731 0)
(51.3644 0.291716 0)
(51.3731 0.2835 0)
(51.4192 0.276322 0)
(51.4261 0.26974 0)
(51.4718 0.264032 0)
(51.4772 0.258784 0)
(51.5228 0.254319 0)
(51.5268 0.250242 0)
(51.5723 0.246902 0)
(51.5752 0.243907 0)
(51.6208 0.241624 0)
(51.6225 0.239655 0)
(51.6684 0.238384 0)
(51.6691 0.237407 0)
(51.7155 0.237124 0)
(50.1839 0.299755 0)
(50.2338 0.326047 0)
(50.2615 0.351163 0)
(50.3206 0.374648 0)
(50.3563 0.395575 0)
(50.4234 0.413584 0)
(50.4653 0.427926 0)
(50.5379 0.438523 0)
(50.5829 0.444966 0)
(50.6579 0.447563 0)
(50.7027 0.446276 0)
(50.7767 0.441749 0)
(50.8182 0.434181 0)
(50.8888 0.424374 0)
(50.9252 0.412581 0)
(50.991 0.399598 0)
(51.0214 0.385619 0)
(51.0822 0.37137 0)
(51.1066 0.356947 0)
(51.1627 0.342989 0)
(51.1818 0.32948 0)
(51.234 0.316941 0)
(51.2487 0.305206 0)
(51.2981 0.294656 0)
(51.3094 0.284976 0)
(51.3571 0.276435 0)
(51.366 0.268632 0)
(51.4127 0.261808 0)
(51.4198 0.255547 0)
(51.4661 0.250117 0)
(51.4716 0.245124 0)
(51.5177 0.240876 0)
(51.5218 0.236994 0)
(51.5678 0.233815 0)
(51.5707 0.230964 0)
(51.6168 0.228792 0)
(51.6186 0.226919 0)
(51.665 0.225712 0)
(51.6657 0.224785 0)
(51.7126 0.224519 0)
(50.1946 0.280497 0)
(50.2442 0.304379 0)
(50.2711 0.327162 0)
(50.3292 0.348471 0)
(50.3634 0.367484 0)
(50.4289 0.383908 0)
(50.4687 0.39707 0)
(50.5395 0.406915 0)
(50.5823 0.41305 0)
(50.6555 0.415749 0)
(50.6982 0.414937 0)
(50.7708 0.41118 0)
(50.8108 0.404624 0)
(50.8804 0.395991 0)
(50.9157 0.38549 0)
(50.9812 0.373859 0)
(51.011 0.361258 0)
(51.0718 0.348363 0)
(51.0962 0.335247 0)
(51.1526 0.322501 0)
(51.1719 0.310096 0)
(51.2247 0.298522 0)
(51.2397 0.287623 0)
(51.2899 0.277773 0)
(51.3015 0.268688 0)
(51.3499 0.260646 0)
(51.359 0.253278 0)
(51.4064 0.246827 0)
(51.4136 0.240904 0)
(51.4604 0.235767 0)
(51.4661 0.231043 0)
(51.5126 0.227024 0)
(51.5168 0.223349 0)
(51.5634 0.220341 0)
(51.5663 0.21764 0)
(51.6129 0.215585 0)
(51.6146 0.213812 0)
(51.6615 0.212672 0)
(51.6623 0.211796 0)
(51.7096 0.211546 0)
(50.2043 0.261071 0)
(50.2536 0.28269 0)
(50.2797 0.303286 0)
(50.337 0.322557 0)
(50.3698 0.339769 0)
(50.4339 0.35469 0)
(50.4718 0.366714 0)
(50.5409 0.375805 0)
(50.5817 0.381595 0)
(50.6532 0.384325 0)
(50.6941 0.383895 0)
(50.7653 0.380806 0)
(50.8038 0.375155 0)
(50.8726 0.367591 0)
(50.9069 0.358283 0)
(50.972 0.347905 0)
(51.0013 0.336592 0)
(51.0621 0.324968 0)
(51.0863 0.31309 0)
(51.1431 0.301502 0)
(51.1625 0.290167 0)
(51.2159 0.279541 0)
(51.2311 0.269479 0)
(51.2819 0.260342 0)
(51.2939 0.251872 0)
(51.3429 0.24435 0)
(51.3522 0.237438 0)
(51.4002 0.231378 0)
(51.4076 0.225809 0)
(51.4549 0.220981 0)
(51.4606 0.216538 0)
(51.5077 0.212759 0)
(51.512 0.209304 0)
(51.559 0.206474 0)
(51.5619 0.203933 0)
(51.609 0.202 0)
(51.6108 0.200332 0)
(51.6582 0.19926 0)
(51.6589 0.198436 0)
(51.7067 0.198203 0)
(50.213 0.241473 0)
(50.2621 0.260958 0)
(50.2875 0.279499 0)
(50.3439 0.296852 0)
(50.3754 0.312366 0)
(50.4383 0.325857 0)
(50.4746 0.336781 0)
(50.5422 0.345123 0)
(50.5811 0.350535 0)
(50.6511 0.353236 0)
(50.6903 0.353108 0)
(50.7602 0.350592 0)
(50.7974 0.345747 0)
(50.8653 0.339154 0)
(50.8987 0.330943 0)
(50.9634 0.321729 0)
(50.9922 0.311622 0)
(51.053 0.301196 0)
(51.077 0.29049 0)
(51.1341 0.28001 0)
(51.1536 0.26971 0)
(51.2075 0.260015 0)
(51.223 0.250787 0)
(51.2744 0.242371 0)
(51.2865 0.234533 0)
(51.3361 0.227549 0)
(51.3457 0.221113 0)
(51.3942 0.215462 0)
(51.4017 0.210263 0)
(51.4496 0.205756 0)
(51.4554 0.201607 0)
(51.5029 0.198081 0)
(51.5073 0.194854 0)
(51.5547 0.192212 0)
(51.5577 0.189838 0)
(51.6052 0.188032 0)
(51.607 0.186473 0)
(51.6548 0.185473 0)
(51.6556 0.184703 0)
(51.7039 0.184487 0)
(50.2208 0.221697 0)
(50.2697 0.239163 0)
(50.2943 0.255765 0)
(50.3501 0.271307 0)
(50.3804 0.285212 0)
(50.4422 0.297339 0)
(50.477 0.307202 0)
(50.5432 0.314798 0)
(50.5805 0.319808 0)
(50.6491 0.322427 0)
(50.6867 0.322529 0)
(50.7555 0.3205 0)
(50.7914 0.316372 0)
(50.8586 0.310657 0)
(50.8912 0.303457 0)
(50.9554 0.295324 0)
(50.9837 0.286347 0)
(51.0445 0.27705 0)
(51.0683 0.26746 0)
(51.1257 0.25804 0)
(51.1452 0.248742 0)
(51.1996 0.239959 0)
(51.2152 0.23156 0)
(51.2671 0.223869 0)
(51.2795 0.216677 0)
(51.3297 0.210246 0)
(51.3394 0.204304 0)
(51.3885 0.199079 0)
(51.3961 0.194266 0)
(51.4445 0.190093 0)
(51.4503 0.186251 0)
(51.4983 0.182986 0)
(51.5027 0.179997 0)
(51.5506 0.177552 0)
(51.5536 0.175352 0)
(51.6016 0.173679 0)
(51.6034 0.172234 0)
(51.6516 0.171308 0)
(51.6524 0.170594 0)
(51.7011 0.170395 0)
(50.2278 0.201735 0)
(50.2765 0.217283 0)
(50.3005 0.232047 0)
(50.3556 0.24587 0)
(50.3849 0.258247 0)
(50.4457 0.269069 0)
(50.4791 0.277903 0)
(50.5441 0.284761 0)
(50.5799 0.289348 0)
(50.6473 0.291841 0)
(50.6835 0.292108 0)
(50.7513 0.290492 0)
(50.786 0.286997 0)
(50.8524 0.282078 0)
(50.8842 0.275807 0)
(50.9481 0.268679 0)
(50.9759 0.260763 0)
(51.0367 0.252532 0)
(51.0603 0.244005 0)
(51.1179 0.235603 0)
(51.1374 0.227276 0)
(51.1922 0.219386 0)
(51.2079 0.211808 0)
(51.2604 0.204846 0)
(51.2729 0.198309 0)
(51.3236 0.192448 0)
(51.3335 0.187015 0)
(51.383 0.182231 0)
(51.3908 0.177819 0)
(51.4396 0.173992 0)
(51.4455 0.170468 0)
(51.494 0.167475 0)
(51.4984 0.164734 0)
(51.5466 0.162492 0)
(51.5497 0.160474 0)
(51.5981 0.15894 0)
(51.5999 0.157613 0)
(51.6485 0.156763 0)
(51.6493 0.156108 0)
(51.6984 0.155925 0)
(50.234 0.181578 0)
(50.2825 0.195295 0)
(50.3059 0.208307 0)
(50.3605 0.220494 0)
(50.3888 0.231412 0)
(50.4487 0.24098 0)
(50.4809 0.248816 0)
(50.5448 0.254942 0)
(50.5793 0.259089 0)
(50.6456 0.261416 0)
(50.6806 0.261795 0)
(50.7474 0.260523 0)
(50.7811 0.257587 0)
(50.8468 0.253387 0)
(50.8778 0.247972 0)
(50.9414 0.24178 0)
(50.9688 0.234862 0)
(51.0295 0.227642 0)
(51.0529 0.220131 0)
(51.1107 0.212709 0)
(51.1302 0.205325 0)
(51.1853 0.198308 0)
(51.2012 0.191545 0)
(51.254 0.185312 0)
(51.2667 0.179438 0)
(51.3179 0.174157 0)
(51.328 0.16925 0)
(51.3779 0.164922 0)
(51.3858 0.160924 0)
(51.435 0.157456 0)
(51.441 0.154261 0)
(51.4898 0.151549 0)
(51.4943 0.149065 0)
(51.5429 0.147033 0)
(51.546 0.145203 0)
(51.5947 0.143813 0)
(51.5966 0.142609 0)
(51.6456 0.141839 0)
(51.6464 0.141244 0)
(51.6958 0.141078 0)
(50.2394 0.161213 0)
(50.2877 0.173173 0)
(50.3106 0.18451 0)
(50.3647 0.19513 0)
(50.3921 0.204648 0)
(50.4513 0.213005 0)
(50.4824 0.219871 0)
(50.5454 0.22527 0)
(50.5787 0.228964 0)
(50.6441 0.231093 0)
(50.6779 0.231535 0)
(50.7439 0.230547 0)
(50.7766 0.228106 0)
(50.8418 0.224557 0)
(50.8721 0.219931 0)
(50.9354 0.214612 0)
(50.9623 0.208635 0)
(51.023 0.202377 0)
(51.0462 0.195839 0)
(51.1042 0.189362 0)
(51.1236 0.182896 0)
(51.1791 0.176737 0)
(51.195 0.17078 0)
(51.2482 0.165276 0)
(51.2611 0.160072 0)
(51.3126 0.155382 0)
(51.3228 0.151013 0)
(51.3732 0.147153 0)
(51.3811 0.143584 0)
(51.4307 0.140487 0)
(51.4368 0.137632 0)
(51.486 0.135209 0)
(51.4905 0.13299 0)
(51.5395 0.131175 0)
(51.5426 0.12954 0)
(51.5917 0.128298 0)
(51.5935 0.127222 0)
(51.6429 0.126534 0)
(51.6437 0.126002 0)
(51.6935 0.125854 0)
(50.2441 0.140625 0)
(50.2922 0.150892 0)
(50.3146 0.160617 0)
(50.3683 0.169727 0)
(50.395 0.177896 0)
(50.4535 0.185081 0)
(50.4837 0.190998 0)
(50.5459 0.195675 0)
(50.5782 0.198904 0)
(50.6427 0.200807 0)
(50.6755 0.20127 0)
(50.7408 0.200516 0)
(50.7727 0.198511 0)
(50.8374 0.195553 0)
(50.867 0.191658 0)
(50.93 0.187155 0)
(50.9566 0.18207 0)
(51.0172 0.176729 0)
(51.0402 0.171128 0)
(51.0983 0.165566 0)
(51.1177 0.159997 0)
(51.1734 0.15468 0)
(51.1894 0.149523 0)
(51.243 0.144747 0)
(51.2559 0.140219 0)
(51.3079 0.136129 0)
(51.3182 0.13231 0)
(51.3689 0.128932 0)
(51.3769 0.125803 0)
(51.4268 0.123087 0)
(51.433 0.120583 0)
(51.4825 0.118459 0)
(51.487 0.116512 0)
(51.5363 0.114921 0)
(51.5394 0.113487 0)
(51.5888 0.112398 0)
(51.5907 0.111454 0)
(51.6404 0.11085 0)
(51.6412 0.110383 0)
(51.6913 0.110254 0)
(50.2481 0.119798 0)
(50.2961 0.128424 0)
(50.318 0.136587 0)
(50.3714 0.144236 0)
(50.3974 0.151096 0)
(50.4554 0.15714 0)
(50.4847 0.162127 0)
(50.5463 0.166086 0)
(50.5777 0.168839 0)
(50.6415 0.170491 0)
(50.6735 0.170942 0)
(50.7381 0.170375 0)
(50.7693 0.168759 0)
(50.8335 0.166338 0)
(50.8626 0.163123 0)
(50.9253 0.159389 0)
(50.9515 0.155153 0)
(51.0121 0.15069 0)
(51.035 0.145996 0)
(51.0932 0.141324 0)
(51.1126 0.136633 0)
(51.1685 0.132146 0)
(51.1845 0.127783 0)
(51.2384 0.123734 0)
(51.2514 0.119887 0)
(51.3036 0.116405 0)
(51.314 0.113148 0)
(51.365 0.110262 0)
(51.3732 0.107587 0)
(51.4234 0.105263 0)
(51.4296 0.10312 0)
(51.4794 0.101302 0)
(51.4839 0.0996356 0)
(51.5335 0.0982745 0)
(51.5366 0.0970474 0)
(51.5863 0.0961154 0)
(51.5882 0.0953071 0)
(51.6381 0.0947901 0)
(51.6389 0.0943902 0)
(51.6893 0.0942794 0)
(50.2514 0.0987137 0)
(50.2993 0.105737 0)
(50.3209 0.11238 0)
(50.3739 0.118605 0)
(50.3994 0.124189 0)
(50.4569 0.129114 0)
(50.4856 0.133186 0)
(50.5466 0.136429 0)
(50.5772 0.138697 0)
(50.6404 0.140079 0)
(50.6717 0.140486 0)
(50.7358 0.140071 0)
(50.7664 0.1388 0)
(50.8302 0.136874 0)
(50.8589 0.134295 0)
(50.9214 0.131289 0)
(50.9473 0.127865 0)
(51.0078 0.124249 0)
(51.0305 0.120435 0)
(51.0888 0.116632 0)
(51.1081 0.112806 0)
(51.1642 0.109139 0)
(51.1803 0.105566 0)
(51.2344 0.102246 0)
(51.2475 0.0990843 0)
(51.3 0.0962186 0)
(51.3104 0.0935329 0)
(51.3617 0.0911508 0)
(51.3699 0.0889404 0)
(51.4204 0.0870189 0)
(51.4267 0.0852467 0)
(51.4767 0.0837425 0)
(51.4813 0.0823649 0)
(51.5311 0.0812391 0)
(51.5342 0.0802246 0)
(51.5841 0.0794537 0)
(51.586 0.0787855 0)
(51.6362 0.0783577 0)
(51.637 0.0780273 0)
(51.6876 0.0779352 0)
(50.254 0.077349 0)
(50.3018 0.082799 0)
(50.3231 0.0879508 0)
(50.3759 0.0927792 0)
(50.401 0.0971106 0)
(50.4581 0.100935 0)
(50.4863 0.1041 0)
(50.5468 0.106628 0)
(50.5768 0.108404 0)
(50.6396 0.109497 0)
(50.6702 0.109838 0)
(50.734 0.109542 0)
(50.764 0.108584 0)
(50.8275 0.107117 0)
(50.8558 0.10514 0)
(50.9181 0.102828 0)
(50.9438 0.100188 0)
(51.0043 0.0973935 0)
(51.0268 0.0944403 0)
(51.0852 0.0914907 0)
(51.1045 0.0885179 0)
(51.1607 0.0856652 0)
(51.1768 0.0828816 0)
(51.2311 0.0802909 0)
(51.2442 0.0778203 0)
(51.297 0.0755779 0)
(51.3075 0.0734738 0)
(51.359 0.0716052 0)
(51.3672 0.0698702 0)
(51.4179 0.0683609 0)
(51.4242 0.0669689 0)
(51.4744 0.0657868 0)
(51.479 0.0647048 0)
(51.5291 0.0638201 0)
(51.5322 0.0630235 0)
(51.5823 0.0624175 0)
(51.5842 0.0618933 0)
(51.6346 0.061557 0)
(51.6354 0.0612982 0)
(51.6862 0.0612253 0)
(50.256 0.0556779 0)
(50.3038 0.0595732 0)
(50.3248 0.0632518 0)
(50.3774 0.0667012 0)
(50.4022 0.0697937 0)
(50.459 0.0725275 0)
(50.4867 0.0747901 0)
(50.5469 0.0766026 0)
(50.5765 0.0778786 0)
(50.6389 0.0786709 0)
(50.6691 0.0789252 0)
(50.7325 0.0787284 0)
(50.7622 0.0780559 0)
(50.8255 0.0770218 0)
(50.8534 0.0756206 0)
(50.9156 0.0739804 0)
(50.9411 0.072101 0)
(51.0016 0.0701113 0)
(51.024 0.0680038 0)
(51.0824 0.0658981 0)
(51.1017 0.063772 0)
(51.158 0.0617311 0)
(51.1741 0.0597363 0)
(51.2286 0.057879 0)
(51.2418 0.0561049 0)
(51.2946 0.0544939 0)
(51.3052 0.0529799 0)
(51.3569 0.051635 0)
(51.3652 0.0503848 0)
(51.416 0.0492973 0)
(51.4223 0.0482937 0)
(51.4727 0.0474416 0)
(51.4773 0.0466616 0)
(51.5275 0.0460239 0)
(51.5307 0.0454498 0)
(51.5809 0.045013 0)
(51.5828 0.0446355 0)
(51.6333 0.0443932 0)
(51.6341 0.0442075 0)
(51.685 0.0441549 0)
(50.2574 0.0336673 0)
(50.3051 0.0360146 0)
(50.326 0.0382254 0)
(50.3784 0.0403032 0)
(50.403 0.042161 0)
(50.4596 0.0438085 0)
(50.4871 0.045168 0)
(50.547 0.0462627 0)
(50.5763 0.0470305 0)
(50.6384 0.0475133 0)
(50.6684 0.0476677 0)
(50.7316 0.047556 0)
(50.7609 0.0471531 0)
(50.8241 0.0465373 0)
(50.8518 0.0456953 0)
(50.9139 0.0447139 0)
(50.9393 0.043583 0)
(50.9997 0.0423897 0)
(51.0221 0.0411202 0)
(51.0805 0.0398556 0)
(51.0998 0.0385736 0)
(51.1562 0.0373465 0)
(51.1723 0.0361425 0)
(51.2268 0.0350245 0)
(51.24 0.0339524 0)
(51.293 0.0329816 0)
(51.3036 0.0320655 0)
(51.3554 0.0312541 0)
(51.3637 0.0304968 0)
(51.4147 0.0298404 0)
(51.421 0.0292322 0)
(51.4715 0.0287179 0)
(51.4761 0.0282451 0)
(51.5264 0.0278603 0)
(51.5296 0.0275124 0)
(51.5799 0.0272489 0)
(51.5818 0.0270203 0)
(51.6324 0.0268745 0)
(51.6332 0.0267625 0)
(51.6843 0.0267314 0)
(50.2581 0.0112863 0)
(50.3057 0.012073 0)
(50.3266 0.0128112 0)
(50.379 0.0135075 0)
(50.4034 0.0141276 0)
(50.4599 0.0146799 0)
(50.4872 0.0151333 0)
(50.547 0.0155009 0)
(50.5762 0.0157568 0)
(50.6382 0.0159199 0)
(50.668 0.0159707 0)
(50.7311 0.0159351 0)
(50.7603 0.0157995 0)
(50.8233 0.0155952 0)
(50.851 0.0153127 0)
(50.9131 0.0149859 0)
(50.9383 0.0146066 0)
(50.9987 0.0142087 0)
(51.0211 0.0137829 0)
(51.0796 0.013361 0)
(51.0988 0.012931 0)
(51.1552 0.0125214 0)
(51.1714 0.0121175 0)
(51.226 0.0117443 0)
(51.2392 0.0113845 0)
(51.2922 0.0110603 0)
(51.3028 0.0107526 0)
(51.3547 0.0104815 0)
(51.363 0.010227 0)
(51.414 0.0100078 0)
(51.4204 0.00980326 0)
(51.4709 0.00963152 0)
(51.4755 0.00947253 0)
(51.5258 0.00934407 0)
(51.529 0.00922706 0)
(51.5794 0.00913918 0)
(51.5813 0.00906231 0)
(51.632 0.00901379 0)
(51.6328 0.00897632 0)
(51.6839 0.00896626 0)
)
;

boundaryField
{
    top
    {
        type            symmetryPlane;
    }
    bottom
    {
        type            symmetryPlane;
    }
    plate
    {
        type            noSlip;
    }
    left
    {
        type            uniformFixedValue;
        uniformValue    constant (50 0 0);
        value           uniform (50 0 0);
    }
    right
    {
        type            zeroGradient;
    }
    frontAndBack
    {
        type            empty;
    }
}


// ************************************************************************* //
