/*--------------------------------*- C++ -*----------------------------------*\
| =========                 |                                                 |
| \\      /  F ield         | OpenFOAM: The Open Source CFD Toolbox           |
|  \\    /   O peration     | Version:  v2012                                 |
|   \\  /    A nd           | Website:  www.openfoam.com                      |
|    \\/     M anipulation  |                                                 |
\*---------------------------------------------------------------------------*/
FoamFile
{
    version     2.0;
    format      ascii;
    class       labelList;
    note        "nPoints:19602  nCells:9600  nFaces:38600  nInternalFaces:19000";
    location    "constant/polyMesh";
    object      neighbour;
}
// * * * * * * * * * * * * * * * * * * * * * * * * * * * * * * * * * * * * * //


19000
(
1
40
2
41
3
42
4
43
5
44
6
45
7
46
8
47
9
48
10
49
11
50
12
51
13
52
14
53
15
54
16
55
17
56
18
57
19
58
20
59
21
60
22
61
23
62
24
63
25
64
26
65
27
66
28
67
29
68
30
69
31
70
32
71
33
72
34
73
35
74
36
75
37
76
38
77
39
78
79
3200
41
80
42
81
43
82
44
83
45
84
46
85
47
86
48
87
49
88
50
89
51
90
52
91
53
92
54
93
55
94
56
95
57
96
58
97
59
98
60
99
61
100
62
101
63
102
64
103
65
104
66
105
67
106
68
107
69
108
70
109
71
110
72
111
73
112
74
113
75
114
76
115
77
116
78
117
79
118
119
3280
81
120
82
121
83
122
84
123
85
124
86
125
87
126
88
127
89
128
90
129
91
130
92
131
93
132
94
133
95
134
96
135
97
136
98
137
99
138
100
139
101
140
102
141
103
142
104
143
105
144
106
145
107
146
108
147
109
148
110
149
111
150
112
151
113
152
114
153
115
154
116
155
117
156
118
157
119
158
159
3360
121
160
122
161
123
162
124
163
125
164
126
165
127
166
128
167
129
168
130
169
131
170
132
171
133
172
134
173
135
174
136
175
137
176
138
177
139
178
140
179
141
180
142
181
143
182
144
183
145
184
146
185
147
186
148
187
149
188
150
189
151
190
152
191
153
192
154
193
155
194
156
195
157
196
158
197
159
198
199
3440
161
200
162
201
163
202
164
203
165
204
166
205
167
206
168
207
169
208
170
209
171
210
172
211
173
212
174
213
175
214
176
215
177
216
178
217
179
218
180
219
181
220
182
221
183
222
184
223
185
224
186
225
187
226
188
227
189
228
190
229
191
230
192
231
193
232
194
233
195
234
196
235
197
236
198
237
199
238
239
3520
201
240
202
241
203
242
204
243
205
244
206
245
207
246
208
247
209
248
210
249
211
250
212
251
213
252
214
253
215
254
216
255
217
256
218
257
219
258
220
259
221
260
222
261
223
262
224
263
225
264
226
265
227
266
228
267
229
268
230
269
231
270
232
271
233
272
234
273
235
274
236
275
237
276
238
277
239
278
279
3600
241
280
242
281
243
282
244
283
245
284
246
285
247
286
248
287
249
288
250
289
251
290
252
291
253
292
254
293
255
294
256
295
257
296
258
297
259
298
260
299
261
300
262
301
263
302
264
303
265
304
266
305
267
306
268
307
269
308
270
309
271
310
272
311
273
312
274
313
275
314
276
315
277
316
278
317
279
318
319
3680
281
320
282
321
283
322
284
323
285
324
286
325
287
326
288
327
289
328
290
329
291
330
292
331
293
332
294
333
295
334
296
335
297
336
298
337
299
338
300
339
301
340
302
341
303
342
304
343
305
344
306
345
307
346
308
347
309
348
310
349
311
350
312
351
313
352
314
353
315
354
316
355
317
356
318
357
319
358
359
3760
321
360
322
361
323
362
324
363
325
364
326
365
327
366
328
367
329
368
330
369
331
370
332
371
333
372
334
373
335
374
336
375
337
376
338
377
339
378
340
379
341
380
342
381
343
382
344
383
345
384
346
385
347
386
348
387
349
388
350
389
351
390
352
391
353
392
354
393
355
394
356
395
357
396
358
397
359
398
399
3840
361
400
362
401
363
402
364
403
365
404
366
405
367
406
368
407
369
408
370
409
371
410
372
411
373
412
374
413
375
414
376
415
377
416
378
417
379
418
380
419
381
420
382
421
383
422
384
423
385
424
386
425
387
426
388
427
389
428
390
429
391
430
392
431
393
432
394
433
395
434
396
435
397
436
398
437
399
438
439
3920
401
440
402
441
403
442
404
443
405
444
406
445
407
446
408
447
409
448
410
449
411
450
412
451
413
452
414
453
415
454
416
455
417
456
418
457
419
458
420
459
421
460
422
461
423
462
424
463
425
464
426
465
427
466
428
467
429
468
430
469
431
470
432
471
433
472
434
473
435
474
436
475
437
476
438
477
439
478
479
4000
441
480
442
481
443
482
444
483
445
484
446
485
447
486
448
487
449
488
450
489
451
490
452
491
453
492
454
493
455
494
456
495
457
496
458
497
459
498
460
499
461
500
462
501
463
502
464
503
465
504
466
505
467
506
468
507
469
508
470
509
471
510
472
511
473
512
474
513
475
514
476
515
477
516
478
517
479
518
519
4080
481
520
482
521
483
522
484
523
485
524
486
525
487
526
488
527
489
528
490
529
491
530
492
531
493
532
494
533
495
534
496
535
497
536
498
537
499
538
500
539
501
540
502
541
503
542
504
543
505
544
506
545
507
546
508
547
509
548
510
549
511
550
512
551
513
552
514
553
515
554
516
555
517
556
518
557
519
558
559
4160
521
560
522
561
523
562
524
563
525
564
526
565
527
566
528
567
529
568
530
569
531
570
532
571
533
572
534
573
535
574
536
575
537
576
538
577
539
578
540
579
541
580
542
581
543
582
544
583
545
584
546
585
547
586
548
587
549
588
550
589
551
590
552
591
553
592
554
593
555
594
556
595
557
596
558
597
559
598
599
4240
561
600
562
601
563
602
564
603
565
604
566
605
567
606
568
607
569
608
570
609
571
610
572
611
573
612
574
613
575
614
576
615
577
616
578
617
579
618
580
619
581
620
582
621
583
622
584
623
585
624
586
625
587
626
588
627
589
628
590
629
591
630
592
631
593
632
594
633
595
634
596
635
597
636
598
637
599
638
639
4320
601
640
602
641
603
642
604
643
605
644
606
645
607
646
608
647
609
648
610
649
611
650
612
651
613
652
614
653
615
654
616
655
617
656
618
657
619
658
620
659
621
660
622
661
623
662
624
663
625
664
626
665
627
666
628
667
629
668
630
669
631
670
632
671
633
672
634
673
635
674
636
675
637
676
638
677
639
678
679
4400
641
680
642
681
643
682
644
683
645
684
646
685
647
686
648
687
649
688
650
689
651
690
652
691
653
692
654
693
655
694
656
695
657
696
658
697
659
698
660
699
661
700
662
701
663
702
664
703
665
704
666
705
667
706
668
707
669
708
670
709
671
710
672
711
673
712
674
713
675
714
676
715
677
716
678
717
679
718
719
4480
681
720
682
721
683
722
684
723
685
724
686
725
687
726
688
727
689
728
690
729
691
730
692
731
693
732
694
733
695
734
696
735
697
736
698
737
699
738
700
739
701
740
702
741
703
742
704
743
705
744
706
745
707
746
708
747
709
748
710
749
711
750
712
751
713
752
714
753
715
754
716
755
717
756
718
757
719
758
759
4560
721
760
722
761
723
762
724
763
725
764
726
765
727
766
728
767
729
768
730
769
731
770
732
771
733
772
734
773
735
774
736
775
737
776
738
777
739
778
740
779
741
780
742
781
743
782
744
783
745
784
746
785
747
786
748
787
749
788
750
789
751
790
752
791
753
792
754
793
755
794
756
795
757
796
758
797
759
798
799
4640
761
800
762
801
763
802
764
803
765
804
766
805
767
806
768
807
769
808
770
809
771
810
772
811
773
812
774
813
775
814
776
815
777
816
778
817
779
818
780
819
781
820
782
821
783
822
784
823
785
824
786
825
787
826
788
827
789
828
790
829
791
830
792
831
793
832
794
833
795
834
796
835
797
836
798
837
799
838
839
4720
801
840
802
841
803
842
804
843
805
844
806
845
807
846
808
847
809
848
810
849
811
850
812
851
813
852
814
853
815
854
816
855
817
856
818
857
819
858
820
859
821
860
822
861
823
862
824
863
825
864
826
865
827
866
828
867
829
868
830
869
831
870
832
871
833
872
834
873
835
874
836
875
837
876
838
877
839
878
879
4800
841
880
842
881
843
882
844
883
845
884
846
885
847
886
848
887
849
888
850
889
851
890
852
891
853
892
854
893
855
894
856
895
857
896
858
897
859
898
860
899
861
900
862
901
863
902
864
903
865
904
866
905
867
906
868
907
869
908
870
909
871
910
872
911
873
912
874
913
875
914
876
915
877
916
878
917
879
918
919
4880
881
920
882
921
883
922
884
923
885
924
886
925
887
926
888
927
889
928
890
929
891
930
892
931
893
932
894
933
895
934
896
935
897
936
898
937
899
938
900
939
901
940
902
941
903
942
904
943
905
944
906
945
907
946
908
947
909
948
910
949
911
950
912
951
913
952
914
953
915
954
916
955
917
956
918
957
919
958
959
4960
921
960
922
961
923
962
924
963
925
964
926
965
927
966
928
967
929
968
930
969
931
970
932
971
933
972
934
973
935
974
936
975
937
976
938
977
939
978
940
979
941
980
942
981
943
982
944
983
945
984
946
985
947
986
948
987
949
988
950
989
951
990
952
991
953
992
954
993
955
994
956
995
957
996
958
997
959
998
999
5040
961
1000
962
1001
963
1002
964
1003
965
1004
966
1005
967
1006
968
1007
969
1008
970
1009
971
1010
972
1011
973
1012
974
1013
975
1014
976
1015
977
1016
978
1017
979
1018
980
1019
981
1020
982
1021
983
1022
984
1023
985
1024
986
1025
987
1026
988
1027
989
1028
990
1029
991
1030
992
1031
993
1032
994
1033
995
1034
996
1035
997
1036
998
1037
999
1038
1039
5120
1001
1040
1002
1041
1003
1042
1004
1043
1005
1044
1006
1045
1007
1046
1008
1047
1009
1048
1010
1049
1011
1050
1012
1051
1013
1052
1014
1053
1015
1054
1016
1055
1017
1056
1018
1057
1019
1058
1020
1059
1021
1060
1022
1061
1023
1062
1024
1063
1025
1064
1026
1065
1027
1066
1028
1067
1029
1068
1030
1069
1031
1070
1032
1071
1033
1072
1034
1073
1035
1074
1036
1075
1037
1076
1038
1077
1039
1078
1079
5200
1041
1080
1042
1081
1043
1082
1044
1083
1045
1084
1046
1085
1047
1086
1048
1087
1049
1088
1050
1089
1051
1090
1052
1091
1053
1092
1054
1093
1055
1094
1056
1095
1057
1096
1058
1097
1059
1098
1060
1099
1061
1100
1062
1101
1063
1102
1064
1103
1065
1104
1066
1105
1067
1106
1068
1107
1069
1108
1070
1109
1071
1110
1072
1111
1073
1112
1074
1113
1075
1114
1076
1115
1077
1116
1078
1117
1079
1118
1119
5280
1081
1120
1082
1121
1083
1122
1084
1123
1085
1124
1086
1125
1087
1126
1088
1127
1089
1128
1090
1129
1091
1130
1092
1131
1093
1132
1094
1133
1095
1134
1096
1135
1097
1136
1098
1137
1099
1138
1100
1139
1101
1140
1102
1141
1103
1142
1104
1143
1105
1144
1106
1145
1107
1146
1108
1147
1109
1148
1110
1149
1111
1150
1112
1151
1113
1152
1114
1153
1115
1154
1116
1155
1117
1156
1118
1157
1119
1158
1159
5360
1121
1160
1122
1161
1123
1162
1124
1163
1125
1164
1126
1165
1127
1166
1128
1167
1129
1168
1130
1169
1131
1170
1132
1171
1133
1172
1134
1173
1135
1174
1136
1175
1137
1176
1138
1177
1139
1178
1140
1179
1141
1180
1142
1181
1143
1182
1144
1183
1145
1184
1146
1185
1147
1186
1148
1187
1149
1188
1150
1189
1151
1190
1152
1191
1153
1192
1154
1193
1155
1194
1156
1195
1157
1196
1158
1197
1159
1198
1199
5440
1161
1200
1162
1201
1163
1202
1164
1203
1165
1204
1166
1205
1167
1206
1168
1207
1169
1208
1170
1209
1171
1210
1172
1211
1173
1212
1174
1213
1175
1214
1176
1215
1177
1216
1178
1217
1179
1218
1180
1219
1181
1220
1182
1221
1183
1222
1184
1223
1185
1224
1186
1225
1187
1226
1188
1227
1189
1228
1190
1229
1191
1230
1192
1231
1193
1232
1194
1233
1195
1234
1196
1235
1197
1236
1198
1237
1199
1238
1239
5520
1201
1240
1202
1241
1203
1242
1204
1243
1205
1244
1206
1245
1207
1246
1208
1247
1209
1248
1210
1249
1211
1250
1212
1251
1213
1252
1214
1253
1215
1254
1216
1255
1217
1256
1218
1257
1219
1258
1220
1259
1221
1260
1222
1261
1223
1262
1224
1263
1225
1264
1226
1265
1227
1266
1228
1267
1229
1268
1230
1269
1231
1270
1232
1271
1233
1272
1234
1273
1235
1274
1236
1275
1237
1276
1238
1277
1239
1278
1279
5600
1241
1280
1242
1281
1243
1282
1244
1283
1245
1284
1246
1285
1247
1286
1248
1287
1249
1288
1250
1289
1251
1290
1252
1291
1253
1292
1254
1293
1255
1294
1256
1295
1257
1296
1258
1297
1259
1298
1260
1299
1261
1300
1262
1301
1263
1302
1264
1303
1265
1304
1266
1305
1267
1306
1268
1307
1269
1308
1270
1309
1271
1310
1272
1311
1273
1312
1274
1313
1275
1314
1276
1315
1277
1316
1278
1317
1279
1318
1319
5680
1281
1320
1282
1321
1283
1322
1284
1323
1285
1324
1286
1325
1287
1326
1288
1327
1289
1328
1290
1329
1291
1330
1292
1331
1293
1332
1294
1333
1295
1334
1296
1335
1297
1336
1298
1337
1299
1338
1300
1339
1301
1340
1302
1341
1303
1342
1304
1343
1305
1344
1306
1345
1307
1346
1308
1347
1309
1348
1310
1349
1311
1350
1312
1351
1313
1352
1314
1353
1315
1354
1316
1355
1317
1356
1318
1357
1319
1358
1359
5760
1321
1360
1322
1361
1323
1362
1324
1363
1325
1364
1326
1365
1327
1366
1328
1367
1329
1368
1330
1369
1331
1370
1332
1371
1333
1372
1334
1373
1335
1374
1336
1375
1337
1376
1338
1377
1339
1378
1340
1379
1341
1380
1342
1381
1343
1382
1344
1383
1345
1384
1346
1385
1347
1386
1348
1387
1349
1388
1350
1389
1351
1390
1352
1391
1353
1392
1354
1393
1355
1394
1356
1395
1357
1396
1358
1397
1359
1398
1399
5840
1361
1400
1362
1401
1363
1402
1364
1403
1365
1404
1366
1405
1367
1406
1368
1407
1369
1408
1370
1409
1371
1410
1372
1411
1373
1412
1374
1413
1375
1414
1376
1415
1377
1416
1378
1417
1379
1418
1380
1419
1381
1420
1382
1421
1383
1422
1384
1423
1385
1424
1386
1425
1387
1426
1388
1427
1389
1428
1390
1429
1391
1430
1392
1431
1393
1432
1394
1433
1395
1434
1396
1435
1397
1436
1398
1437
1399
1438
1439
5920
1401
1440
1402
1441
1403
1442
1404
1443
1405
1444
1406
1445
1407
1446
1408
1447
1409
1448
1410
1449
1411
1450
1412
1451
1413
1452
1414
1453
1415
1454
1416
1455
1417
1456
1418
1457
1419
1458
1420
1459
1421
1460
1422
1461
1423
1462
1424
1463
1425
1464
1426
1465
1427
1466
1428
1467
1429
1468
1430
1469
1431
1470
1432
1471
1433
1472
1434
1473
1435
1474
1436
1475
1437
1476
1438
1477
1439
1478
1479
6000
1441
1480
1442
1481
1443
1482
1444
1483
1445
1484
1446
1485
1447
1486
1448
1487
1449
1488
1450
1489
1451
1490
1452
1491
1453
1492
1454
1493
1455
1494
1456
1495
1457
1496
1458
1497
1459
1498
1460
1499
1461
1500
1462
1501
1463
1502
1464
1503
1465
1504
1466
1505
1467
1506
1468
1507
1469
1508
1470
1509
1471
1510
1472
1511
1473
1512
1474
1513
1475
1514
1476
1515
1477
1516
1478
1517
1479
1518
1519
6080
1481
1520
1482
1521
1483
1522
1484
1523
1485
1524
1486
1525
1487
1526
1488
1527
1489
1528
1490
1529
1491
1530
1492
1531
1493
1532
1494
1533
1495
1534
1496
1535
1497
1536
1498
1537
1499
1538
1500
1539
1501
1540
1502
1541
1503
1542
1504
1543
1505
1544
1506
1545
1507
1546
1508
1547
1509
1548
1510
1549
1511
1550
1512
1551
1513
1552
1514
1553
1515
1554
1516
1555
1517
1556
1518
1557
1519
1558
1559
6160
1521
1560
1522
1561
1523
1562
1524
1563
1525
1564
1526
1565
1527
1566
1528
1567
1529
1568
1530
1569
1531
1570
1532
1571
1533
1572
1534
1573
1535
1574
1536
1575
1537
1576
1538
1577
1539
1578
1540
1579
1541
1580
1542
1581
1543
1582
1544
1583
1545
1584
1546
1585
1547
1586
1548
1587
1549
1588
1550
1589
1551
1590
1552
1591
1553
1592
1554
1593
1555
1594
1556
1595
1557
1596
1558
1597
1559
1598
1599
6240
1561
1600
1562
1601
1563
1602
1564
1603
1565
1604
1566
1605
1567
1606
1568
1607
1569
1608
1570
1609
1571
1610
1572
1611
1573
1612
1574
1613
1575
1614
1576
1615
1577
1616
1578
1617
1579
1618
1580
1619
1581
1620
1582
1621
1583
1622
1584
1623
1585
1624
1586
1625
1587
1626
1588
1627
1589
1628
1590
1629
1591
1630
1592
1631
1593
1632
1594
1633
1595
1634
1596
1635
1597
1636
1598
1637
1599
1638
1639
6320
1601
1640
1602
1641
1603
1642
1604
1643
1605
1644
1606
1645
1607
1646
1608
1647
1609
1648
1610
1649
1611
1650
1612
1651
1613
1652
1614
1653
1615
1654
1616
1655
1617
1656
1618
1657
1619
1658
1620
1659
1621
1660
1622
1661
1623
1662
1624
1663
1625
1664
1626
1665
1627
1666
1628
1667
1629
1668
1630
1669
1631
1670
1632
1671
1633
1672
1634
1673
1635
1674
1636
1675
1637
1676
1638
1677
1639
1678
1679
6400
1641
1680
1642
1681
1643
1682
1644
1683
1645
1684
1646
1685
1647
1686
1648
1687
1649
1688
1650
1689
1651
1690
1652
1691
1653
1692
1654
1693
1655
1694
1656
1695
1657
1696
1658
1697
1659
1698
1660
1699
1661
1700
1662
1701
1663
1702
1664
1703
1665
1704
1666
1705
1667
1706
1668
1707
1669
1708
1670
1709
1671
1710
1672
1711
1673
1712
1674
1713
1675
1714
1676
1715
1677
1716
1678
1717
1679
1718
1719
6480
1681
1720
1682
1721
1683
1722
1684
1723
1685
1724
1686
1725
1687
1726
1688
1727
1689
1728
1690
1729
1691
1730
1692
1731
1693
1732
1694
1733
1695
1734
1696
1735
1697
1736
1698
1737
1699
1738
1700
1739
1701
1740
1702
1741
1703
1742
1704
1743
1705
1744
1706
1745
1707
1746
1708
1747
1709
1748
1710
1749
1711
1750
1712
1751
1713
1752
1714
1753
1715
1754
1716
1755
1717
1756
1718
1757
1719
1758
1759
6560
1721
1760
1722
1761
1723
1762
1724
1763
1725
1764
1726
1765
1727
1766
1728
1767
1729
1768
1730
1769
1731
1770
1732
1771
1733
1772
1734
1773
1735
1774
1736
1775
1737
1776
1738
1777
1739
1778
1740
1779
1741
1780
1742
1781
1743
1782
1744
1783
1745
1784
1746
1785
1747
1786
1748
1787
1749
1788
1750
1789
1751
1790
1752
1791
1753
1792
1754
1793
1755
1794
1756
1795
1757
1796
1758
1797
1759
1798
1799
6640
1761
1800
1762
1801
1763
1802
1764
1803
1765
1804
1766
1805
1767
1806
1768
1807
1769
1808
1770
1809
1771
1810
1772
1811
1773
1812
1774
1813
1775
1814
1776
1815
1777
1816
1778
1817
1779
1818
1780
1819
1781
1820
1782
1821
1783
1822
1784
1823
1785
1824
1786
1825
1787
1826
1788
1827
1789
1828
1790
1829
1791
1830
1792
1831
1793
1832
1794
1833
1795
1834
1796
1835
1797
1836
1798
1837
1799
1838
1839
6720
1801
1840
1802
1841
1803
1842
1804
1843
1805
1844
1806
1845
1807
1846
1808
1847
1809
1848
1810
1849
1811
1850
1812
1851
1813
1852
1814
1853
1815
1854
1816
1855
1817
1856
1818
1857
1819
1858
1820
1859
1821
1860
1822
1861
1823
1862
1824
1863
1825
1864
1826
1865
1827
1866
1828
1867
1829
1868
1830
1869
1831
1870
1832
1871
1833
1872
1834
1873
1835
1874
1836
1875
1837
1876
1838
1877
1839
1878
1879
6800
1841
1880
1842
1881
1843
1882
1844
1883
1845
1884
1846
1885
1847
1886
1848
1887
1849
1888
1850
1889
1851
1890
1852
1891
1853
1892
1854
1893
1855
1894
1856
1895
1857
1896
1858
1897
1859
1898
1860
1899
1861
1900
1862
1901
1863
1902
1864
1903
1865
1904
1866
1905
1867
1906
1868
1907
1869
1908
1870
1909
1871
1910
1872
1911
1873
1912
1874
1913
1875
1914
1876
1915
1877
1916
1878
1917
1879
1918
1919
6880
1881
1920
1882
1921
1883
1922
1884
1923
1885
1924
1886
1925
1887
1926
1888
1927
1889
1928
1890
1929
1891
1930
1892
1931
1893
1932
1894
1933
1895
1934
1896
1935
1897
1936
1898
1937
1899
1938
1900
1939
1901
1940
1902
1941
1903
1942
1904
1943
1905
1944
1906
1945
1907
1946
1908
1947
1909
1948
1910
1949
1911
1950
1912
1951
1913
1952
1914
1953
1915
1954
1916
1955
1917
1956
1918
1957
1919
1958
1959
6960
1921
1960
1922
1961
1923
1962
1924
1963
1925
1964
1926
1965
1927
1966
1928
1967
1929
1968
1930
1969
1931
1970
1932
1971
1933
1972
1934
1973
1935
1974
1936
1975
1937
1976
1938
1977
1939
1978
1940
1979
1941
1980
1942
1981
1943
1982
1944
1983
1945
1984
1946
1985
1947
1986
1948
1987
1949
1988
1950
1989
1951
1990
1952
1991
1953
1992
1954
1993
1955
1994
1956
1995
1957
1996
1958
1997
1959
1998
1999
7040
1961
2000
1962
2001
1963
2002
1964
2003
1965
2004
1966
2005
1967
2006
1968
2007
1969
2008
1970
2009
1971
2010
1972
2011
1973
2012
1974
2013
1975
2014
1976
2015
1977
2016
1978
2017
1979
2018
1980
2019
1981
2020
1982
2021
1983
2022
1984
2023
1985
2024
1986
2025
1987
2026
1988
2027
1989
2028
1990
2029
1991
2030
1992
2031
1993
2032
1994
2033
1995
2034
1996
2035
1997
2036
1998
2037
1999
2038
2039
7120
2001
2040
2002
2041
2003
2042
2004
2043
2005
2044
2006
2045
2007
2046
2008
2047
2009
2048
2010
2049
2011
2050
2012
2051
2013
2052
2014
2053
2015
2054
2016
2055
2017
2056
2018
2057
2019
2058
2020
2059
2021
2060
2022
2061
2023
2062
2024
2063
2025
2064
2026
2065
2027
2066
2028
2067
2029
2068
2030
2069
2031
2070
2032
2071
2033
2072
2034
2073
2035
2074
2036
2075
2037
2076
2038
2077
2039
2078
2079
7200
2041
2080
2042
2081
2043
2082
2044
2083
2045
2084
2046
2085
2047
2086
2048
2087
2049
2088
2050
2089
2051
2090
2052
2091
2053
2092
2054
2093
2055
2094
2056
2095
2057
2096
2058
2097
2059
2098
2060
2099
2061
2100
2062
2101
2063
2102
2064
2103
2065
2104
2066
2105
2067
2106
2068
2107
2069
2108
2070
2109
2071
2110
2072
2111
2073
2112
2074
2113
2075
2114
2076
2115
2077
2116
2078
2117
2079
2118
2119
7280
2081
2120
2082
2121
2083
2122
2084
2123
2085
2124
2086
2125
2087
2126
2088
2127
2089
2128
2090
2129
2091
2130
2092
2131
2093
2132
2094
2133
2095
2134
2096
2135
2097
2136
2098
2137
2099
2138
2100
2139
2101
2140
2102
2141
2103
2142
2104
2143
2105
2144
2106
2145
2107
2146
2108
2147
2109
2148
2110
2149
2111
2150
2112
2151
2113
2152
2114
2153
2115
2154
2116
2155
2117
2156
2118
2157
2119
2158
2159
7360
2121
2160
2122
2161
2123
2162
2124
2163
2125
2164
2126
2165
2127
2166
2128
2167
2129
2168
2130
2169
2131
2170
2132
2171
2133
2172
2134
2173
2135
2174
2136
2175
2137
2176
2138
2177
2139
2178
2140
2179
2141
2180
2142
2181
2143
2182
2144
2183
2145
2184
2146
2185
2147
2186
2148
2187
2149
2188
2150
2189
2151
2190
2152
2191
2153
2192
2154
2193
2155
2194
2156
2195
2157
2196
2158
2197
2159
2198
2199
7440
2161
2200
2162
2201
2163
2202
2164
2203
2165
2204
2166
2205
2167
2206
2168
2207
2169
2208
2170
2209
2171
2210
2172
2211
2173
2212
2174
2213
2175
2214
2176
2215
2177
2216
2178
2217
2179
2218
2180
2219
2181
2220
2182
2221
2183
2222
2184
2223
2185
2224
2186
2225
2187
2226
2188
2227
2189
2228
2190
2229
2191
2230
2192
2231
2193
2232
2194
2233
2195
2234
2196
2235
2197
2236
2198
2237
2199
2238
2239
7520
2201
2240
2202
2241
2203
2242
2204
2243
2205
2244
2206
2245
2207
2246
2208
2247
2209
2248
2210
2249
2211
2250
2212
2251
2213
2252
2214
2253
2215
2254
2216
2255
2217
2256
2218
2257
2219
2258
2220
2259
2221
2260
2222
2261
2223
2262
2224
2263
2225
2264
2226
2265
2227
2266
2228
2267
2229
2268
2230
2269
2231
2270
2232
2271
2233
2272
2234
2273
2235
2274
2236
2275
2237
2276
2238
2277
2239
2278
2279
7600
2241
2280
2242
2281
2243
2282
2244
2283
2245
2284
2246
2285
2247
2286
2248
2287
2249
2288
2250
2289
2251
2290
2252
2291
2253
2292
2254
2293
2255
2294
2256
2295
2257
2296
2258
2297
2259
2298
2260
2299
2261
2300
2262
2301
2263
2302
2264
2303
2265
2304
2266
2305
2267
2306
2268
2307
2269
2308
2270
2309
2271
2310
2272
2311
2273
2312
2274
2313
2275
2314
2276
2315
2277
2316
2278
2317
2279
2318
2319
7680
2281
2320
2282
2321
2283
2322
2284
2323
2285
2324
2286
2325
2287
2326
2288
2327
2289
2328
2290
2329
2291
2330
2292
2331
2293
2332
2294
2333
2295
2334
2296
2335
2297
2336
2298
2337
2299
2338
2300
2339
2301
2340
2302
2341
2303
2342
2304
2343
2305
2344
2306
2345
2307
2346
2308
2347
2309
2348
2310
2349
2311
2350
2312
2351
2313
2352
2314
2353
2315
2354
2316
2355
2317
2356
2318
2357
2319
2358
2359
7760
2321
2360
2322
2361
2323
2362
2324
2363
2325
2364
2326
2365
2327
2366
2328
2367
2329
2368
2330
2369
2331
2370
2332
2371
2333
2372
2334
2373
2335
2374
2336
2375
2337
2376
2338
2377
2339
2378
2340
2379
2341
2380
2342
2381
2343
2382
2344
2383
2345
2384
2346
2385
2347
2386
2348
2387
2349
2388
2350
2389
2351
2390
2352
2391
2353
2392
2354
2393
2355
2394
2356
2395
2357
2396
2358
2397
2359
2398
2399
7840
2361
2400
2362
2401
2363
2402
2364
2403
2365
2404
2366
2405
2367
2406
2368
2407
2369
2408
2370
2409
2371
2410
2372
2411
2373
2412
2374
2413
2375
2414
2376
2415
2377
2416
2378
2417
2379
2418
2380
2419
2381
2420
2382
2421
2383
2422
2384
2423
2385
2424
2386
2425
2387
2426
2388
2427
2389
2428
2390
2429
2391
2430
2392
2431
2393
2432
2394
2433
2395
2434
2396
2435
2397
2436
2398
2437
2399
2438
2439
7920
2401
2440
2402
2441
2403
2442
2404
2443
2405
2444
2406
2445
2407
2446
2408
2447
2409
2448
2410
2449
2411
2450
2412
2451
2413
2452
2414
2453
2415
2454
2416
2455
2417
2456
2418
2457
2419
2458
2420
2459
2421
2460
2422
2461
2423
2462
2424
2463
2425
2464
2426
2465
2427
2466
2428
2467
2429
2468
2430
2469
2431
2470
2432
2471
2433
2472
2434
2473
2435
2474
2436
2475
2437
2476
2438
2477
2439
2478
2479
8000
2441
2480
2442
2481
2443
2482
2444
2483
2445
2484
2446
2485
2447
2486
2448
2487
2449
2488
2450
2489
2451
2490
2452
2491
2453
2492
2454
2493
2455
2494
2456
2495
2457
2496
2458
2497
2459
2498
2460
2499
2461
2500
2462
2501
2463
2502
2464
2503
2465
2504
2466
2505
2467
2506
2468
2507
2469
2508
2470
2509
2471
2510
2472
2511
2473
2512
2474
2513
2475
2514
2476
2515
2477
2516
2478
2517
2479
2518
2519
8080
2481
2520
2482
2521
2483
2522
2484
2523
2485
2524
2486
2525
2487
2526
2488
2527
2489
2528
2490
2529
2491
2530
2492
2531
2493
2532
2494
2533
2495
2534
2496
2535
2497
2536
2498
2537
2499
2538
2500
2539
2501
2540
2502
2541
2503
2542
2504
2543
2505
2544
2506
2545
2507
2546
2508
2547
2509
2548
2510
2549
2511
2550
2512
2551
2513
2552
2514
2553
2515
2554
2516
2555
2517
2556
2518
2557
2519
2558
2559
8160
2521
2560
2522
2561
2523
2562
2524
2563
2525
2564
2526
2565
2527
2566
2528
2567
2529
2568
2530
2569
2531
2570
2532
2571
2533
2572
2534
2573
2535
2574
2536
2575
2537
2576
2538
2577
2539
2578
2540
2579
2541
2580
2542
2581
2543
2582
2544
2583
2545
2584
2546
2585
2547
2586
2548
2587
2549
2588
2550
2589
2551
2590
2552
2591
2553
2592
2554
2593
2555
2594
2556
2595
2557
2596
2558
2597
2559
2598
2599
8240
2561
2600
2562
2601
2563
2602
2564
2603
2565
2604
2566
2605
2567
2606
2568
2607
2569
2608
2570
2609
2571
2610
2572
2611
2573
2612
2574
2613
2575
2614
2576
2615
2577
2616
2578
2617
2579
2618
2580
2619
2581
2620
2582
2621
2583
2622
2584
2623
2585
2624
2586
2625
2587
2626
2588
2627
2589
2628
2590
2629
2591
2630
2592
2631
2593
2632
2594
2633
2595
2634
2596
2635
2597
2636
2598
2637
2599
2638
2639
8320
2601
2640
2602
2641
2603
2642
2604
2643
2605
2644
2606
2645
2607
2646
2608
2647
2609
2648
2610
2649
2611
2650
2612
2651
2613
2652
2614
2653
2615
2654
2616
2655
2617
2656
2618
2657
2619
2658
2620
2659
2621
2660
2622
2661
2623
2662
2624
2663
2625
2664
2626
2665
2627
2666
2628
2667
2629
2668
2630
2669
2631
2670
2632
2671
2633
2672
2634
2673
2635
2674
2636
2675
2637
2676
2638
2677
2639
2678
2679
8400
2641
2680
2642
2681
2643
2682
2644
2683
2645
2684
2646
2685
2647
2686
2648
2687
2649
2688
2650
2689
2651
2690
2652
2691
2653
2692
2654
2693
2655
2694
2656
2695
2657
2696
2658
2697
2659
2698
2660
2699
2661
2700
2662
2701
2663
2702
2664
2703
2665
2704
2666
2705
2667
2706
2668
2707
2669
2708
2670
2709
2671
2710
2672
2711
2673
2712
2674
2713
2675
2714
2676
2715
2677
2716
2678
2717
2679
2718
2719
8480
2681
2720
2682
2721
2683
2722
2684
2723
2685
2724
2686
2725
2687
2726
2688
2727
2689
2728
2690
2729
2691
2730
2692
2731
2693
2732
2694
2733
2695
2734
2696
2735
2697
2736
2698
2737
2699
2738
2700
2739
2701
2740
2702
2741
2703
2742
2704
2743
2705
2744
2706
2745
2707
2746
2708
2747
2709
2748
2710
2749
2711
2750
2712
2751
2713
2752
2714
2753
2715
2754
2716
2755
2717
2756
2718
2757
2719
2758
2759
8560
2721
2760
2722
2761
2723
2762
2724
2763
2725
2764
2726
2765
2727
2766
2728
2767
2729
2768
2730
2769
2731
2770
2732
2771
2733
2772
2734
2773
2735
2774
2736
2775
2737
2776
2738
2777
2739
2778
2740
2779
2741
2780
2742
2781
2743
2782
2744
2783
2745
2784
2746
2785
2747
2786
2748
2787
2749
2788
2750
2789
2751
2790
2752
2791
2753
2792
2754
2793
2755
2794
2756
2795
2757
2796
2758
2797
2759
2798
2799
8640
2761
2800
2762
2801
2763
2802
2764
2803
2765
2804
2766
2805
2767
2806
2768
2807
2769
2808
2770
2809
2771
2810
2772
2811
2773
2812
2774
2813
2775
2814
2776
2815
2777
2816
2778
2817
2779
2818
2780
2819
2781
2820
2782
2821
2783
2822
2784
2823
2785
2824
2786
2825
2787
2826
2788
2827
2789
2828
2790
2829
2791
2830
2792
2831
2793
2832
2794
2833
2795
2834
2796
2835
2797
2836
2798
2837
2799
2838
2839
8720
2801
2840
2802
2841
2803
2842
2804
2843
2805
2844
2806
2845
2807
2846
2808
2847
2809
2848
2810
2849
2811
2850
2812
2851
2813
2852
2814
2853
2815
2854
2816
2855
2817
2856
2818
2857
2819
2858
2820
2859
2821
2860
2822
2861
2823
2862
2824
2863
2825
2864
2826
2865
2827
2866
2828
2867
2829
2868
2830
2869
2831
2870
2832
2871
2833
2872
2834
2873
2835
2874
2836
2875
2837
2876
2838
2877
2839
2878
2879
8800
2841
2880
2842
2881
2843
2882
2844
2883
2845
2884
2846
2885
2847
2886
2848
2887
2849
2888
2850
2889
2851
2890
2852
2891
2853
2892
2854
2893
2855
2894
2856
2895
2857
2896
2858
2897
2859
2898
2860
2899
2861
2900
2862
2901
2863
2902
2864
2903
2865
2904
2866
2905
2867
2906
2868
2907
2869
2908
2870
2909
2871
2910
2872
2911
2873
2912
2874
2913
2875
2914
2876
2915
2877
2916
2878
2917
2879
2918
2919
8880
2881
2920
2882
2921
2883
2922
2884
2923
2885
2924
2886
2925
2887
2926
2888
2927
2889
2928
2890
2929
2891
2930
2892
2931
2893
2932
2894
2933
2895
2934
2896
2935
2897
2936
2898
2937
2899
2938
2900
2939
2901
2940
2902
2941
2903
2942
2904
2943
2905
2944
2906
2945
2907
2946
2908
2947
2909
2948
2910
2949
2911
2950
2912
2951
2913
2952
2914
2953
2915
2954
2916
2955
2917
2956
2918
2957
2919
2958
2959
8960
2921
2960
2922
2961
2923
2962
2924
2963
2925
2964
2926
2965
2927
2966
2928
2967
2929
2968
2930
2969
2931
2970
2932
2971
2933
2972
2934
2973
2935
2974
2936
2975
2937
2976
2938
2977
2939
2978
2940
2979
2941
2980
2942
2981
2943
2982
2944
2983
2945
2984
2946
2985
2947
2986
2948
2987
2949
2988
2950
2989
2951
2990
2952
2991
2953
2992
2954
2993
2955
2994
2956
2995
2957
2996
2958
2997
2959
2998
2999
9040
2961
3000
2962
3001
2963
3002
2964
3003
2965
3004
2966
3005
2967
3006
2968
3007
2969
3008
2970
3009
2971
3010
2972
3011
2973
3012
2974
3013
2975
3014
2976
3015
2977
3016
2978
3017
2979
3018
2980
3019
2981
3020
2982
3021
2983
3022
2984
3023
2985
3024
2986
3025
2987
3026
2988
3027
2989
3028
2990
3029
2991
3030
2992
3031
2993
3032
2994
3033
2995
3034
2996
3035
2997
3036
2998
3037
2999
3038
3039
9120
3001
3040
3002
3041
3003
3042
3004
3043
3005
3044
3006
3045
3007
3046
3008
3047
3009
3048
3010
3049
3011
3050
3012
3051
3013
3052
3014
3053
3015
3054
3016
3055
3017
3056
3018
3057
3019
3058
3020
3059
3021
3060
3022
3061
3023
3062
3024
3063
3025
3064
3026
3065
3027
3066
3028
3067
3029
3068
3030
3069
3031
3070
3032
3071
3033
3072
3034
3073
3035
3074
3036
3075
3037
3076
3038
3077
3039
3078
3079
9200
3041
3080
3042
3081
3043
3082
3044
3083
3045
3084
3046
3085
3047
3086
3048
3087
3049
3088
3050
3089
3051
3090
3052
3091
3053
3092
3054
3093
3055
3094
3056
3095
3057
3096
3058
3097
3059
3098
3060
3099
3061
3100
3062
3101
3063
3102
3064
3103
3065
3104
3066
3105
3067
3106
3068
3107
3069
3108
3070
3109
3071
3110
3072
3111
3073
3112
3074
3113
3075
3114
3076
3115
3077
3116
3078
3117
3079
3118
3119
9280
3081
3120
3082
3121
3083
3122
3084
3123
3085
3124
3086
3125
3087
3126
3088
3127
3089
3128
3090
3129
3091
3130
3092
3131
3093
3132
3094
3133
3095
3134
3096
3135
3097
3136
3098
3137
3099
3138
3100
3139
3101
3140
3102
3141
3103
3142
3104
3143
3105
3144
3106
3145
3107
3146
3108
3147
3109
3148
3110
3149
3111
3150
3112
3151
3113
3152
3114
3153
3115
3154
3116
3155
3117
3156
3118
3157
3119
3158
3159
9360
3121
3160
3122
3161
3123
3162
3124
3163
3125
3164
3126
3165
3127
3166
3128
3167
3129
3168
3130
3169
3131
3170
3132
3171
3133
3172
3134
3173
3135
3174
3136
3175
3137
3176
3138
3177
3139
3178
3140
3179
3141
3180
3142
3181
3143
3182
3144
3183
3145
3184
3146
3185
3147
3186
3148
3187
3149
3188
3150
3189
3151
3190
3152
3191
3153
3192
3154
3193
3155
3194
3156
3195
3157
3196
3158
3197
3159
3198
3199
9440
3161
3162
3163
3164
3165
3166
3167
3168
3169
3170
3171
3172
3173
3174
3175
3176
3177
3178
3179
3180
3181
3182
3183
3184
3185
3186
3187
3188
3189
3190
3191
3192
3193
3194
3195
3196
3197
3198
3199
9520
3201
3280
3202
3281
3203
3282
3204
3283
3205
3284
3206
3285
3207
3286
3208
3287
3209
3288
3210
3289
3211
3290
3212
3291
3213
3292
3214
3293
3215
3294
3216
3295
3217
3296
3218
3297
3219
3298
3220
3299
3221
3300
3222
3301
3223
3302
3224
3303
3225
3304
3226
3305
3227
3306
3228
3307
3229
3308
3230
3309
3231
3310
3232
3311
3233
3312
3234
3313
3235
3314
3236
3315
3237
3316
3238
3317
3239
3318
3240
3319
3241
3320
3242
3321
3243
3322
3244
3323
3245
3324
3246
3325
3247
3326
3248
3327
3249
3328
3250
3329
3251
3330
3252
3331
3253
3332
3254
3333
3255
3334
3256
3335
3257
3336
3258
3337
3259
3338
3260
3339
3261
3340
3262
3341
3263
3342
3264
3343
3265
3344
3266
3345
3267
3346
3268
3347
3269
3348
3270
3349
3271
3350
3272
3351
3273
3352
3274
3353
3275
3354
3276
3355
3277
3356
3278
3357
3279
3358
3359
3281
3360
3282
3361
3283
3362
3284
3363
3285
3364
3286
3365
3287
3366
3288
3367
3289
3368
3290
3369
3291
3370
3292
3371
3293
3372
3294
3373
3295
3374
3296
3375
3297
3376
3298
3377
3299
3378
3300
3379
3301
3380
3302
3381
3303
3382
3304
3383
3305
3384
3306
3385
3307
3386
3308
3387
3309
3388
3310
3389
3311
3390
3312
3391
3313
3392
3314
3393
3315
3394
3316
3395
3317
3396
3318
3397
3319
3398
3320
3399
3321
3400
3322
3401
3323
3402
3324
3403
3325
3404
3326
3405
3327
3406
3328
3407
3329
3408
3330
3409
3331
3410
3332
3411
3333
3412
3334
3413
3335
3414
3336
3415
3337
3416
3338
3417
3339
3418
3340
3419
3341
3420
3342
3421
3343
3422
3344
3423
3345
3424
3346
3425
3347
3426
3348
3427
3349
3428
3350
3429
3351
3430
3352
3431
3353
3432
3354
3433
3355
3434
3356
3435
3357
3436
3358
3437
3359
3438
3439
3361
3440
3362
3441
3363
3442
3364
3443
3365
3444
3366
3445
3367
3446
3368
3447
3369
3448
3370
3449
3371
3450
3372
3451
3373
3452
3374
3453
3375
3454
3376
3455
3377
3456
3378
3457
3379
3458
3380
3459
3381
3460
3382
3461
3383
3462
3384
3463
3385
3464
3386
3465
3387
3466
3388
3467
3389
3468
3390
3469
3391
3470
3392
3471
3393
3472
3394
3473
3395
3474
3396
3475
3397
3476
3398
3477
3399
3478
3400
3479
3401
3480
3402
3481
3403
3482
3404
3483
3405
3484
3406
3485
3407
3486
3408
3487
3409
3488
3410
3489
3411
3490
3412
3491
3413
3492
3414
3493
3415
3494
3416
3495
3417
3496
3418
3497
3419
3498
3420
3499
3421
3500
3422
3501
3423
3502
3424
3503
3425
3504
3426
3505
3427
3506
3428
3507
3429
3508
3430
3509
3431
3510
3432
3511
3433
3512
3434
3513
3435
3514
3436
3515
3437
3516
3438
3517
3439
3518
3519
3441
3520
3442
3521
3443
3522
3444
3523
3445
3524
3446
3525
3447
3526
3448
3527
3449
3528
3450
3529
3451
3530
3452
3531
3453
3532
3454
3533
3455
3534
3456
3535
3457
3536
3458
3537
3459
3538
3460
3539
3461
3540
3462
3541
3463
3542
3464
3543
3465
3544
3466
3545
3467
3546
3468
3547
3469
3548
3470
3549
3471
3550
3472
3551
3473
3552
3474
3553
3475
3554
3476
3555
3477
3556
3478
3557
3479
3558
3480
3559
3481
3560
3482
3561
3483
3562
3484
3563
3485
3564
3486
3565
3487
3566
3488
3567
3489
3568
3490
3569
3491
3570
3492
3571
3493
3572
3494
3573
3495
3574
3496
3575
3497
3576
3498
3577
3499
3578
3500
3579
3501
3580
3502
3581
3503
3582
3504
3583
3505
3584
3506
3585
3507
3586
3508
3587
3509
3588
3510
3589
3511
3590
3512
3591
3513
3592
3514
3593
3515
3594
3516
3595
3517
3596
3518
3597
3519
3598
3599
3521
3600
3522
3601
3523
3602
3524
3603
3525
3604
3526
3605
3527
3606
3528
3607
3529
3608
3530
3609
3531
3610
3532
3611
3533
3612
3534
3613
3535
3614
3536
3615
3537
3616
3538
3617
3539
3618
3540
3619
3541
3620
3542
3621
3543
3622
3544
3623
3545
3624
3546
3625
3547
3626
3548
3627
3549
3628
3550
3629
3551
3630
3552
3631
3553
3632
3554
3633
3555
3634
3556
3635
3557
3636
3558
3637
3559
3638
3560
3639
3561
3640
3562
3641
3563
3642
3564
3643
3565
3644
3566
3645
3567
3646
3568
3647
3569
3648
3570
3649
3571
3650
3572
3651
3573
3652
3574
3653
3575
3654
3576
3655
3577
3656
3578
3657
3579
3658
3580
3659
3581
3660
3582
3661
3583
3662
3584
3663
3585
3664
3586
3665
3587
3666
3588
3667
3589
3668
3590
3669
3591
3670
3592
3671
3593
3672
3594
3673
3595
3674
3596
3675
3597
3676
3598
3677
3599
3678
3679
3601
3680
3602
3681
3603
3682
3604
3683
3605
3684
3606
3685
3607
3686
3608
3687
3609
3688
3610
3689
3611
3690
3612
3691
3613
3692
3614
3693
3615
3694
3616
3695
3617
3696
3618
3697
3619
3698
3620
3699
3621
3700
3622
3701
3623
3702
3624
3703
3625
3704
3626
3705
3627
3706
3628
3707
3629
3708
3630
3709
3631
3710
3632
3711
3633
3712
3634
3713
3635
3714
3636
3715
3637
3716
3638
3717
3639
3718
3640
3719
3641
3720
3642
3721
3643
3722
3644
3723
3645
3724
3646
3725
3647
3726
3648
3727
3649
3728
3650
3729
3651
3730
3652
3731
3653
3732
3654
3733
3655
3734
3656
3735
3657
3736
3658
3737
3659
3738
3660
3739
3661
3740
3662
3741
3663
3742
3664
3743
3665
3744
3666
3745
3667
3746
3668
3747
3669
3748
3670
3749
3671
3750
3672
3751
3673
3752
3674
3753
3675
3754
3676
3755
3677
3756
3678
3757
3679
3758
3759
3681
3760
3682
3761
3683
3762
3684
3763
3685
3764
3686
3765
3687
3766
3688
3767
3689
3768
3690
3769
3691
3770
3692
3771
3693
3772
3694
3773
3695
3774
3696
3775
3697
3776
3698
3777
3699
3778
3700
3779
3701
3780
3702
3781
3703
3782
3704
3783
3705
3784
3706
3785
3707
3786
3708
3787
3709
3788
3710
3789
3711
3790
3712
3791
3713
3792
3714
3793
3715
3794
3716
3795
3717
3796
3718
3797
3719
3798
3720
3799
3721
3800
3722
3801
3723
3802
3724
3803
3725
3804
3726
3805
3727
3806
3728
3807
3729
3808
3730
3809
3731
3810
3732
3811
3733
3812
3734
3813
3735
3814
3736
3815
3737
3816
3738
3817
3739
3818
3740
3819
3741
3820
3742
3821
3743
3822
3744
3823
3745
3824
3746
3825
3747
3826
3748
3827
3749
3828
3750
3829
3751
3830
3752
3831
3753
3832
3754
3833
3755
3834
3756
3835
3757
3836
3758
3837
3759
3838
3839
3761
3840
3762
3841
3763
3842
3764
3843
3765
3844
3766
3845
3767
3846
3768
3847
3769
3848
3770
3849
3771
3850
3772
3851
3773
3852
3774
3853
3775
3854
3776
3855
3777
3856
3778
3857
3779
3858
3780
3859
3781
3860
3782
3861
3783
3862
3784
3863
3785
3864
3786
3865
3787
3866
3788
3867
3789
3868
3790
3869
3791
3870
3792
3871
3793
3872
3794
3873
3795
3874
3796
3875
3797
3876
3798
3877
3799
3878
3800
3879
3801
3880
3802
3881
3803
3882
3804
3883
3805
3884
3806
3885
3807
3886
3808
3887
3809
3888
3810
3889
3811
3890
3812
3891
3813
3892
3814
3893
3815
3894
3816
3895
3817
3896
3818
3897
3819
3898
3820
3899
3821
3900
3822
3901
3823
3902
3824
3903
3825
3904
3826
3905
3827
3906
3828
3907
3829
3908
3830
3909
3831
3910
3832
3911
3833
3912
3834
3913
3835
3914
3836
3915
3837
3916
3838
3917
3839
3918
3919
3841
3920
3842
3921
3843
3922
3844
3923
3845
3924
3846
3925
3847
3926
3848
3927
3849
3928
3850
3929
3851
3930
3852
3931
3853
3932
3854
3933
3855
3934
3856
3935
3857
3936
3858
3937
3859
3938
3860
3939
3861
3940
3862
3941
3863
3942
3864
3943
3865
3944
3866
3945
3867
3946
3868
3947
3869
3948
3870
3949
3871
3950
3872
3951
3873
3952
3874
3953
3875
3954
3876
3955
3877
3956
3878
3957
3879
3958
3880
3959
3881
3960
3882
3961
3883
3962
3884
3963
3885
3964
3886
3965
3887
3966
3888
3967
3889
3968
3890
3969
3891
3970
3892
3971
3893
3972
3894
3973
3895
3974
3896
3975
3897
3976
3898
3977
3899
3978
3900
3979
3901
3980
3902
3981
3903
3982
3904
3983
3905
3984
3906
3985
3907
3986
3908
3987
3909
3988
3910
3989
3911
3990
3912
3991
3913
3992
3914
3993
3915
3994
3916
3995
3917
3996
3918
3997
3919
3998
3999
3921
4000
3922
4001
3923
4002
3924
4003
3925
4004
3926
4005
3927
4006
3928
4007
3929
4008
3930
4009
3931
4010
3932
4011
3933
4012
3934
4013
3935
4014
3936
4015
3937
4016
3938
4017
3939
4018
3940
4019
3941
4020
3942
4021
3943
4022
3944
4023
3945
4024
3946
4025
3947
4026
3948
4027
3949
4028
3950
4029
3951
4030
3952
4031
3953
4032
3954
4033
3955
4034
3956
4035
3957
4036
3958
4037
3959
4038
3960
4039
3961
4040
3962
4041
3963
4042
3964
4043
3965
4044
3966
4045
3967
4046
3968
4047
3969
4048
3970
4049
3971
4050
3972
4051
3973
4052
3974
4053
3975
4054
3976
4055
3977
4056
3978
4057
3979
4058
3980
4059
3981
4060
3982
4061
3983
4062
3984
4063
3985
4064
3986
4065
3987
4066
3988
4067
3989
4068
3990
4069
3991
4070
3992
4071
3993
4072
3994
4073
3995
4074
3996
4075
3997
4076
3998
4077
3999
4078
4079
4001
4080
4002
4081
4003
4082
4004
4083
4005
4084
4006
4085
4007
4086
4008
4087
4009
4088
4010
4089
4011
4090
4012
4091
4013
4092
4014
4093
4015
4094
4016
4095
4017
4096
4018
4097
4019
4098
4020
4099
4021
4100
4022
4101
4023
4102
4024
4103
4025
4104
4026
4105
4027
4106
4028
4107
4029
4108
4030
4109
4031
4110
4032
4111
4033
4112
4034
4113
4035
4114
4036
4115
4037
4116
4038
4117
4039
4118
4040
4119
4041
4120
4042
4121
4043
4122
4044
4123
4045
4124
4046
4125
4047
4126
4048
4127
4049
4128
4050
4129
4051
4130
4052
4131
4053
4132
4054
4133
4055
4134
4056
4135
4057
4136
4058
4137
4059
4138
4060
4139
4061
4140
4062
4141
4063
4142
4064
4143
4065
4144
4066
4145
4067
4146
4068
4147
4069
4148
4070
4149
4071
4150
4072
4151
4073
4152
4074
4153
4075
4154
4076
4155
4077
4156
4078
4157
4079
4158
4159
4081
4160
4082
4161
4083
4162
4084
4163
4085
4164
4086
4165
4087
4166
4088
4167
4089
4168
4090
4169
4091
4170
4092
4171
4093
4172
4094
4173
4095
4174
4096
4175
4097
4176
4098
4177
4099
4178
4100
4179
4101
4180
4102
4181
4103
4182
4104
4183
4105
4184
4106
4185
4107
4186
4108
4187
4109
4188
4110
4189
4111
4190
4112
4191
4113
4192
4114
4193
4115
4194
4116
4195
4117
4196
4118
4197
4119
4198
4120
4199
4121
4200
4122
4201
4123
4202
4124
4203
4125
4204
4126
4205
4127
4206
4128
4207
4129
4208
4130
4209
4131
4210
4132
4211
4133
4212
4134
4213
4135
4214
4136
4215
4137
4216
4138
4217
4139
4218
4140
4219
4141
4220
4142
4221
4143
4222
4144
4223
4145
4224
4146
4225
4147
4226
4148
4227
4149
4228
4150
4229
4151
4230
4152
4231
4153
4232
4154
4233
4155
4234
4156
4235
4157
4236
4158
4237
4159
4238
4239
4161
4240
4162
4241
4163
4242
4164
4243
4165
4244
4166
4245
4167
4246
4168
4247
4169
4248
4170
4249
4171
4250
4172
4251
4173
4252
4174
4253
4175
4254
4176
4255
4177
4256
4178
4257
4179
4258
4180
4259
4181
4260
4182
4261
4183
4262
4184
4263
4185
4264
4186
4265
4187
4266
4188
4267
4189
4268
4190
4269
4191
4270
4192
4271
4193
4272
4194
4273
4195
4274
4196
4275
4197
4276
4198
4277
4199
4278
4200
4279
4201
4280
4202
4281
4203
4282
4204
4283
4205
4284
4206
4285
4207
4286
4208
4287
4209
4288
4210
4289
4211
4290
4212
4291
4213
4292
4214
4293
4215
4294
4216
4295
4217
4296
4218
4297
4219
4298
4220
4299
4221
4300
4222
4301
4223
4302
4224
4303
4225
4304
4226
4305
4227
4306
4228
4307
4229
4308
4230
4309
4231
4310
4232
4311
4233
4312
4234
4313
4235
4314
4236
4315
4237
4316
4238
4317
4239
4318
4319
4241
4320
4242
4321
4243
4322
4244
4323
4245
4324
4246
4325
4247
4326
4248
4327
4249
4328
4250
4329
4251
4330
4252
4331
4253
4332
4254
4333
4255
4334
4256
4335
4257
4336
4258
4337
4259
4338
4260
4339
4261
4340
4262
4341
4263
4342
4264
4343
4265
4344
4266
4345
4267
4346
4268
4347
4269
4348
4270
4349
4271
4350
4272
4351
4273
4352
4274
4353
4275
4354
4276
4355
4277
4356
4278
4357
4279
4358
4280
4359
4281
4360
4282
4361
4283
4362
4284
4363
4285
4364
4286
4365
4287
4366
4288
4367
4289
4368
4290
4369
4291
4370
4292
4371
4293
4372
4294
4373
4295
4374
4296
4375
4297
4376
4298
4377
4299
4378
4300
4379
4301
4380
4302
4381
4303
4382
4304
4383
4305
4384
4306
4385
4307
4386
4308
4387
4309
4388
4310
4389
4311
4390
4312
4391
4313
4392
4314
4393
4315
4394
4316
4395
4317
4396
4318
4397
4319
4398
4399
4321
4400
4322
4401
4323
4402
4324
4403
4325
4404
4326
4405
4327
4406
4328
4407
4329
4408
4330
4409
4331
4410
4332
4411
4333
4412
4334
4413
4335
4414
4336
4415
4337
4416
4338
4417
4339
4418
4340
4419
4341
4420
4342
4421
4343
4422
4344
4423
4345
4424
4346
4425
4347
4426
4348
4427
4349
4428
4350
4429
4351
4430
4352
4431
4353
4432
4354
4433
4355
4434
4356
4435
4357
4436
4358
4437
4359
4438
4360
4439
4361
4440
4362
4441
4363
4442
4364
4443
4365
4444
4366
4445
4367
4446
4368
4447
4369
4448
4370
4449
4371
4450
4372
4451
4373
4452
4374
4453
4375
4454
4376
4455
4377
4456
4378
4457
4379
4458
4380
4459
4381
4460
4382
4461
4383
4462
4384
4463
4385
4464
4386
4465
4387
4466
4388
4467
4389
4468
4390
4469
4391
4470
4392
4471
4393
4472
4394
4473
4395
4474
4396
4475
4397
4476
4398
4477
4399
4478
4479
4401
4480
4402
4481
4403
4482
4404
4483
4405
4484
4406
4485
4407
4486
4408
4487
4409
4488
4410
4489
4411
4490
4412
4491
4413
4492
4414
4493
4415
4494
4416
4495
4417
4496
4418
4497
4419
4498
4420
4499
4421
4500
4422
4501
4423
4502
4424
4503
4425
4504
4426
4505
4427
4506
4428
4507
4429
4508
4430
4509
4431
4510
4432
4511
4433
4512
4434
4513
4435
4514
4436
4515
4437
4516
4438
4517
4439
4518
4440
4519
4441
4520
4442
4521
4443
4522
4444
4523
4445
4524
4446
4525
4447
4526
4448
4527
4449
4528
4450
4529
4451
4530
4452
4531
4453
4532
4454
4533
4455
4534
4456
4535
4457
4536
4458
4537
4459
4538
4460
4539
4461
4540
4462
4541
4463
4542
4464
4543
4465
4544
4466
4545
4467
4546
4468
4547
4469
4548
4470
4549
4471
4550
4472
4551
4473
4552
4474
4553
4475
4554
4476
4555
4477
4556
4478
4557
4479
4558
4559
4481
4560
4482
4561
4483
4562
4484
4563
4485
4564
4486
4565
4487
4566
4488
4567
4489
4568
4490
4569
4491
4570
4492
4571
4493
4572
4494
4573
4495
4574
4496
4575
4497
4576
4498
4577
4499
4578
4500
4579
4501
4580
4502
4581
4503
4582
4504
4583
4505
4584
4506
4585
4507
4586
4508
4587
4509
4588
4510
4589
4511
4590
4512
4591
4513
4592
4514
4593
4515
4594
4516
4595
4517
4596
4518
4597
4519
4598
4520
4599
4521
4600
4522
4601
4523
4602
4524
4603
4525
4604
4526
4605
4527
4606
4528
4607
4529
4608
4530
4609
4531
4610
4532
4611
4533
4612
4534
4613
4535
4614
4536
4615
4537
4616
4538
4617
4539
4618
4540
4619
4541
4620
4542
4621
4543
4622
4544
4623
4545
4624
4546
4625
4547
4626
4548
4627
4549
4628
4550
4629
4551
4630
4552
4631
4553
4632
4554
4633
4555
4634
4556
4635
4557
4636
4558
4637
4559
4638
4639
4561
4640
4562
4641
4563
4642
4564
4643
4565
4644
4566
4645
4567
4646
4568
4647
4569
4648
4570
4649
4571
4650
4572
4651
4573
4652
4574
4653
4575
4654
4576
4655
4577
4656
4578
4657
4579
4658
4580
4659
4581
4660
4582
4661
4583
4662
4584
4663
4585
4664
4586
4665
4587
4666
4588
4667
4589
4668
4590
4669
4591
4670
4592
4671
4593
4672
4594
4673
4595
4674
4596
4675
4597
4676
4598
4677
4599
4678
4600
4679
4601
4680
4602
4681
4603
4682
4604
4683
4605
4684
4606
4685
4607
4686
4608
4687
4609
4688
4610
4689
4611
4690
4612
4691
4613
4692
4614
4693
4615
4694
4616
4695
4617
4696
4618
4697
4619
4698
4620
4699
4621
4700
4622
4701
4623
4702
4624
4703
4625
4704
4626
4705
4627
4706
4628
4707
4629
4708
4630
4709
4631
4710
4632
4711
4633
4712
4634
4713
4635
4714
4636
4715
4637
4716
4638
4717
4639
4718
4719
4641
4720
4642
4721
4643
4722
4644
4723
4645
4724
4646
4725
4647
4726
4648
4727
4649
4728
4650
4729
4651
4730
4652
4731
4653
4732
4654
4733
4655
4734
4656
4735
4657
4736
4658
4737
4659
4738
4660
4739
4661
4740
4662
4741
4663
4742
4664
4743
4665
4744
4666
4745
4667
4746
4668
4747
4669
4748
4670
4749
4671
4750
4672
4751
4673
4752
4674
4753
4675
4754
4676
4755
4677
4756
4678
4757
4679
4758
4680
4759
4681
4760
4682
4761
4683
4762
4684
4763
4685
4764
4686
4765
4687
4766
4688
4767
4689
4768
4690
4769
4691
4770
4692
4771
4693
4772
4694
4773
4695
4774
4696
4775
4697
4776
4698
4777
4699
4778
4700
4779
4701
4780
4702
4781
4703
4782
4704
4783
4705
4784
4706
4785
4707
4786
4708
4787
4709
4788
4710
4789
4711
4790
4712
4791
4713
4792
4714
4793
4715
4794
4716
4795
4717
4796
4718
4797
4719
4798
4799
4721
4800
4722
4801
4723
4802
4724
4803
4725
4804
4726
4805
4727
4806
4728
4807
4729
4808
4730
4809
4731
4810
4732
4811
4733
4812
4734
4813
4735
4814
4736
4815
4737
4816
4738
4817
4739
4818
4740
4819
4741
4820
4742
4821
4743
4822
4744
4823
4745
4824
4746
4825
4747
4826
4748
4827
4749
4828
4750
4829
4751
4830
4752
4831
4753
4832
4754
4833
4755
4834
4756
4835
4757
4836
4758
4837
4759
4838
4760
4839
4761
4840
4762
4841
4763
4842
4764
4843
4765
4844
4766
4845
4767
4846
4768
4847
4769
4848
4770
4849
4771
4850
4772
4851
4773
4852
4774
4853
4775
4854
4776
4855
4777
4856
4778
4857
4779
4858
4780
4859
4781
4860
4782
4861
4783
4862
4784
4863
4785
4864
4786
4865
4787
4866
4788
4867
4789
4868
4790
4869
4791
4870
4792
4871
4793
4872
4794
4873
4795
4874
4796
4875
4797
4876
4798
4877
4799
4878
4879
4801
4880
4802
4881
4803
4882
4804
4883
4805
4884
4806
4885
4807
4886
4808
4887
4809
4888
4810
4889
4811
4890
4812
4891
4813
4892
4814
4893
4815
4894
4816
4895
4817
4896
4818
4897
4819
4898
4820
4899
4821
4900
4822
4901
4823
4902
4824
4903
4825
4904
4826
4905
4827
4906
4828
4907
4829
4908
4830
4909
4831
4910
4832
4911
4833
4912
4834
4913
4835
4914
4836
4915
4837
4916
4838
4917
4839
4918
4840
4919
4841
4920
4842
4921
4843
4922
4844
4923
4845
4924
4846
4925
4847
4926
4848
4927
4849
4928
4850
4929
4851
4930
4852
4931
4853
4932
4854
4933
4855
4934
4856
4935
4857
4936
4858
4937
4859
4938
4860
4939
4861
4940
4862
4941
4863
4942
4864
4943
4865
4944
4866
4945
4867
4946
4868
4947
4869
4948
4870
4949
4871
4950
4872
4951
4873
4952
4874
4953
4875
4954
4876
4955
4877
4956
4878
4957
4879
4958
4959
4881
4960
4882
4961
4883
4962
4884
4963
4885
4964
4886
4965
4887
4966
4888
4967
4889
4968
4890
4969
4891
4970
4892
4971
4893
4972
4894
4973
4895
4974
4896
4975
4897
4976
4898
4977
4899
4978
4900
4979
4901
4980
4902
4981
4903
4982
4904
4983
4905
4984
4906
4985
4907
4986
4908
4987
4909
4988
4910
4989
4911
4990
4912
4991
4913
4992
4914
4993
4915
4994
4916
4995
4917
4996
4918
4997
4919
4998
4920
4999
4921
5000
4922
5001
4923
5002
4924
5003
4925
5004
4926
5005
4927
5006
4928
5007
4929
5008
4930
5009
4931
5010
4932
5011
4933
5012
4934
5013
4935
5014
4936
5015
4937
5016
4938
5017
4939
5018
4940
5019
4941
5020
4942
5021
4943
5022
4944
5023
4945
5024
4946
5025
4947
5026
4948
5027
4949
5028
4950
5029
4951
5030
4952
5031
4953
5032
4954
5033
4955
5034
4956
5035
4957
5036
4958
5037
4959
5038
5039
4961
5040
4962
5041
4963
5042
4964
5043
4965
5044
4966
5045
4967
5046
4968
5047
4969
5048
4970
5049
4971
5050
4972
5051
4973
5052
4974
5053
4975
5054
4976
5055
4977
5056
4978
5057
4979
5058
4980
5059
4981
5060
4982
5061
4983
5062
4984
5063
4985
5064
4986
5065
4987
5066
4988
5067
4989
5068
4990
5069
4991
5070
4992
5071
4993
5072
4994
5073
4995
5074
4996
5075
4997
5076
4998
5077
4999
5078
5000
5079
5001
5080
5002
5081
5003
5082
5004
5083
5005
5084
5006
5085
5007
5086
5008
5087
5009
5088
5010
5089
5011
5090
5012
5091
5013
5092
5014
5093
5015
5094
5016
5095
5017
5096
5018
5097
5019
5098
5020
5099
5021
5100
5022
5101
5023
5102
5024
5103
5025
5104
5026
5105
5027
5106
5028
5107
5029
5108
5030
5109
5031
5110
5032
5111
5033
5112
5034
5113
5035
5114
5036
5115
5037
5116
5038
5117
5039
5118
5119
5041
5120
5042
5121
5043
5122
5044
5123
5045
5124
5046
5125
5047
5126
5048
5127
5049
5128
5050
5129
5051
5130
5052
5131
5053
5132
5054
5133
5055
5134
5056
5135
5057
5136
5058
5137
5059
5138
5060
5139
5061
5140
5062
5141
5063
5142
5064
5143
5065
5144
5066
5145
5067
5146
5068
5147
5069
5148
5070
5149
5071
5150
5072
5151
5073
5152
5074
5153
5075
5154
5076
5155
5077
5156
5078
5157
5079
5158
5080
5159
5081
5160
5082
5161
5083
5162
5084
5163
5085
5164
5086
5165
5087
5166
5088
5167
5089
5168
5090
5169
5091
5170
5092
5171
5093
5172
5094
5173
5095
5174
5096
5175
5097
5176
5098
5177
5099
5178
5100
5179
5101
5180
5102
5181
5103
5182
5104
5183
5105
5184
5106
5185
5107
5186
5108
5187
5109
5188
5110
5189
5111
5190
5112
5191
5113
5192
5114
5193
5115
5194
5116
5195
5117
5196
5118
5197
5119
5198
5199
5121
5200
5122
5201
5123
5202
5124
5203
5125
5204
5126
5205
5127
5206
5128
5207
5129
5208
5130
5209
5131
5210
5132
5211
5133
5212
5134
5213
5135
5214
5136
5215
5137
5216
5138
5217
5139
5218
5140
5219
5141
5220
5142
5221
5143
5222
5144
5223
5145
5224
5146
5225
5147
5226
5148
5227
5149
5228
5150
5229
5151
5230
5152
5231
5153
5232
5154
5233
5155
5234
5156
5235
5157
5236
5158
5237
5159
5238
5160
5239
5161
5240
5162
5241
5163
5242
5164
5243
5165
5244
5166
5245
5167
5246
5168
5247
5169
5248
5170
5249
5171
5250
5172
5251
5173
5252
5174
5253
5175
5254
5176
5255
5177
5256
5178
5257
5179
5258
5180
5259
5181
5260
5182
5261
5183
5262
5184
5263
5185
5264
5186
5265
5187
5266
5188
5267
5189
5268
5190
5269
5191
5270
5192
5271
5193
5272
5194
5273
5195
5274
5196
5275
5197
5276
5198
5277
5199
5278
5279
5201
5280
5202
5281
5203
5282
5204
5283
5205
5284
5206
5285
5207
5286
5208
5287
5209
5288
5210
5289
5211
5290
5212
5291
5213
5292
5214
5293
5215
5294
5216
5295
5217
5296
5218
5297
5219
5298
5220
5299
5221
5300
5222
5301
5223
5302
5224
5303
5225
5304
5226
5305
5227
5306
5228
5307
5229
5308
5230
5309
5231
5310
5232
5311
5233
5312
5234
5313
5235
5314
5236
5315
5237
5316
5238
5317
5239
5318
5240
5319
5241
5320
5242
5321
5243
5322
5244
5323
5245
5324
5246
5325
5247
5326
5248
5327
5249
5328
5250
5329
5251
5330
5252
5331
5253
5332
5254
5333
5255
5334
5256
5335
5257
5336
5258
5337
5259
5338
5260
5339
5261
5340
5262
5341
5263
5342
5264
5343
5265
5344
5266
5345
5267
5346
5268
5347
5269
5348
5270
5349
5271
5350
5272
5351
5273
5352
5274
5353
5275
5354
5276
5355
5277
5356
5278
5357
5279
5358
5359
5281
5360
5282
5361
5283
5362
5284
5363
5285
5364
5286
5365
5287
5366
5288
5367
5289
5368
5290
5369
5291
5370
5292
5371
5293
5372
5294
5373
5295
5374
5296
5375
5297
5376
5298
5377
5299
5378
5300
5379
5301
5380
5302
5381
5303
5382
5304
5383
5305
5384
5306
5385
5307
5386
5308
5387
5309
5388
5310
5389
5311
5390
5312
5391
5313
5392
5314
5393
5315
5394
5316
5395
5317
5396
5318
5397
5319
5398
5320
5399
5321
5400
5322
5401
5323
5402
5324
5403
5325
5404
5326
5405
5327
5406
5328
5407
5329
5408
5330
5409
5331
5410
5332
5411
5333
5412
5334
5413
5335
5414
5336
5415
5337
5416
5338
5417
5339
5418
5340
5419
5341
5420
5342
5421
5343
5422
5344
5423
5345
5424
5346
5425
5347
5426
5348
5427
5349
5428
5350
5429
5351
5430
5352
5431
5353
5432
5354
5433
5355
5434
5356
5435
5357
5436
5358
5437
5359
5438
5439
5361
5440
5362
5441
5363
5442
5364
5443
5365
5444
5366
5445
5367
5446
5368
5447
5369
5448
5370
5449
5371
5450
5372
5451
5373
5452
5374
5453
5375
5454
5376
5455
5377
5456
5378
5457
5379
5458
5380
5459
5381
5460
5382
5461
5383
5462
5384
5463
5385
5464
5386
5465
5387
5466
5388
5467
5389
5468
5390
5469
5391
5470
5392
5471
5393
5472
5394
5473
5395
5474
5396
5475
5397
5476
5398
5477
5399
5478
5400
5479
5401
5480
5402
5481
5403
5482
5404
5483
5405
5484
5406
5485
5407
5486
5408
5487
5409
5488
5410
5489
5411
5490
5412
5491
5413
5492
5414
5493
5415
5494
5416
5495
5417
5496
5418
5497
5419
5498
5420
5499
5421
5500
5422
5501
5423
5502
5424
5503
5425
5504
5426
5505
5427
5506
5428
5507
5429
5508
5430
5509
5431
5510
5432
5511
5433
5512
5434
5513
5435
5514
5436
5515
5437
5516
5438
5517
5439
5518
5519
5441
5520
5442
5521
5443
5522
5444
5523
5445
5524
5446
5525
5447
5526
5448
5527
5449
5528
5450
5529
5451
5530
5452
5531
5453
5532
5454
5533
5455
5534
5456
5535
5457
5536
5458
5537
5459
5538
5460
5539
5461
5540
5462
5541
5463
5542
5464
5543
5465
5544
5466
5545
5467
5546
5468
5547
5469
5548
5470
5549
5471
5550
5472
5551
5473
5552
5474
5553
5475
5554
5476
5555
5477
5556
5478
5557
5479
5558
5480
5559
5481
5560
5482
5561
5483
5562
5484
5563
5485
5564
5486
5565
5487
5566
5488
5567
5489
5568
5490
5569
5491
5570
5492
5571
5493
5572
5494
5573
5495
5574
5496
5575
5497
5576
5498
5577
5499
5578
5500
5579
5501
5580
5502
5581
5503
5582
5504
5583
5505
5584
5506
5585
5507
5586
5508
5587
5509
5588
5510
5589
5511
5590
5512
5591
5513
5592
5514
5593
5515
5594
5516
5595
5517
5596
5518
5597
5519
5598
5599
5521
5600
5522
5601
5523
5602
5524
5603
5525
5604
5526
5605
5527
5606
5528
5607
5529
5608
5530
5609
5531
5610
5532
5611
5533
5612
5534
5613
5535
5614
5536
5615
5537
5616
5538
5617
5539
5618
5540
5619
5541
5620
5542
5621
5543
5622
5544
5623
5545
5624
5546
5625
5547
5626
5548
5627
5549
5628
5550
5629
5551
5630
5552
5631
5553
5632
5554
5633
5555
5634
5556
5635
5557
5636
5558
5637
5559
5638
5560
5639
5561
5640
5562
5641
5563
5642
5564
5643
5565
5644
5566
5645
5567
5646
5568
5647
5569
5648
5570
5649
5571
5650
5572
5651
5573
5652
5574
5653
5575
5654
5576
5655
5577
5656
5578
5657
5579
5658
5580
5659
5581
5660
5582
5661
5583
5662
5584
5663
5585
5664
5586
5665
5587
5666
5588
5667
5589
5668
5590
5669
5591
5670
5592
5671
5593
5672
5594
5673
5595
5674
5596
5675
5597
5676
5598
5677
5599
5678
5679
5601
5680
5602
5681
5603
5682
5604
5683
5605
5684
5606
5685
5607
5686
5608
5687
5609
5688
5610
5689
5611
5690
5612
5691
5613
5692
5614
5693
5615
5694
5616
5695
5617
5696
5618
5697
5619
5698
5620
5699
5621
5700
5622
5701
5623
5702
5624
5703
5625
5704
5626
5705
5627
5706
5628
5707
5629
5708
5630
5709
5631
5710
5632
5711
5633
5712
5634
5713
5635
5714
5636
5715
5637
5716
5638
5717
5639
5718
5640
5719
5641
5720
5642
5721
5643
5722
5644
5723
5645
5724
5646
5725
5647
5726
5648
5727
5649
5728
5650
5729
5651
5730
5652
5731
5653
5732
5654
5733
5655
5734
5656
5735
5657
5736
5658
5737
5659
5738
5660
5739
5661
5740
5662
5741
5663
5742
5664
5743
5665
5744
5666
5745
5667
5746
5668
5747
5669
5748
5670
5749
5671
5750
5672
5751
5673
5752
5674
5753
5675
5754
5676
5755
5677
5756
5678
5757
5679
5758
5759
5681
5760
5682
5761
5683
5762
5684
5763
5685
5764
5686
5765
5687
5766
5688
5767
5689
5768
5690
5769
5691
5770
5692
5771
5693
5772
5694
5773
5695
5774
5696
5775
5697
5776
5698
5777
5699
5778
5700
5779
5701
5780
5702
5781
5703
5782
5704
5783
5705
5784
5706
5785
5707
5786
5708
5787
5709
5788
5710
5789
5711
5790
5712
5791
5713
5792
5714
5793
5715
5794
5716
5795
5717
5796
5718
5797
5719
5798
5720
5799
5721
5800
5722
5801
5723
5802
5724
5803
5725
5804
5726
5805
5727
5806
5728
5807
5729
5808
5730
5809
5731
5810
5732
5811
5733
5812
5734
5813
5735
5814
5736
5815
5737
5816
5738
5817
5739
5818
5740
5819
5741
5820
5742
5821
5743
5822
5744
5823
5745
5824
5746
5825
5747
5826
5748
5827
5749
5828
5750
5829
5751
5830
5752
5831
5753
5832
5754
5833
5755
5834
5756
5835
5757
5836
5758
5837
5759
5838
5839
5761
5840
5762
5841
5763
5842
5764
5843
5765
5844
5766
5845
5767
5846
5768
5847
5769
5848
5770
5849
5771
5850
5772
5851
5773
5852
5774
5853
5775
5854
5776
5855
5777
5856
5778
5857
5779
5858
5780
5859
5781
5860
5782
5861
5783
5862
5784
5863
5785
5864
5786
5865
5787
5866
5788
5867
5789
5868
5790
5869
5791
5870
5792
5871
5793
5872
5794
5873
5795
5874
5796
5875
5797
5876
5798
5877
5799
5878
5800
5879
5801
5880
5802
5881
5803
5882
5804
5883
5805
5884
5806
5885
5807
5886
5808
5887
5809
5888
5810
5889
5811
5890
5812
5891
5813
5892
5814
5893
5815
5894
5816
5895
5817
5896
5818
5897
5819
5898
5820
5899
5821
5900
5822
5901
5823
5902
5824
5903
5825
5904
5826
5905
5827
5906
5828
5907
5829
5908
5830
5909
5831
5910
5832
5911
5833
5912
5834
5913
5835
5914
5836
5915
5837
5916
5838
5917
5839
5918
5919
5841
5920
5842
5921
5843
5922
5844
5923
5845
5924
5846
5925
5847
5926
5848
5927
5849
5928
5850
5929
5851
5930
5852
5931
5853
5932
5854
5933
5855
5934
5856
5935
5857
5936
5858
5937
5859
5938
5860
5939
5861
5940
5862
5941
5863
5942
5864
5943
5865
5944
5866
5945
5867
5946
5868
5947
5869
5948
5870
5949
5871
5950
5872
5951
5873
5952
5874
5953
5875
5954
5876
5955
5877
5956
5878
5957
5879
5958
5880
5959
5881
5960
5882
5961
5883
5962
5884
5963
5885
5964
5886
5965
5887
5966
5888
5967
5889
5968
5890
5969
5891
5970
5892
5971
5893
5972
5894
5973
5895
5974
5896
5975
5897
5976
5898
5977
5899
5978
5900
5979
5901
5980
5902
5981
5903
5982
5904
5983
5905
5984
5906
5985
5907
5986
5908
5987
5909
5988
5910
5989
5911
5990
5912
5991
5913
5992
5914
5993
5915
5994
5916
5995
5917
5996
5918
5997
5919
5998
5999
5921
6000
5922
6001
5923
6002
5924
6003
5925
6004
5926
6005
5927
6006
5928
6007
5929
6008
5930
6009
5931
6010
5932
6011
5933
6012
5934
6013
5935
6014
5936
6015
5937
6016
5938
6017
5939
6018
5940
6019
5941
6020
5942
6021
5943
6022
5944
6023
5945
6024
5946
6025
5947
6026
5948
6027
5949
6028
5950
6029
5951
6030
5952
6031
5953
6032
5954
6033
5955
6034
5956
6035
5957
6036
5958
6037
5959
6038
5960
6039
5961
6040
5962
6041
5963
6042
5964
6043
5965
6044
5966
6045
5967
6046
5968
6047
5969
6048
5970
6049
5971
6050
5972
6051
5973
6052
5974
6053
5975
6054
5976
6055
5977
6056
5978
6057
5979
6058
5980
6059
5981
6060
5982
6061
5983
6062
5984
6063
5985
6064
5986
6065
5987
6066
5988
6067
5989
6068
5990
6069
5991
6070
5992
6071
5993
6072
5994
6073
5995
6074
5996
6075
5997
6076
5998
6077
5999
6078
6079
6001
6080
6002
6081
6003
6082
6004
6083
6005
6084
6006
6085
6007
6086
6008
6087
6009
6088
6010
6089
6011
6090
6012
6091
6013
6092
6014
6093
6015
6094
6016
6095
6017
6096
6018
6097
6019
6098
6020
6099
6021
6100
6022
6101
6023
6102
6024
6103
6025
6104
6026
6105
6027
6106
6028
6107
6029
6108
6030
6109
6031
6110
6032
6111
6033
6112
6034
6113
6035
6114
6036
6115
6037
6116
6038
6117
6039
6118
6040
6119
6041
6120
6042
6121
6043
6122
6044
6123
6045
6124
6046
6125
6047
6126
6048
6127
6049
6128
6050
6129
6051
6130
6052
6131
6053
6132
6054
6133
6055
6134
6056
6135
6057
6136
6058
6137
6059
6138
6060
6139
6061
6140
6062
6141
6063
6142
6064
6143
6065
6144
6066
6145
6067
6146
6068
6147
6069
6148
6070
6149
6071
6150
6072
6151
6073
6152
6074
6153
6075
6154
6076
6155
6077
6156
6078
6157
6079
6158
6159
6081
6160
6082
6161
6083
6162
6084
6163
6085
6164
6086
6165
6087
6166
6088
6167
6089
6168
6090
6169
6091
6170
6092
6171
6093
6172
6094
6173
6095
6174
6096
6175
6097
6176
6098
6177
6099
6178
6100
6179
6101
6180
6102
6181
6103
6182
6104
6183
6105
6184
6106
6185
6107
6186
6108
6187
6109
6188
6110
6189
6111
6190
6112
6191
6113
6192
6114
6193
6115
6194
6116
6195
6117
6196
6118
6197
6119
6198
6120
6199
6121
6200
6122
6201
6123
6202
6124
6203
6125
6204
6126
6205
6127
6206
6128
6207
6129
6208
6130
6209
6131
6210
6132
6211
6133
6212
6134
6213
6135
6214
6136
6215
6137
6216
6138
6217
6139
6218
6140
6219
6141
6220
6142
6221
6143
6222
6144
6223
6145
6224
6146
6225
6147
6226
6148
6227
6149
6228
6150
6229
6151
6230
6152
6231
6153
6232
6154
6233
6155
6234
6156
6235
6157
6236
6158
6237
6159
6238
6239
6161
6240
6162
6241
6163
6242
6164
6243
6165
6244
6166
6245
6167
6246
6168
6247
6169
6248
6170
6249
6171
6250
6172
6251
6173
6252
6174
6253
6175
6254
6176
6255
6177
6256
6178
6257
6179
6258
6180
6259
6181
6260
6182
6261
6183
6262
6184
6263
6185
6264
6186
6265
6187
6266
6188
6267
6189
6268
6190
6269
6191
6270
6192
6271
6193
6272
6194
6273
6195
6274
6196
6275
6197
6276
6198
6277
6199
6278
6200
6279
6201
6280
6202
6281
6203
6282
6204
6283
6205
6284
6206
6285
6207
6286
6208
6287
6209
6288
6210
6289
6211
6290
6212
6291
6213
6292
6214
6293
6215
6294
6216
6295
6217
6296
6218
6297
6219
6298
6220
6299
6221
6300
6222
6301
6223
6302
6224
6303
6225
6304
6226
6305
6227
6306
6228
6307
6229
6308
6230
6309
6231
6310
6232
6311
6233
6312
6234
6313
6235
6314
6236
6315
6237
6316
6238
6317
6239
6318
6319
6241
6320
6242
6321
6243
6322
6244
6323
6245
6324
6246
6325
6247
6326
6248
6327
6249
6328
6250
6329
6251
6330
6252
6331
6253
6332
6254
6333
6255
6334
6256
6335
6257
6336
6258
6337
6259
6338
6260
6339
6261
6340
6262
6341
6263
6342
6264
6343
6265
6344
6266
6345
6267
6346
6268
6347
6269
6348
6270
6349
6271
6350
6272
6351
6273
6352
6274
6353
6275
6354
6276
6355
6277
6356
6278
6357
6279
6358
6280
6359
6281
6360
6282
6361
6283
6362
6284
6363
6285
6364
6286
6365
6287
6366
6288
6367
6289
6368
6290
6369
6291
6370
6292
6371
6293
6372
6294
6373
6295
6374
6296
6375
6297
6376
6298
6377
6299
6378
6300
6379
6301
6380
6302
6381
6303
6382
6304
6383
6305
6384
6306
6385
6307
6386
6308
6387
6309
6388
6310
6389
6311
6390
6312
6391
6313
6392
6314
6393
6315
6394
6316
6395
6317
6396
6318
6397
6319
6398
6399
6321
6400
6322
6401
6323
6402
6324
6403
6325
6404
6326
6405
6327
6406
6328
6407
6329
6408
6330
6409
6331
6410
6332
6411
6333
6412
6334
6413
6335
6414
6336
6415
6337
6416
6338
6417
6339
6418
6340
6419
6341
6420
6342
6421
6343
6422
6344
6423
6345
6424
6346
6425
6347
6426
6348
6427
6349
6428
6350
6429
6351
6430
6352
6431
6353
6432
6354
6433
6355
6434
6356
6435
6357
6436
6358
6437
6359
6438
6360
6439
6361
6440
6362
6441
6363
6442
6364
6443
6365
6444
6366
6445
6367
6446
6368
6447
6369
6448
6370
6449
6371
6450
6372
6451
6373
6452
6374
6453
6375
6454
6376
6455
6377
6456
6378
6457
6379
6458
6380
6459
6381
6460
6382
6461
6383
6462
6384
6463
6385
6464
6386
6465
6387
6466
6388
6467
6389
6468
6390
6469
6391
6470
6392
6471
6393
6472
6394
6473
6395
6474
6396
6475
6397
6476
6398
6477
6399
6478
6479
6401
6480
6402
6481
6403
6482
6404
6483
6405
6484
6406
6485
6407
6486
6408
6487
6409
6488
6410
6489
6411
6490
6412
6491
6413
6492
6414
6493
6415
6494
6416
6495
6417
6496
6418
6497
6419
6498
6420
6499
6421
6500
6422
6501
6423
6502
6424
6503
6425
6504
6426
6505
6427
6506
6428
6507
6429
6508
6430
6509
6431
6510
6432
6511
6433
6512
6434
6513
6435
6514
6436
6515
6437
6516
6438
6517
6439
6518
6440
6519
6441
6520
6442
6521
6443
6522
6444
6523
6445
6524
6446
6525
6447
6526
6448
6527
6449
6528
6450
6529
6451
6530
6452
6531
6453
6532
6454
6533
6455
6534
6456
6535
6457
6536
6458
6537
6459
6538
6460
6539
6461
6540
6462
6541
6463
6542
6464
6543
6465
6544
6466
6545
6467
6546
6468
6547
6469
6548
6470
6549
6471
6550
6472
6551
6473
6552
6474
6553
6475
6554
6476
6555
6477
6556
6478
6557
6479
6558
6559
6481
6560
6482
6561
6483
6562
6484
6563
6485
6564
6486
6565
6487
6566
6488
6567
6489
6568
6490
6569
6491
6570
6492
6571
6493
6572
6494
6573
6495
6574
6496
6575
6497
6576
6498
6577
6499
6578
6500
6579
6501
6580
6502
6581
6503
6582
6504
6583
6505
6584
6506
6585
6507
6586
6508
6587
6509
6588
6510
6589
6511
6590
6512
6591
6513
6592
6514
6593
6515
6594
6516
6595
6517
6596
6518
6597
6519
6598
6520
6599
6521
6600
6522
6601
6523
6602
6524
6603
6525
6604
6526
6605
6527
6606
6528
6607
6529
6608
6530
6609
6531
6610
6532
6611
6533
6612
6534
6613
6535
6614
6536
6615
6537
6616
6538
6617
6539
6618
6540
6619
6541
6620
6542
6621
6543
6622
6544
6623
6545
6624
6546
6625
6547
6626
6548
6627
6549
6628
6550
6629
6551
6630
6552
6631
6553
6632
6554
6633
6555
6634
6556
6635
6557
6636
6558
6637
6559
6638
6639
6561
6640
6562
6641
6563
6642
6564
6643
6565
6644
6566
6645
6567
6646
6568
6647
6569
6648
6570
6649
6571
6650
6572
6651
6573
6652
6574
6653
6575
6654
6576
6655
6577
6656
6578
6657
6579
6658
6580
6659
6581
6660
6582
6661
6583
6662
6584
6663
6585
6664
6586
6665
6587
6666
6588
6667
6589
6668
6590
6669
6591
6670
6592
6671
6593
6672
6594
6673
6595
6674
6596
6675
6597
6676
6598
6677
6599
6678
6600
6679
6601
6680
6602
6681
6603
6682
6604
6683
6605
6684
6606
6685
6607
6686
6608
6687
6609
6688
6610
6689
6611
6690
6612
6691
6613
6692
6614
6693
6615
6694
6616
6695
6617
6696
6618
6697
6619
6698
6620
6699
6621
6700
6622
6701
6623
6702
6624
6703
6625
6704
6626
6705
6627
6706
6628
6707
6629
6708
6630
6709
6631
6710
6632
6711
6633
6712
6634
6713
6635
6714
6636
6715
6637
6716
6638
6717
6639
6718
6719
6641
6720
6642
6721
6643
6722
6644
6723
6645
6724
6646
6725
6647
6726
6648
6727
6649
6728
6650
6729
6651
6730
6652
6731
6653
6732
6654
6733
6655
6734
6656
6735
6657
6736
6658
6737
6659
6738
6660
6739
6661
6740
6662
6741
6663
6742
6664
6743
6665
6744
6666
6745
6667
6746
6668
6747
6669
6748
6670
6749
6671
6750
6672
6751
6673
6752
6674
6753
6675
6754
6676
6755
6677
6756
6678
6757
6679
6758
6680
6759
6681
6760
6682
6761
6683
6762
6684
6763
6685
6764
6686
6765
6687
6766
6688
6767
6689
6768
6690
6769
6691
6770
6692
6771
6693
6772
6694
6773
6695
6774
6696
6775
6697
6776
6698
6777
6699
6778
6700
6779
6701
6780
6702
6781
6703
6782
6704
6783
6705
6784
6706
6785
6707
6786
6708
6787
6709
6788
6710
6789
6711
6790
6712
6791
6713
6792
6714
6793
6715
6794
6716
6795
6717
6796
6718
6797
6719
6798
6799
6721
6800
6722
6801
6723
6802
6724
6803
6725
6804
6726
6805
6727
6806
6728
6807
6729
6808
6730
6809
6731
6810
6732
6811
6733
6812
6734
6813
6735
6814
6736
6815
6737
6816
6738
6817
6739
6818
6740
6819
6741
6820
6742
6821
6743
6822
6744
6823
6745
6824
6746
6825
6747
6826
6748
6827
6749
6828
6750
6829
6751
6830
6752
6831
6753
6832
6754
6833
6755
6834
6756
6835
6757
6836
6758
6837
6759
6838
6760
6839
6761
6840
6762
6841
6763
6842
6764
6843
6765
6844
6766
6845
6767
6846
6768
6847
6769
6848
6770
6849
6771
6850
6772
6851
6773
6852
6774
6853
6775
6854
6776
6855
6777
6856
6778
6857
6779
6858
6780
6859
6781
6860
6782
6861
6783
6862
6784
6863
6785
6864
6786
6865
6787
6866
6788
6867
6789
6868
6790
6869
6791
6870
6792
6871
6793
6872
6794
6873
6795
6874
6796
6875
6797
6876
6798
6877
6799
6878
6879
6801
6880
6802
6881
6803
6882
6804
6883
6805
6884
6806
6885
6807
6886
6808
6887
6809
6888
6810
6889
6811
6890
6812
6891
6813
6892
6814
6893
6815
6894
6816
6895
6817
6896
6818
6897
6819
6898
6820
6899
6821
6900
6822
6901
6823
6902
6824
6903
6825
6904
6826
6905
6827
6906
6828
6907
6829
6908
6830
6909
6831
6910
6832
6911
6833
6912
6834
6913
6835
6914
6836
6915
6837
6916
6838
6917
6839
6918
6840
6919
6841
6920
6842
6921
6843
6922
6844
6923
6845
6924
6846
6925
6847
6926
6848
6927
6849
6928
6850
6929
6851
6930
6852
6931
6853
6932
6854
6933
6855
6934
6856
6935
6857
6936
6858
6937
6859
6938
6860
6939
6861
6940
6862
6941
6863
6942
6864
6943
6865
6944
6866
6945
6867
6946
6868
6947
6869
6948
6870
6949
6871
6950
6872
6951
6873
6952
6874
6953
6875
6954
6876
6955
6877
6956
6878
6957
6879
6958
6959
6881
6960
6882
6961
6883
6962
6884
6963
6885
6964
6886
6965
6887
6966
6888
6967
6889
6968
6890
6969
6891
6970
6892
6971
6893
6972
6894
6973
6895
6974
6896
6975
6897
6976
6898
6977
6899
6978
6900
6979
6901
6980
6902
6981
6903
6982
6904
6983
6905
6984
6906
6985
6907
6986
6908
6987
6909
6988
6910
6989
6911
6990
6912
6991
6913
6992
6914
6993
6915
6994
6916
6995
6917
6996
6918
6997
6919
6998
6920
6999
6921
7000
6922
7001
6923
7002
6924
7003
6925
7004
6926
7005
6927
7006
6928
7007
6929
7008
6930
7009
6931
7010
6932
7011
6933
7012
6934
7013
6935
7014
6936
7015
6937
7016
6938
7017
6939
7018
6940
7019
6941
7020
6942
7021
6943
7022
6944
7023
6945
7024
6946
7025
6947
7026
6948
7027
6949
7028
6950
7029
6951
7030
6952
7031
6953
7032
6954
7033
6955
7034
6956
7035
6957
7036
6958
7037
6959
7038
7039
6961
7040
6962
7041
6963
7042
6964
7043
6965
7044
6966
7045
6967
7046
6968
7047
6969
7048
6970
7049
6971
7050
6972
7051
6973
7052
6974
7053
6975
7054
6976
7055
6977
7056
6978
7057
6979
7058
6980
7059
6981
7060
6982
7061
6983
7062
6984
7063
6985
7064
6986
7065
6987
7066
6988
7067
6989
7068
6990
7069
6991
7070
6992
7071
6993
7072
6994
7073
6995
7074
6996
7075
6997
7076
6998
7077
6999
7078
7000
7079
7001
7080
7002
7081
7003
7082
7004
7083
7005
7084
7006
7085
7007
7086
7008
7087
7009
7088
7010
7089
7011
7090
7012
7091
7013
7092
7014
7093
7015
7094
7016
7095
7017
7096
7018
7097
7019
7098
7020
7099
7021
7100
7022
7101
7023
7102
7024
7103
7025
7104
7026
7105
7027
7106
7028
7107
7029
7108
7030
7109
7031
7110
7032
7111
7033
7112
7034
7113
7035
7114
7036
7115
7037
7116
7038
7117
7039
7118
7119
7041
7120
7042
7121
7043
7122
7044
7123
7045
7124
7046
7125
7047
7126
7048
7127
7049
7128
7050
7129
7051
7130
7052
7131
7053
7132
7054
7133
7055
7134
7056
7135
7057
7136
7058
7137
7059
7138
7060
7139
7061
7140
7062
7141
7063
7142
7064
7143
7065
7144
7066
7145
7067
7146
7068
7147
7069
7148
7070
7149
7071
7150
7072
7151
7073
7152
7074
7153
7075
7154
7076
7155
7077
7156
7078
7157
7079
7158
7080
7159
7081
7160
7082
7161
7083
7162
7084
7163
7085
7164
7086
7165
7087
7166
7088
7167
7089
7168
7090
7169
7091
7170
7092
7171
7093
7172
7094
7173
7095
7174
7096
7175
7097
7176
7098
7177
7099
7178
7100
7179
7101
7180
7102
7181
7103
7182
7104
7183
7105
7184
7106
7185
7107
7186
7108
7187
7109
7188
7110
7189
7111
7190
7112
7191
7113
7192
7114
7193
7115
7194
7116
7195
7117
7196
7118
7197
7119
7198
7199
7121
7200
7122
7201
7123
7202
7124
7203
7125
7204
7126
7205
7127
7206
7128
7207
7129
7208
7130
7209
7131
7210
7132
7211
7133
7212
7134
7213
7135
7214
7136
7215
7137
7216
7138
7217
7139
7218
7140
7219
7141
7220
7142
7221
7143
7222
7144
7223
7145
7224
7146
7225
7147
7226
7148
7227
7149
7228
7150
7229
7151
7230
7152
7231
7153
7232
7154
7233
7155
7234
7156
7235
7157
7236
7158
7237
7159
7238
7160
7239
7161
7240
7162
7241
7163
7242
7164
7243
7165
7244
7166
7245
7167
7246
7168
7247
7169
7248
7170
7249
7171
7250
7172
7251
7173
7252
7174
7253
7175
7254
7176
7255
7177
7256
7178
7257
7179
7258
7180
7259
7181
7260
7182
7261
7183
7262
7184
7263
7185
7264
7186
7265
7187
7266
7188
7267
7189
7268
7190
7269
7191
7270
7192
7271
7193
7272
7194
7273
7195
7274
7196
7275
7197
7276
7198
7277
7199
7278
7279
7201
7280
7202
7281
7203
7282
7204
7283
7205
7284
7206
7285
7207
7286
7208
7287
7209
7288
7210
7289
7211
7290
7212
7291
7213
7292
7214
7293
7215
7294
7216
7295
7217
7296
7218
7297
7219
7298
7220
7299
7221
7300
7222
7301
7223
7302
7224
7303
7225
7304
7226
7305
7227
7306
7228
7307
7229
7308
7230
7309
7231
7310
7232
7311
7233
7312
7234
7313
7235
7314
7236
7315
7237
7316
7238
7317
7239
7318
7240
7319
7241
7320
7242
7321
7243
7322
7244
7323
7245
7324
7246
7325
7247
7326
7248
7327
7249
7328
7250
7329
7251
7330
7252
7331
7253
7332
7254
7333
7255
7334
7256
7335
7257
7336
7258
7337
7259
7338
7260
7339
7261
7340
7262
7341
7263
7342
7264
7343
7265
7344
7266
7345
7267
7346
7268
7347
7269
7348
7270
7349
7271
7350
7272
7351
7273
7352
7274
7353
7275
7354
7276
7355
7277
7356
7278
7357
7279
7358
7359
7281
7360
7282
7361
7283
7362
7284
7363
7285
7364
7286
7365
7287
7366
7288
7367
7289
7368
7290
7369
7291
7370
7292
7371
7293
7372
7294
7373
7295
7374
7296
7375
7297
7376
7298
7377
7299
7378
7300
7379
7301
7380
7302
7381
7303
7382
7304
7383
7305
7384
7306
7385
7307
7386
7308
7387
7309
7388
7310
7389
7311
7390
7312
7391
7313
7392
7314
7393
7315
7394
7316
7395
7317
7396
7318
7397
7319
7398
7320
7399
7321
7400
7322
7401
7323
7402
7324
7403
7325
7404
7326
7405
7327
7406
7328
7407
7329
7408
7330
7409
7331
7410
7332
7411
7333
7412
7334
7413
7335
7414
7336
7415
7337
7416
7338
7417
7339
7418
7340
7419
7341
7420
7342
7421
7343
7422
7344
7423
7345
7424
7346
7425
7347
7426
7348
7427
7349
7428
7350
7429
7351
7430
7352
7431
7353
7432
7354
7433
7355
7434
7356
7435
7357
7436
7358
7437
7359
7438
7439
7361
7440
7362
7441
7363
7442
7364
7443
7365
7444
7366
7445
7367
7446
7368
7447
7369
7448
7370
7449
7371
7450
7372
7451
7373
7452
7374
7453
7375
7454
7376
7455
7377
7456
7378
7457
7379
7458
7380
7459
7381
7460
7382
7461
7383
7462
7384
7463
7385
7464
7386
7465
7387
7466
7388
7467
7389
7468
7390
7469
7391
7470
7392
7471
7393
7472
7394
7473
7395
7474
7396
7475
7397
7476
7398
7477
7399
7478
7400
7479
7401
7480
7402
7481
7403
7482
7404
7483
7405
7484
7406
7485
7407
7486
7408
7487
7409
7488
7410
7489
7411
7490
7412
7491
7413
7492
7414
7493
7415
7494
7416
7495
7417
7496
7418
7497
7419
7498
7420
7499
7421
7500
7422
7501
7423
7502
7424
7503
7425
7504
7426
7505
7427
7506
7428
7507
7429
7508
7430
7509
7431
7510
7432
7511
7433
7512
7434
7513
7435
7514
7436
7515
7437
7516
7438
7517
7439
7518
7519
7441
7520
7442
7521
7443
7522
7444
7523
7445
7524
7446
7525
7447
7526
7448
7527
7449
7528
7450
7529
7451
7530
7452
7531
7453
7532
7454
7533
7455
7534
7456
7535
7457
7536
7458
7537
7459
7538
7460
7539
7461
7540
7462
7541
7463
7542
7464
7543
7465
7544
7466
7545
7467
7546
7468
7547
7469
7548
7470
7549
7471
7550
7472
7551
7473
7552
7474
7553
7475
7554
7476
7555
7477
7556
7478
7557
7479
7558
7480
7559
7481
7560
7482
7561
7483
7562
7484
7563
7485
7564
7486
7565
7487
7566
7488
7567
7489
7568
7490
7569
7491
7570
7492
7571
7493
7572
7494
7573
7495
7574
7496
7575
7497
7576
7498
7577
7499
7578
7500
7579
7501
7580
7502
7581
7503
7582
7504
7583
7505
7584
7506
7585
7507
7586
7508
7587
7509
7588
7510
7589
7511
7590
7512
7591
7513
7592
7514
7593
7515
7594
7516
7595
7517
7596
7518
7597
7519
7598
7599
7521
7600
7522
7601
7523
7602
7524
7603
7525
7604
7526
7605
7527
7606
7528
7607
7529
7608
7530
7609
7531
7610
7532
7611
7533
7612
7534
7613
7535
7614
7536
7615
7537
7616
7538
7617
7539
7618
7540
7619
7541
7620
7542
7621
7543
7622
7544
7623
7545
7624
7546
7625
7547
7626
7548
7627
7549
7628
7550
7629
7551
7630
7552
7631
7553
7632
7554
7633
7555
7634
7556
7635
7557
7636
7558
7637
7559
7638
7560
7639
7561
7640
7562
7641
7563
7642
7564
7643
7565
7644
7566
7645
7567
7646
7568
7647
7569
7648
7570
7649
7571
7650
7572
7651
7573
7652
7574
7653
7575
7654
7576
7655
7577
7656
7578
7657
7579
7658
7580
7659
7581
7660
7582
7661
7583
7662
7584
7663
7585
7664
7586
7665
7587
7666
7588
7667
7589
7668
7590
7669
7591
7670
7592
7671
7593
7672
7594
7673
7595
7674
7596
7675
7597
7676
7598
7677
7599
7678
7679
7601
7680
7602
7681
7603
7682
7604
7683
7605
7684
7606
7685
7607
7686
7608
7687
7609
7688
7610
7689
7611
7690
7612
7691
7613
7692
7614
7693
7615
7694
7616
7695
7617
7696
7618
7697
7619
7698
7620
7699
7621
7700
7622
7701
7623
7702
7624
7703
7625
7704
7626
7705
7627
7706
7628
7707
7629
7708
7630
7709
7631
7710
7632
7711
7633
7712
7634
7713
7635
7714
7636
7715
7637
7716
7638
7717
7639
7718
7640
7719
7641
7720
7642
7721
7643
7722
7644
7723
7645
7724
7646
7725
7647
7726
7648
7727
7649
7728
7650
7729
7651
7730
7652
7731
7653
7732
7654
7733
7655
7734
7656
7735
7657
7736
7658
7737
7659
7738
7660
7739
7661
7740
7662
7741
7663
7742
7664
7743
7665
7744
7666
7745
7667
7746
7668
7747
7669
7748
7670
7749
7671
7750
7672
7751
7673
7752
7674
7753
7675
7754
7676
7755
7677
7756
7678
7757
7679
7758
7759
7681
7760
7682
7761
7683
7762
7684
7763
7685
7764
7686
7765
7687
7766
7688
7767
7689
7768
7690
7769
7691
7770
7692
7771
7693
7772
7694
7773
7695
7774
7696
7775
7697
7776
7698
7777
7699
7778
7700
7779
7701
7780
7702
7781
7703
7782
7704
7783
7705
7784
7706
7785
7707
7786
7708
7787
7709
7788
7710
7789
7711
7790
7712
7791
7713
7792
7714
7793
7715
7794
7716
7795
7717
7796
7718
7797
7719
7798
7720
7799
7721
7800
7722
7801
7723
7802
7724
7803
7725
7804
7726
7805
7727
7806
7728
7807
7729
7808
7730
7809
7731
7810
7732
7811
7733
7812
7734
7813
7735
7814
7736
7815
7737
7816
7738
7817
7739
7818
7740
7819
7741
7820
7742
7821
7743
7822
7744
7823
7745
7824
7746
7825
7747
7826
7748
7827
7749
7828
7750
7829
7751
7830
7752
7831
7753
7832
7754
7833
7755
7834
7756
7835
7757
7836
7758
7837
7759
7838
7839
7761
7840
7762
7841
7763
7842
7764
7843
7765
7844
7766
7845
7767
7846
7768
7847
7769
7848
7770
7849
7771
7850
7772
7851
7773
7852
7774
7853
7775
7854
7776
7855
7777
7856
7778
7857
7779
7858
7780
7859
7781
7860
7782
7861
7783
7862
7784
7863
7785
7864
7786
7865
7787
7866
7788
7867
7789
7868
7790
7869
7791
7870
7792
7871
7793
7872
7794
7873
7795
7874
7796
7875
7797
7876
7798
7877
7799
7878
7800
7879
7801
7880
7802
7881
7803
7882
7804
7883
7805
7884
7806
7885
7807
7886
7808
7887
7809
7888
7810
7889
7811
7890
7812
7891
7813
7892
7814
7893
7815
7894
7816
7895
7817
7896
7818
7897
7819
7898
7820
7899
7821
7900
7822
7901
7823
7902
7824
7903
7825
7904
7826
7905
7827
7906
7828
7907
7829
7908
7830
7909
7831
7910
7832
7911
7833
7912
7834
7913
7835
7914
7836
7915
7837
7916
7838
7917
7839
7918
7919
7841
7920
7842
7921
7843
7922
7844
7923
7845
7924
7846
7925
7847
7926
7848
7927
7849
7928
7850
7929
7851
7930
7852
7931
7853
7932
7854
7933
7855
7934
7856
7935
7857
7936
7858
7937
7859
7938
7860
7939
7861
7940
7862
7941
7863
7942
7864
7943
7865
7944
7866
7945
7867
7946
7868
7947
7869
7948
7870
7949
7871
7950
7872
7951
7873
7952
7874
7953
7875
7954
7876
7955
7877
7956
7878
7957
7879
7958
7880
7959
7881
7960
7882
7961
7883
7962
7884
7963
7885
7964
7886
7965
7887
7966
7888
7967
7889
7968
7890
7969
7891
7970
7892
7971
7893
7972
7894
7973
7895
7974
7896
7975
7897
7976
7898
7977
7899
7978
7900
7979
7901
7980
7902
7981
7903
7982
7904
7983
7905
7984
7906
7985
7907
7986
7908
7987
7909
7988
7910
7989
7911
7990
7912
7991
7913
7992
7914
7993
7915
7994
7916
7995
7917
7996
7918
7997
7919
7998
7999
7921
8000
7922
8001
7923
8002
7924
8003
7925
8004
7926
8005
7927
8006
7928
8007
7929
8008
7930
8009
7931
8010
7932
8011
7933
8012
7934
8013
7935
8014
7936
8015
7937
8016
7938
8017
7939
8018
7940
8019
7941
8020
7942
8021
7943
8022
7944
8023
7945
8024
7946
8025
7947
8026
7948
8027
7949
8028
7950
8029
7951
8030
7952
8031
7953
8032
7954
8033
7955
8034
7956
8035
7957
8036
7958
8037
7959
8038
7960
8039
7961
8040
7962
8041
7963
8042
7964
8043
7965
8044
7966
8045
7967
8046
7968
8047
7969
8048
7970
8049
7971
8050
7972
8051
7973
8052
7974
8053
7975
8054
7976
8055
7977
8056
7978
8057
7979
8058
7980
8059
7981
8060
7982
8061
7983
8062
7984
8063
7985
8064
7986
8065
7987
8066
7988
8067
7989
8068
7990
8069
7991
8070
7992
8071
7993
8072
7994
8073
7995
8074
7996
8075
7997
8076
7998
8077
7999
8078
8079
8001
8080
8002
8081
8003
8082
8004
8083
8005
8084
8006
8085
8007
8086
8008
8087
8009
8088
8010
8089
8011
8090
8012
8091
8013
8092
8014
8093
8015
8094
8016
8095
8017
8096
8018
8097
8019
8098
8020
8099
8021
8100
8022
8101
8023
8102
8024
8103
8025
8104
8026
8105
8027
8106
8028
8107
8029
8108
8030
8109
8031
8110
8032
8111
8033
8112
8034
8113
8035
8114
8036
8115
8037
8116
8038
8117
8039
8118
8040
8119
8041
8120
8042
8121
8043
8122
8044
8123
8045
8124
8046
8125
8047
8126
8048
8127
8049
8128
8050
8129
8051
8130
8052
8131
8053
8132
8054
8133
8055
8134
8056
8135
8057
8136
8058
8137
8059
8138
8060
8139
8061
8140
8062
8141
8063
8142
8064
8143
8065
8144
8066
8145
8067
8146
8068
8147
8069
8148
8070
8149
8071
8150
8072
8151
8073
8152
8074
8153
8075
8154
8076
8155
8077
8156
8078
8157
8079
8158
8159
8081
8160
8082
8161
8083
8162
8084
8163
8085
8164
8086
8165
8087
8166
8088
8167
8089
8168
8090
8169
8091
8170
8092
8171
8093
8172
8094
8173
8095
8174
8096
8175
8097
8176
8098
8177
8099
8178
8100
8179
8101
8180
8102
8181
8103
8182
8104
8183
8105
8184
8106
8185
8107
8186
8108
8187
8109
8188
8110
8189
8111
8190
8112
8191
8113
8192
8114
8193
8115
8194
8116
8195
8117
8196
8118
8197
8119
8198
8120
8199
8121
8200
8122
8201
8123
8202
8124
8203
8125
8204
8126
8205
8127
8206
8128
8207
8129
8208
8130
8209
8131
8210
8132
8211
8133
8212
8134
8213
8135
8214
8136
8215
8137
8216
8138
8217
8139
8218
8140
8219
8141
8220
8142
8221
8143
8222
8144
8223
8145
8224
8146
8225
8147
8226
8148
8227
8149
8228
8150
8229
8151
8230
8152
8231
8153
8232
8154
8233
8155
8234
8156
8235
8157
8236
8158
8237
8159
8238
8239
8161
8240
8162
8241
8163
8242
8164
8243
8165
8244
8166
8245
8167
8246
8168
8247
8169
8248
8170
8249
8171
8250
8172
8251
8173
8252
8174
8253
8175
8254
8176
8255
8177
8256
8178
8257
8179
8258
8180
8259
8181
8260
8182
8261
8183
8262
8184
8263
8185
8264
8186
8265
8187
8266
8188
8267
8189
8268
8190
8269
8191
8270
8192
8271
8193
8272
8194
8273
8195
8274
8196
8275
8197
8276
8198
8277
8199
8278
8200
8279
8201
8280
8202
8281
8203
8282
8204
8283
8205
8284
8206
8285
8207
8286
8208
8287
8209
8288
8210
8289
8211
8290
8212
8291
8213
8292
8214
8293
8215
8294
8216
8295
8217
8296
8218
8297
8219
8298
8220
8299
8221
8300
8222
8301
8223
8302
8224
8303
8225
8304
8226
8305
8227
8306
8228
8307
8229
8308
8230
8309
8231
8310
8232
8311
8233
8312
8234
8313
8235
8314
8236
8315
8237
8316
8238
8317
8239
8318
8319
8241
8320
8242
8321
8243
8322
8244
8323
8245
8324
8246
8325
8247
8326
8248
8327
8249
8328
8250
8329
8251
8330
8252
8331
8253
8332
8254
8333
8255
8334
8256
8335
8257
8336
8258
8337
8259
8338
8260
8339
8261
8340
8262
8341
8263
8342
8264
8343
8265
8344
8266
8345
8267
8346
8268
8347
8269
8348
8270
8349
8271
8350
8272
8351
8273
8352
8274
8353
8275
8354
8276
8355
8277
8356
8278
8357
8279
8358
8280
8359
8281
8360
8282
8361
8283
8362
8284
8363
8285
8364
8286
8365
8287
8366
8288
8367
8289
8368
8290
8369
8291
8370
8292
8371
8293
8372
8294
8373
8295
8374
8296
8375
8297
8376
8298
8377
8299
8378
8300
8379
8301
8380
8302
8381
8303
8382
8304
8383
8305
8384
8306
8385
8307
8386
8308
8387
8309
8388
8310
8389
8311
8390
8312
8391
8313
8392
8314
8393
8315
8394
8316
8395
8317
8396
8318
8397
8319
8398
8399
8321
8400
8322
8401
8323
8402
8324
8403
8325
8404
8326
8405
8327
8406
8328
8407
8329
8408
8330
8409
8331
8410
8332
8411
8333
8412
8334
8413
8335
8414
8336
8415
8337
8416
8338
8417
8339
8418
8340
8419
8341
8420
8342
8421
8343
8422
8344
8423
8345
8424
8346
8425
8347
8426
8348
8427
8349
8428
8350
8429
8351
8430
8352
8431
8353
8432
8354
8433
8355
8434
8356
8435
8357
8436
8358
8437
8359
8438
8360
8439
8361
8440
8362
8441
8363
8442
8364
8443
8365
8444
8366
8445
8367
8446
8368
8447
8369
8448
8370
8449
8371
8450
8372
8451
8373
8452
8374
8453
8375
8454
8376
8455
8377
8456
8378
8457
8379
8458
8380
8459
8381
8460
8382
8461
8383
8462
8384
8463
8385
8464
8386
8465
8387
8466
8388
8467
8389
8468
8390
8469
8391
8470
8392
8471
8393
8472
8394
8473
8395
8474
8396
8475
8397
8476
8398
8477
8399
8478
8479
8401
8480
8402
8481
8403
8482
8404
8483
8405
8484
8406
8485
8407
8486
8408
8487
8409
8488
8410
8489
8411
8490
8412
8491
8413
8492
8414
8493
8415
8494
8416
8495
8417
8496
8418
8497
8419
8498
8420
8499
8421
8500
8422
8501
8423
8502
8424
8503
8425
8504
8426
8505
8427
8506
8428
8507
8429
8508
8430
8509
8431
8510
8432
8511
8433
8512
8434
8513
8435
8514
8436
8515
8437
8516
8438
8517
8439
8518
8440
8519
8441
8520
8442
8521
8443
8522
8444
8523
8445
8524
8446
8525
8447
8526
8448
8527
8449
8528
8450
8529
8451
8530
8452
8531
8453
8532
8454
8533
8455
8534
8456
8535
8457
8536
8458
8537
8459
8538
8460
8539
8461
8540
8462
8541
8463
8542
8464
8543
8465
8544
8466
8545
8467
8546
8468
8547
8469
8548
8470
8549
8471
8550
8472
8551
8473
8552
8474
8553
8475
8554
8476
8555
8477
8556
8478
8557
8479
8558
8559
8481
8560
8482
8561
8483
8562
8484
8563
8485
8564
8486
8565
8487
8566
8488
8567
8489
8568
8490
8569
8491
8570
8492
8571
8493
8572
8494
8573
8495
8574
8496
8575
8497
8576
8498
8577
8499
8578
8500
8579
8501
8580
8502
8581
8503
8582
8504
8583
8505
8584
8506
8585
8507
8586
8508
8587
8509
8588
8510
8589
8511
8590
8512
8591
8513
8592
8514
8593
8515
8594
8516
8595
8517
8596
8518
8597
8519
8598
8520
8599
8521
8600
8522
8601
8523
8602
8524
8603
8525
8604
8526
8605
8527
8606
8528
8607
8529
8608
8530
8609
8531
8610
8532
8611
8533
8612
8534
8613
8535
8614
8536
8615
8537
8616
8538
8617
8539
8618
8540
8619
8541
8620
8542
8621
8543
8622
8544
8623
8545
8624
8546
8625
8547
8626
8548
8627
8549
8628
8550
8629
8551
8630
8552
8631
8553
8632
8554
8633
8555
8634
8556
8635
8557
8636
8558
8637
8559
8638
8639
8561
8640
8562
8641
8563
8642
8564
8643
8565
8644
8566
8645
8567
8646
8568
8647
8569
8648
8570
8649
8571
8650
8572
8651
8573
8652
8574
8653
8575
8654
8576
8655
8577
8656
8578
8657
8579
8658
8580
8659
8581
8660
8582
8661
8583
8662
8584
8663
8585
8664
8586
8665
8587
8666
8588
8667
8589
8668
8590
8669
8591
8670
8592
8671
8593
8672
8594
8673
8595
8674
8596
8675
8597
8676
8598
8677
8599
8678
8600
8679
8601
8680
8602
8681
8603
8682
8604
8683
8605
8684
8606
8685
8607
8686
8608
8687
8609
8688
8610
8689
8611
8690
8612
8691
8613
8692
8614
8693
8615
8694
8616
8695
8617
8696
8618
8697
8619
8698
8620
8699
8621
8700
8622
8701
8623
8702
8624
8703
8625
8704
8626
8705
8627
8706
8628
8707
8629
8708
8630
8709
8631
8710
8632
8711
8633
8712
8634
8713
8635
8714
8636
8715
8637
8716
8638
8717
8639
8718
8719
8641
8720
8642
8721
8643
8722
8644
8723
8645
8724
8646
8725
8647
8726
8648
8727
8649
8728
8650
8729
8651
8730
8652
8731
8653
8732
8654
8733
8655
8734
8656
8735
8657
8736
8658
8737
8659
8738
8660
8739
8661
8740
8662
8741
8663
8742
8664
8743
8665
8744
8666
8745
8667
8746
8668
8747
8669
8748
8670
8749
8671
8750
8672
8751
8673
8752
8674
8753
8675
8754
8676
8755
8677
8756
8678
8757
8679
8758
8680
8759
8681
8760
8682
8761
8683
8762
8684
8763
8685
8764
8686
8765
8687
8766
8688
8767
8689
8768
8690
8769
8691
8770
8692
8771
8693
8772
8694
8773
8695
8774
8696
8775
8697
8776
8698
8777
8699
8778
8700
8779
8701
8780
8702
8781
8703
8782
8704
8783
8705
8784
8706
8785
8707
8786
8708
8787
8709
8788
8710
8789
8711
8790
8712
8791
8713
8792
8714
8793
8715
8794
8716
8795
8717
8796
8718
8797
8719
8798
8799
8721
8800
8722
8801
8723
8802
8724
8803
8725
8804
8726
8805
8727
8806
8728
8807
8729
8808
8730
8809
8731
8810
8732
8811
8733
8812
8734
8813
8735
8814
8736
8815
8737
8816
8738
8817
8739
8818
8740
8819
8741
8820
8742
8821
8743
8822
8744
8823
8745
8824
8746
8825
8747
8826
8748
8827
8749
8828
8750
8829
8751
8830
8752
8831
8753
8832
8754
8833
8755
8834
8756
8835
8757
8836
8758
8837
8759
8838
8760
8839
8761
8840
8762
8841
8763
8842
8764
8843
8765
8844
8766
8845
8767
8846
8768
8847
8769
8848
8770
8849
8771
8850
8772
8851
8773
8852
8774
8853
8775
8854
8776
8855
8777
8856
8778
8857
8779
8858
8780
8859
8781
8860
8782
8861
8783
8862
8784
8863
8785
8864
8786
8865
8787
8866
8788
8867
8789
8868
8790
8869
8791
8870
8792
8871
8793
8872
8794
8873
8795
8874
8796
8875
8797
8876
8798
8877
8799
8878
8879
8801
8880
8802
8881
8803
8882
8804
8883
8805
8884
8806
8885
8807
8886
8808
8887
8809
8888
8810
8889
8811
8890
8812
8891
8813
8892
8814
8893
8815
8894
8816
8895
8817
8896
8818
8897
8819
8898
8820
8899
8821
8900
8822
8901
8823
8902
8824
8903
8825
8904
8826
8905
8827
8906
8828
8907
8829
8908
8830
8909
8831
8910
8832
8911
8833
8912
8834
8913
8835
8914
8836
8915
8837
8916
8838
8917
8839
8918
8840
8919
8841
8920
8842
8921
8843
8922
8844
8923
8845
8924
8846
8925
8847
8926
8848
8927
8849
8928
8850
8929
8851
8930
8852
8931
8853
8932
8854
8933
8855
8934
8856
8935
8857
8936
8858
8937
8859
8938
8860
8939
8861
8940
8862
8941
8863
8942
8864
8943
8865
8944
8866
8945
8867
8946
8868
8947
8869
8948
8870
8949
8871
8950
8872
8951
8873
8952
8874
8953
8875
8954
8876
8955
8877
8956
8878
8957
8879
8958
8959
8881
8960
8882
8961
8883
8962
8884
8963
8885
8964
8886
8965
8887
8966
8888
8967
8889
8968
8890
8969
8891
8970
8892
8971
8893
8972
8894
8973
8895
8974
8896
8975
8897
8976
8898
8977
8899
8978
8900
8979
8901
8980
8902
8981
8903
8982
8904
8983
8905
8984
8906
8985
8907
8986
8908
8987
8909
8988
8910
8989
8911
8990
8912
8991
8913
8992
8914
8993
8915
8994
8916
8995
8917
8996
8918
8997
8919
8998
8920
8999
8921
9000
8922
9001
8923
9002
8924
9003
8925
9004
8926
9005
8927
9006
8928
9007
8929
9008
8930
9009
8931
9010
8932
9011
8933
9012
8934
9013
8935
9014
8936
9015
8937
9016
8938
9017
8939
9018
8940
9019
8941
9020
8942
9021
8943
9022
8944
9023
8945
9024
8946
9025
8947
9026
8948
9027
8949
9028
8950
9029
8951
9030
8952
9031
8953
9032
8954
9033
8955
9034
8956
9035
8957
9036
8958
9037
8959
9038
9039
8961
9040
8962
9041
8963
9042
8964
9043
8965
9044
8966
9045
8967
9046
8968
9047
8969
9048
8970
9049
8971
9050
8972
9051
8973
9052
8974
9053
8975
9054
8976
9055
8977
9056
8978
9057
8979
9058
8980
9059
8981
9060
8982
9061
8983
9062
8984
9063
8985
9064
8986
9065
8987
9066
8988
9067
8989
9068
8990
9069
8991
9070
8992
9071
8993
9072
8994
9073
8995
9074
8996
9075
8997
9076
8998
9077
8999
9078
9000
9079
9001
9080
9002
9081
9003
9082
9004
9083
9005
9084
9006
9085
9007
9086
9008
9087
9009
9088
9010
9089
9011
9090
9012
9091
9013
9092
9014
9093
9015
9094
9016
9095
9017
9096
9018
9097
9019
9098
9020
9099
9021
9100
9022
9101
9023
9102
9024
9103
9025
9104
9026
9105
9027
9106
9028
9107
9029
9108
9030
9109
9031
9110
9032
9111
9033
9112
9034
9113
9035
9114
9036
9115
9037
9116
9038
9117
9039
9118
9119
9041
9120
9042
9121
9043
9122
9044
9123
9045
9124
9046
9125
9047
9126
9048
9127
9049
9128
9050
9129
9051
9130
9052
9131
9053
9132
9054
9133
9055
9134
9056
9135
9057
9136
9058
9137
9059
9138
9060
9139
9061
9140
9062
9141
9063
9142
9064
9143
9065
9144
9066
9145
9067
9146
9068
9147
9069
9148
9070
9149
9071
9150
9072
9151
9073
9152
9074
9153
9075
9154
9076
9155
9077
9156
9078
9157
9079
9158
9080
9159
9081
9160
9082
9161
9083
9162
9084
9163
9085
9164
9086
9165
9087
9166
9088
9167
9089
9168
9090
9169
9091
9170
9092
9171
9093
9172
9094
9173
9095
9174
9096
9175
9097
9176
9098
9177
9099
9178
9100
9179
9101
9180
9102
9181
9103
9182
9104
9183
9105
9184
9106
9185
9107
9186
9108
9187
9109
9188
9110
9189
9111
9190
9112
9191
9113
9192
9114
9193
9115
9194
9116
9195
9117
9196
9118
9197
9119
9198
9199
9121
9200
9122
9201
9123
9202
9124
9203
9125
9204
9126
9205
9127
9206
9128
9207
9129
9208
9130
9209
9131
9210
9132
9211
9133
9212
9134
9213
9135
9214
9136
9215
9137
9216
9138
9217
9139
9218
9140
9219
9141
9220
9142
9221
9143
9222
9144
9223
9145
9224
9146
9225
9147
9226
9148
9227
9149
9228
9150
9229
9151
9230
9152
9231
9153
9232
9154
9233
9155
9234
9156
9235
9157
9236
9158
9237
9159
9238
9160
9239
9161
9240
9162
9241
9163
9242
9164
9243
9165
9244
9166
9245
9167
9246
9168
9247
9169
9248
9170
9249
9171
9250
9172
9251
9173
9252
9174
9253
9175
9254
9176
9255
9177
9256
9178
9257
9179
9258
9180
9259
9181
9260
9182
9261
9183
9262
9184
9263
9185
9264
9186
9265
9187
9266
9188
9267
9189
9268
9190
9269
9191
9270
9192
9271
9193
9272
9194
9273
9195
9274
9196
9275
9197
9276
9198
9277
9199
9278
9279
9201
9280
9202
9281
9203
9282
9204
9283
9205
9284
9206
9285
9207
9286
9208
9287
9209
9288
9210
9289
9211
9290
9212
9291
9213
9292
9214
9293
9215
9294
9216
9295
9217
9296
9218
9297
9219
9298
9220
9299
9221
9300
9222
9301
9223
9302
9224
9303
9225
9304
9226
9305
9227
9306
9228
9307
9229
9308
9230
9309
9231
9310
9232
9311
9233
9312
9234
9313
9235
9314
9236
9315
9237
9316
9238
9317
9239
9318
9240
9319
9241
9320
9242
9321
9243
9322
9244
9323
9245
9324
9246
9325
9247
9326
9248
9327
9249
9328
9250
9329
9251
9330
9252
9331
9253
9332
9254
9333
9255
9334
9256
9335
9257
9336
9258
9337
9259
9338
9260
9339
9261
9340
9262
9341
9263
9342
9264
9343
9265
9344
9266
9345
9267
9346
9268
9347
9269
9348
9270
9349
9271
9350
9272
9351
9273
9352
9274
9353
9275
9354
9276
9355
9277
9356
9278
9357
9279
9358
9359
9281
9360
9282
9361
9283
9362
9284
9363
9285
9364
9286
9365
9287
9366
9288
9367
9289
9368
9290
9369
9291
9370
9292
9371
9293
9372
9294
9373
9295
9374
9296
9375
9297
9376
9298
9377
9299
9378
9300
9379
9301
9380
9302
9381
9303
9382
9304
9383
9305
9384
9306
9385
9307
9386
9308
9387
9309
9388
9310
9389
9311
9390
9312
9391
9313
9392
9314
9393
9315
9394
9316
9395
9317
9396
9318
9397
9319
9398
9320
9399
9321
9400
9322
9401
9323
9402
9324
9403
9325
9404
9326
9405
9327
9406
9328
9407
9329
9408
9330
9409
9331
9410
9332
9411
9333
9412
9334
9413
9335
9414
9336
9415
9337
9416
9338
9417
9339
9418
9340
9419
9341
9420
9342
9421
9343
9422
9344
9423
9345
9424
9346
9425
9347
9426
9348
9427
9349
9428
9350
9429
9351
9430
9352
9431
9353
9432
9354
9433
9355
9434
9356
9435
9357
9436
9358
9437
9359
9438
9439
9361
9440
9362
9441
9363
9442
9364
9443
9365
9444
9366
9445
9367
9446
9368
9447
9369
9448
9370
9449
9371
9450
9372
9451
9373
9452
9374
9453
9375
9454
9376
9455
9377
9456
9378
9457
9379
9458
9380
9459
9381
9460
9382
9461
9383
9462
9384
9463
9385
9464
9386
9465
9387
9466
9388
9467
9389
9468
9390
9469
9391
9470
9392
9471
9393
9472
9394
9473
9395
9474
9396
9475
9397
9476
9398
9477
9399
9478
9400
9479
9401
9480
9402
9481
9403
9482
9404
9483
9405
9484
9406
9485
9407
9486
9408
9487
9409
9488
9410
9489
9411
9490
9412
9491
9413
9492
9414
9493
9415
9494
9416
9495
9417
9496
9418
9497
9419
9498
9420
9499
9421
9500
9422
9501
9423
9502
9424
9503
9425
9504
9426
9505
9427
9506
9428
9507
9429
9508
9430
9509
9431
9510
9432
9511
9433
9512
9434
9513
9435
9514
9436
9515
9437
9516
9438
9517
9439
9518
9519
9441
9520
9442
9521
9443
9522
9444
9523
9445
9524
9446
9525
9447
9526
9448
9527
9449
9528
9450
9529
9451
9530
9452
9531
9453
9532
9454
9533
9455
9534
9456
9535
9457
9536
9458
9537
9459
9538
9460
9539
9461
9540
9462
9541
9463
9542
9464
9543
9465
9544
9466
9545
9467
9546
9468
9547
9469
9548
9470
9549
9471
9550
9472
9551
9473
9552
9474
9553
9475
9554
9476
9555
9477
9556
9478
9557
9479
9558
9480
9559
9481
9560
9482
9561
9483
9562
9484
9563
9485
9564
9486
9565
9487
9566
9488
9567
9489
9568
9490
9569
9491
9570
9492
9571
9493
9572
9494
9573
9495
9574
9496
9575
9497
9576
9498
9577
9499
9578
9500
9579
9501
9580
9502
9581
9503
9582
9504
9583
9505
9584
9506
9585
9507
9586
9508
9587
9509
9588
9510
9589
9511
9590
9512
9591
9513
9592
9514
9593
9515
9594
9516
9595
9517
9596
9518
9597
9519
9598
9599
9521
9522
9523
9524
9525
9526
9527
9528
9529
9530
9531
9532
9533
9534
9535
9536
9537
9538
9539
9540
9541
9542
9543
9544
9545
9546
9547
9548
9549
9550
9551
9552
9553
9554
9555
9556
9557
9558
9559
9560
9561
9562
9563
9564
9565
9566
9567
9568
9569
9570
9571
9572
9573
9574
9575
9576
9577
9578
9579
9580
9581
9582
9583
9584
9585
9586
9587
9588
9589
9590
9591
9592
9593
9594
9595
9596
9597
9598
9599
)


// ************************************************************************* //
