/*--------------------------------*- C++ -*----------------------------------*\
| =========                 |                                                 |
| \\      /  F ield         | OpenFOAM: The Open Source CFD Toolbox           |
|  \\    /   O peration     | Version:  v2012                                 |
|   \\  /    A nd           | Website:  www.openfoam.com                      |
|    \\/     M anipulation  |                                                 |
\*---------------------------------------------------------------------------*/
FoamFile
{
    version     2.0;
    format      ascii;
    class       surfaceScalarField;
    location    "0.4";
    object      phi;
}
// * * * * * * * * * * * * * * * * * * * * * * * * * * * * * * * * * * * * * //

dimensions      [0 3 -1 0 0 0 0];
oriented        oriented;


internalField   nonuniform List<scalar> 
4700
(
0.000865673
-1.20744e-07
0.000865824
-1.50794e-07
0.000865633
1.91212e-07
0.000865639
-5.99668e-09
0.000865337
3.01564e-07
0.000865417
-8.01991e-08
0.000865034
3.83082e-07
0.000865184
-1.49447e-07
0.000864608
5.75385e-07
0.000864813
-2.05283e-07
0.000863952
8.61811e-07
0.000864243
-2.91284e-07
0.000862959
1.28356e-06
0.000863361
-4.01371e-07
0.000861424
1.93658e-06
0.000861928
-5.03504e-07
0.000858804
3.12326e-06
0.000858827
-2.22936e-08
0.000850221
8.60606e-06
1.03372e-05
0.000839883
0.000880886
6.6755e-08
0.000881166
-4.30834e-07
0.000880881
4.75631e-07
0.000881066
-1.90712e-07
0.000880667
7.00748e-07
0.000880853
-2.66274e-07
0.000880394
8.42068e-07
0.000880568
-3.23881e-07
0.000880019
1.12476e-06
0.000880116
-3.02389e-07
0.000879455
1.5227e-06
0.000879403
-2.39351e-07
0.000878619
2.06776e-06
0.000878273
-5.47701e-08
0.000877272
2.93729e-06
0.000876315
4.53072e-07
0.000874531
4.90792e-06
0.000871355
3.15282e-06
0.000867772
1.21893e-05
1.48236e-05
0.000863286
0.000896699
2.40587e-07
0.000896822
-5.54481e-07
0.000896676
6.21679e-07
0.000896739
-2.53329e-07
0.000896537
9.02406e-07
0.000896503
-2.31579e-07
0.000896295
1.04958e-06
0.000896159
-1.88134e-07
0.000895955
1.32876e-06
0.000895652
4.03202e-10
0.000895439
1.73625e-06
0.000894881
3.18231e-07
0.000894636
2.31361e-06
0.000893666
9.14571e-07
0.000893308
3.29569e-06
0.000891454
2.30711e-06
0.000890642
5.71943e-06
0.000887181
6.61447e-06
0.000886178
1.31923e-05
1.91758e-05
0.000881825
0.000912902
2.93394e-07
0.000912807
-4.59084e-07
0.000912853
5.75828e-07
0.000912739
-1.39163e-07
0.000912761
8.80529e-07
0.00091252
9.05929e-09
0.00091252
1.04979e-06
0.00091217
1.61576e-07
0.000912161
1.33801e-06
0.000911675
4.86588e-07
0.000911622
1.78871e-06
0.000910928
1.01233e-06
0.00091077
2.47125e-06
0.000909752
1.93258e-06
0.000909315
3.7326e-06
0.000907701
3.92127e-06
0.000906669
6.75204e-06
0.000904255
9.02815e-06
0.00090293
1.45175e-05
2.1388e-05
0.000900718
0.000929346
2.74025e-07
0.000929156
-2.69766e-07
0.000929263
4.69199e-07
0.000929092
3.20668e-08
0.000929182
7.8993e-07
0.000928906
2.85167e-07
0.000928941
1.01508e-06
0.000928565
5.37167e-07
0.000928566
1.33745e-06
0.000928083
9.69528e-07
0.000928007
1.86433e-06
0.000927359
1.66028e-06
0.000927126
2.70493e-06
0.000926209
2.84912e-06
0.000925652
4.28972e-06
0.0009243
5.27315e-06
0.000923222
7.82968e-06
0.000921463
1.07874e-05
0.000920183
1.57975e-05
2.24674e-05
0.000919104
0.000946034
2.30574e-07
0.000945851
-8.68323e-08
0.000945926
3.94776e-07
0.000945772
1.85786e-07
0.000945839
7.22516e-07
0.000945608
5.16935e-07
0.000945601
1.02188e-06
0.000945284
8.53852e-07
0.000945216
1.40593e-06
0.000944812
1.37279e-06
0.000944647
2.02968e-06
0.000944106
2.20173e-06
0.000943758
3.05253e-06
0.00094299
3.61722e-06
0.000942331
4.94887e-06
0.000941229
6.37461e-06
0.000940184
8.87502e-06
0.000938864
1.21071e-05
0.000937823
1.68391e-05
2.30257e-05
0.000937264
0.000962998
1.86674e-07
0.000962858
5.30908e-08
0.000962884
3.68382e-07
0.000962758
3.12444e-07
0.00096278
7.0053e-07
0.000962602
6.94471e-07
0.00096255
1.07428e-06
0.000962294
1.11019e-06
0.000962165
1.53494e-06
0.00096183
1.70723e-06
0.000961595
2.26479e-06
0.000961138
2.65901e-06
0.000960723
3.46728e-06
0.000960066
4.2745e-06
0.000959383
5.63175e-06
0.000958465
7.29271e-06
0.000957522
9.81743e-06
0.000956515
1.31147e-05
0.00095574
1.76141e-05
2.33088e-05
0.000955457
0.000980257
1.51753e-07
0.000980161
1.4906e-07
0.000980153
3.76501e-07
0.000980046
4.18677e-07
0.000980029
7.18073e-07
0.000979889
8.33814e-07
0.000979806
1.1574e-06
0.000979595
1.32145e-06
0.000979429
1.7009e-06
0.000979139
1.99683e-06
0.00097887
2.53474e-06
0.000978464
3.06499e-06
0.000978033
3.89832e-06
0.000977448
4.85886e-06
0.000976801
6.27904e-06
0.000976017
8.07634e-06
0.000975214
1.06205e-05
0.000974441
1.38879e-05
0.0009739
1.81554e-05
2.34092e-05
0.000973799
0.000997823
1.27967e-07
0.000997759
2.1258e-07
0.000997733
4.03045e-07
0.000997641
5.10013e-07
0.000997596
7.63466e-07
0.000997478
9.51409e-07
0.000997379
1.25682e-06
0.000997197
1.50386e-06
0.000997016
1.88189e-06
0.000996753
2.25954e-06
0.000996474
2.81341e-06
0.000996101
3.43821e-06
0.000995683
4.31632e-06
0.000995155
5.38635e-06
0.00099457
6.86447e-06
0.0009939
8.74597e-06
0.000993241
1.128e-05
0.000992656
1.4473e-05
0.000992305
1.85066e-05
2.33672e-05
0.000992347
0.0010157
1.14312e-07
0.00101566
2.54389e-07
0.00101563
4.3829e-07
0.00101555
5.89689e-07
0.00101549
8.25753e-07
0.00101538
1.05733e-06
0.00101527
1.36351e-06
0.00101511
1.66821e-06
0.00101493
2.06386e-06
0.00101468
2.50359e-06
0.00101441
3.08635e-06
0.00101406
3.78432e-06
0.00101367
4.70778e-06
0.0010132
5.85981e-06
0.00101268
7.3799e-06
0.00101212
9.30939e-06
0.00101159
1.18067e-05
0.00101117
1.48998e-05
0.00101097
1.87037e-05
2.32061e-05
0.00101113
0.00103391
1.08299e-07
0.00103388
2.83869e-07
0.00103384
4.75552e-07
0.00103377
6.60431e-07
0.0010337
8.96023e-07
0.0010336
1.15649e-06
0.00103349
1.47247e-06
0.00103334
1.81971e-06
0.00103317
2.24006e-06
0.00103294
2.73053e-06
0.00103268
3.34624e-06
0.00103236
4.10254e-06
0.001032
5.06665e-06
0.00103159
6.27784e-06
0.00103114
7.82444e-06
0.00103068
9.77167e-06
0.00103027
1.22139e-05
0.00102998
1.51909e-05
0.00102991
1.8773e-05
2.29435e-05
0.00103017
0.00105245
1.07426e-07
0.00105242
3.07055e-07
0.00105239
5.11707e-07
0.00105232
7.2365e-07
0.00105225
9.6841e-07
0.00105216
1.25043e-06
0.00105205
1.58053e-06
0.00105191
1.96033e-06
0.00105174
2.4073e-06
0.00105153
2.93951e-06
0.00105129
3.58862e-06
0.001051
4.39056e-06
0.00105068
5.38928e-06
0.00105032
6.63935e-06
0.00104994
8.19908e-06
0.00104958
1.01388e-05
0.00104928
1.25136e-05
0.0010491
1.53649e-05
0.00104914
1.87336e-05
2.25952e-05
0.00104949
0.00107131
1.09662e-07
0.00107129
3.26956e-07
0.00107126
5.46103e-07
0.0010712
7.801e-07
0.00107113
1.03896e-06
0.00107104
1.33916e-06
0.00107094
1.68511e-06
0.00107081
2.09068e-06
0.00107065
2.56339e-06
0.00107046
3.12959e-06
0.00107024
3.80984e-06
0.00106999
4.6466e-06
0.0010697
5.67266e-06
0.0010694
6.94471e-06
0.00106909
8.5051e-06
0.00106881
1.04178e-05
0.00106861
1.27157e-05
0.00106854
1.54365e-05
0.00106867
1.86001e-05
2.21753e-05
0.00106909
0.00109052
1.13543e-07
0.00109051
3.45017e-07
0.00109047
5.78388e-07
0.00109042
8.30686e-07
0.00109036
1.10514e-06
0.00109027
1.42198e-06
0.00109017
1.78393e-06
0.00109005
2.2106e-06
0.00108991
2.70642e-06
0.00108974
3.30002e-06
0.00108954
4.00692e-06
0.00108932
4.86945e-06
0.00108908
5.91448e-06
0.00108883
7.1951e-06
0.00108859
8.74417e-06
0.00108839
1.06159e-05
0.00108828
1.28291e-05
0.0010883
1.54181e-05
0.00108851
1.83845e-05
2.16951e-05
0.00108899
0.00111008
1.18106e-07
0.00111006
3.61777e-07
0.00111003
6.08232e-07
0.00110999
8.76053e-07
0.00110993
1.16556e-06
0.00110985
1.49787e-06
0.00110976
1.87501e-06
0.00110965
2.31938e-06
0.00110952
2.83474e-06
0.00110937
3.44998e-06
0.0011092
4.17777e-06
0.00110901
5.05816e-06
0.00110881
6.11347e-06
0.00110862
7.39184e-06
0.00110844
8.9187e-06
0.00110832
1.07393e-05
0.00110829
1.2862e-05
0.00110838
1.53194e-05
0.00110867
1.80971e-05
2.11633e-05
0.0011092
0.00112998
1.22758e-07
0.00112997
3.77272e-07
0.00112994
6.35338e-07
0.0011299
9.16462e-07
0.00112985
1.21954e-06
0.00112978
1.56587e-06
0.0011297
1.95673e-06
0.0011296
2.41595e-06
0.00112949
2.94693e-06
0.00112936
3.57857e-06
0.00112922
4.32104e-06
0.00112906
5.21202e-06
0.00112891
6.26927e-06
0.00112876
7.53629e-06
0.00112865
9.03163e-06
0.0011286
1.07933e-05
0.00112864
1.28224e-05
0.00112881
1.51488e-05
0.00112916
1.77464e-05
2.05865e-05
0.00112973
0.00115025
1.27148e-07
0.00115023
3.91295e-07
0.00115021
6.59431e-07
0.00115017
9.51875e-07
0.00115013
1.26662e-06
0.00115007
1.62515e-06
0.00115
2.02778e-06
0.00114991
2.49907e-06
0.00114982
3.04182e-06
0.00114971
3.68484e-06
0.0011496
4.43594e-06
0.00114948
5.33063e-06
0.00114937
6.38215e-06
0.00114927
7.62995e-06
0.00114922
9.08611e-06
0.00114923
1.07828e-05
0.00114933
1.27168e-05
0.00114957
1.49134e-05
0.00114998
1.73399e-05
1.99703e-05
0.00115059
0.00117087
1.3107e-07
0.00117086
4.03558e-07
0.00117084
6.80239e-07
0.00117081
9.82064e-07
0.00117077
1.30646e-06
0.00117072
1.675e-06
0.00117066
2.08714e-06
0.00117059
2.56761e-06
0.00117052
3.11839e-06
0.00117043
3.76795e-06
0.00117035
4.52197e-06
0.00117026
5.41389e-06
0.00117019
6.45283e-06
0.00117015
7.67447e-06
0.00117015
9.08531e-06
0.00117022
1.07124e-05
0.00117039
1.25511e-05
0.00117068
1.46199e-05
0.00117114
1.68837e-05
1.9319e-05
0.00117179
0.00119187
1.34394e-07
0.00119186
4.13784e-07
0.00119184
6.97473e-07
0.00119182
1.00672e-06
0.00119179
1.3387e-06
0.00119175
1.71485e-06
0.0011917
2.13402e-06
0.00119165
2.62058e-06
0.00119159
3.17575e-06
0.00119153
3.82722e-06
0.00119147
4.5789e-06
0.00119142
5.46199e-06
0.0011914
6.48227e-06
0.0011914
7.67169e-06
0.00119145
9.03225e-06
0.00119158
1.05867e-05
0.0011918
1.233e-05
0.00119214
1.42739e-05
0.00119264
1.63831e-05
1.86365e-05
0.00119333
0.00121324
1.37025e-07
0.00121324
4.2174e-07
0.00121322
7.10838e-07
0.0012132
1.02551e-06
0.00121318
1.36296e-06
0.00121315
1.74419e-06
0.00121312
2.16774e-06
0.00121308
2.65722e-06
0.00121304
3.21322e-06
0.00121301
3.86217e-06
0.00121298
4.60662e-06
0.00121297
5.47538e-06
0.00121298
6.47159e-06
0.00121302
7.62358e-06
0.00121313
8.92977e-06
0.0012133
1.04099e-05
0.00121358
1.20579e-05
0.00121397
1.38803e-05
0.00121451
1.58427e-05
1.79261e-05
0.00121522
0.001235
1.38888e-07
0.00123499
4.27241e-07
0.00123499
7.2004e-07
0.00123497
1.03811e-06
0.00123496
1.37885e-06
0.00123494
1.76259e-06
0.00123492
2.18779e-06
0.0012349
2.67696e-06
0.00123488
3.23025e-06
0.00123487
3.87252e-06
0.00123487
4.60521e-06
0.00123489
5.4547e-06
0.00123494
6.42207e-06
0.00123503
7.5322e-06
0.00123518
8.78071e-06
0.00123541
1.01857e-05
0.00123573
1.17387e-05
0.00123616
1.34433e-05
0.00123674
1.52663e-05
1.71906e-05
0.00123748
0.00125715
1.39916e-07
0.00125714
4.30138e-07
0.00125714
7.24814e-07
0.00125713
1.04423e-06
0.00125713
1.386e-06
0.00125712
1.7697e-06
0.00125711
2.19372e-06
0.00125711
2.67942e-06
0.00125711
3.2265e-06
0.00125713
3.85817e-06
0.00125716
4.57491e-06
0.00125721
5.40073e-06
0.0012573
6.33503e-06
0.00125743
7.39962e-06
0.00125763
8.58788e-06
0.00125789
9.91728e-06
0.00125826
1.13762e-05
0.00125873
1.29668e-05
0.00125934
1.46573e-05
1.64324e-05
0.0012601
0.00127969
1.40053e-07
0.00127969
4.30304e-07
0.00127969
7.24933e-07
0.00127969
1.04361e-06
0.00127969
1.38412e-06
0.0012797
1.76521e-06
0.00127971
2.18522e-06
0.00127972
2.66433e-06
0.00127975
3.2018e-06
0.00127978
3.8192e-06
0.00127984
4.51611e-06
0.00127993
5.31433e-06
0.00128005
6.21187e-06
0.00128022
7.22784e-06
0.00128046
8.35409e-06
0.00128077
9.60757e-06
0.00128117
1.09737e-05
0.00128168
1.24541e-05
0.00128232
1.40184e-05
1.56534e-05
0.0012831
0.00130264
1.39256e-07
0.00130264
4.27632e-07
0.00130265
7.20213e-07
0.00130265
1.03603e-06
0.00130267
1.37294e-06
0.00130268
1.74889e-06
0.0013027
2.16208e-06
0.00130274
2.63158e-06
0.00130278
3.15614e-06
0.00130285
3.75584e-06
0.00130293
4.42934e-06
0.00130305
5.1965e-06
0.00130321
6.05404e-06
0.00130342
7.01876e-06
0.00130369
8.08195e-06
0.00130404
9.25921e-06
0.00130448
1.05341e-05
0.00130502
1.19081e-05
0.00130569
1.33523e-05
1.48552e-05
0.00130649
0.001326
1.37491e-07
0.001326
4.22026e-07
0.00132601
7.10514e-07
0.00132603
1.02131e-06
0.00132605
1.35229e-06
0.00132608
1.72058e-06
0.00132612
2.1242e-06
0.00132617
2.58114e-06
0.00132623
3.08967e-06
0.00132632
3.66843e-06
0.00132643
4.31525e-06
0.00132658
5.04824e-06
0.00132677
5.86302e-06
0.00132702
6.77435e-06
0.00132733
7.77379e-06
0.00132771
8.87474e-06
0.00132818
1.00602e-05
0.00132876
1.13313e-05
0.00132945
1.2661e-05
1.40393e-05
0.00133027
0.00134978
1.34736e-07
0.00134979
4.13412e-07
0.0013498
6.95738e-07
0.00134982
9.99345e-07
0.00134985
1.32206e-06
0.00134989
1.68019e-06
0.00134995
2.07157e-06
0.00135001
2.51312e-06
0.0013501
3.00266e-06
0.00135021
3.55745e-06
0.00135035
4.17462e-06
0.00135053
4.87066e-06
0.00135075
5.64031e-06
0.00135103
6.49653e-06
0.00135137
7.43167e-06
0.00135179
8.4565e-06
0.0013523
9.55423e-06
0.0013529
1.0726e-05
0.00135362
1.19463e-05
1.32068e-05
0.00135445
0.00137398
1.30979e-07
0.00137399
4.01741e-07
0.00137401
6.75829e-07
0.00137404
9.7005e-07
0.00137408
1.28221e-06
0.00137414
1.62773e-06
0.0013742
2.00429e-06
0.00137429
2.42772e-06
0.0013744
2.89547e-06
0.00137453
3.42347e-06
0.0013747
4.00829e-06
0.0013749
4.66488e-06
0.00137515
5.38732e-06
0.00137546
6.18723e-06
0.00137584
7.05752e-06
0.00137629
8.00666e-06
0.00137682
9.01849e-06
0.00137746
1.00942e-05
0.00137819
1.12098e-05
1.23585e-05
0.00137904
0.00139862
1.26213e-07
0.00139864
3.86991e-07
0.00139866
6.50765e-07
0.0013987
9.33421e-07
0.00139875
1.23277e-06
0.00139881
1.56329e-06
0.00139889
1.92254e-06
0.001399
2.32524e-06
0.00139912
2.76859e-06
0.00139928
3.26718e-06
0.00139947
3.81718e-06
0.0013997
4.4321e-06
0.00139998
5.10553e-06
0.00140032
5.84822e-06
0.00140073
6.65315e-06
0.00140121
7.52719e-06
0.00140177
8.45491e-06
0.00140243
9.43751e-06
0.00140318
1.04527e-05
1.14951e-05
0.00140405
0.0014237
1.20439e-07
0.00142372
3.69169e-07
0.00142375
6.20566e-07
0.00142379
8.89507e-07
0.00142385
1.17384e-06
0.00142393
1.48703e-06
0.00142403
1.82659e-06
0.00142414
2.20609e-06
0.00142429
2.62258e-06
0.00142447
3.08933e-06
0.00142468
3.60228e-06
0.00142494
4.17352e-06
0.00142525
4.79638e-06
0.00142562
5.48113e-06
0.00142605
6.22035e-06
0.00142656
7.0199e-06
0.00142715
7.8652e-06
0.00142783
8.7575e-06
0.0014286
9.67631e-06
1.06172e-05
0.00142948
0.00144923
1.13668e-07
0.00144925
3.48311e-07
0.00144929
5.85294e-07
0.00144934
8.38416e-07
0.00144941
1.10559e-06
0.0014495
1.3992e-06
0.00144961
1.7168e-06
0.00144974
2.07077e-06
0.00144991
2.45808e-06
0.0014501
2.89076e-06
0.00145034
3.3646e-06
0.00145063
3.89041e-06
0.00145096
4.46137e-06
0.00145135
5.08747e-06
0.00145181
5.76075e-06
0.00145235
6.48645e-06
0.00145296
7.25093e-06
0.00145366
8.05547e-06
0.00145446
8.88135e-06
9.72511e-06
0.00145535
0.00147522
1.05917e-07
0.00147524
3.24476e-07
0.00147529
5.45053e-07
0.00147534
7.80315e-07
0.00147542
1.02824e-06
0.00147552
1.30014e-06
0.00147564
1.5936e-06
0.00147579
1.91985e-06
0.00147598
2.27585e-06
0.00147619
2.67237e-06
0.00147645
3.10524e-06
0.00147676
3.584e-06
0.00147712
4.10196e-06
0.00147754
4.6687e-06
0.00147802
5.27591e-06
0.00147858
5.92836e-06
0.00147922
6.61347e-06
0.00147994
7.33252e-06
0.00148075
8.06859e-06
8.81903e-06
0.00148166
0.00150168
9.72139e-08
0.0015017
2.97752e-07
0.00150175
4.99994e-07
0.00150181
7.15425e-07
0.0015019
9.42119e-07
0.00150201
1.19027e-06
0.00150214
1.45754e-06
0.00150231
1.754e-06
0.00150251
2.07667e-06
0.00150275
2.43515e-06
0.00150303
2.82532e-06
0.00150335
3.25555e-06
0.00150374
3.71959e-06
0.00150418
4.22624e-06
0.00150469
4.76729e-06
0.00150527
5.34705e-06
0.00150593
5.95406e-06
0.00150667
6.58962e-06
0.0015075
7.2386e-06
7.89902e-06
0.00150842
0.0015286
8.75963e-08
0.00152863
2.6825e-07
0.00152868
4.50311e-07
0.00152875
6.44031e-07
0.00152885
8.47598e-07
0.00152897
1.07006e-06
0.00152912
1.30923e-06
0.0015293
1.57397e-06
0.00152951
1.86146e-06
0.00152977
2.18011e-06
0.00153007
2.52601e-06
0.00153042
2.9064e-06
0.00153082
3.31563e-06
0.00153129
3.7615e-06
0.00153182
4.23629e-06
0.00153242
4.74381e-06
0.0015331
5.27381e-06
0.00153386
5.82757e-06
0.00153471
6.39177e-06
6.96499e-06
0.00153564
0.00155602
7.71101e-08
0.00155605
2.36111e-07
0.0015561
3.96246e-07
0.00155618
5.66474e-07
0.00155628
7.45136e-07
0.00155641
9.40106e-07
0.00155657
1.14936e-06
0.00155676
1.38059e-06
0.001557
1.63118e-06
0.00155727
1.90837e-06
0.00155758
2.20855e-06
0.00155795
2.53786e-06
0.00155838
2.89141e-06
0.00155886
3.27585e-06
0.00155941
3.68422e-06
0.00156004
4.11982e-06
0.00156074
4.57369e-06
0.00156152
5.04704e-06
0.00156238
5.52839e-06
6.01674e-06
0.00156333
0.00158392
6.58109e-08
0.00158395
2.01507e-07
0.00158401
3.38084e-07
0.00158409
4.83164e-07
0.0015842
6.35262e-07
0.00158434
8.01055e-07
0.00158451
9.78734e-07
0.00158472
1.17479e-06
0.00158496
1.38689e-06
0.00158525
1.6211e-06
0.00158559
1.87422e-06
0.00158597
2.15132e-06
0.00158642
2.4483e-06
0.00158692
2.77066e-06
0.00158749
3.11237e-06
0.00158814
3.47622e-06
0.00158886
3.8546e-06
0.00158965
4.24861e-06
0.00159053
4.6486e-06
5.05393e-06
0.0015915
0.00161232
5.37633e-08
0.00161236
1.64641e-07
0.00161242
2.7616e-07
0.00161251
3.94571e-07
0.00161263
5.18582e-07
0.00161277
6.53663e-07
0.00161295
7.98239e-07
0.00161317
9.57604e-07
0.00161343
1.12974e-06
0.00161373
1.31957e-06
0.00161408
1.52436e-06
0.00161448
1.74819e-06
0.00161494
1.98769e-06
0.00161547
2.24729e-06
0.00161606
2.52199e-06
0.00161672
2.81408e-06
0.00161746
3.11733e-06
0.00161827
3.43272e-06
0.00161917
3.75243e-06
4.07611e-06
0.00162015
0.00164123
4.10438e-08
0.00164127
1.25755e-07
0.00164134
2.10849e-07
0.00164143
3.01237e-07
0.00164155
3.95783e-07
0.00164171
4.98783e-07
0.0016419
6.08864e-07
0.00164213
7.30166e-07
0.00164239
8.60971e-07
0.00164271
1.00513e-06
0.00164307
1.16038e-06
0.00164349
1.32993e-06
0.00164397
1.511e-06
0.00164451
1.70712e-06
0.00164512
1.91432e-06
0.0016458
2.13444e-06
0.00164655
2.36262e-06
0.00164738
2.59975e-06
0.0016483
2.83981e-06
3.08271e-06
0.00164929
0.00167066
2.77484e-08
0.00167071
8.51253e-08
0.00167077
1.42575e-07
0.00167087
2.0378e-07
0.001671
2.67647e-07
0.00167116
3.37378e-07
0.00167136
4.11711e-07
0.00167159
4.93735e-07
0.00167187
5.8196e-07
0.0016722
6.79261e-07
0.00167258
7.83807e-07
0.00167301
8.98069e-07
0.0016735
1.01975e-06
0.00167405
1.15158e-06
0.00167468
1.2906e-06
0.00167537
1.43832e-06
0.00167615
1.59117e-06
0.001677
1.75003e-06
0.00167792
1.91057e-06
2.07305e-06
0.00167893
0.00170062
1.40092e-08
0.00170067
4.30034e-08
0.00170074
7.18553e-08
0.00170084
1.02906e-07
0.00170097
1.35083e-07
0.00170114
1.70511e-07
0.00170134
2.0802e-07
0.00170158
2.49692e-07
0.00170187
2.94216e-07
0.00170221
3.43591e-07
0.00170259
3.96301e-07
0.00170304
4.54225e-07
0.00170354
5.155e-07
0.00170411
5.82185e-07
0.00170475
6.52138e-07
0.00170546
7.26785e-07
0.00170625
8.0364e-07
0.00170712
8.83805e-07
0.00170806
9.64451e-07
1.04634e-06
0.00170909
0.00173112
0.00173116
0.00173123
0.00173134
0.00173147
0.00173164
0.00173185
0.0017321
0.00173239
0.00173274
0.00173313
0.00173359
0.0017341
0.00173469
0.00173534
0.00173606
0.00173687
0.00173775
0.00173872
0.00173976
0.000798949
4.09347e-05
0.000743979
5.49701e-05
0.000688735
5.52438e-05
0.000635576
5.31584e-05
0.000583509
5.20669e-05
0.000532127
5.13821e-05
0.000481845
5.02827e-05
0.000433486
4.83583e-05
0.00038803
4.54567e-05
0.00034647
4.15602e-05
0.000309596
3.68731e-05
0.000278063
3.1534e-05
0.000252179
2.58833e-05
0.000231766
2.04135e-05
0.000216193
1.5573e-05
0.000204588
1.1605e-05
0.000196021
8.56709e-06
0.000189681
6.3399e-06
0.000184891
4.78966e-06
0.000181136
3.75464e-06
0.00017804
3.09633e-06
0.00017533
2.70966e-06
0.000172818
2.51204e-06
0.000170397
2.4211e-06
0.000168009
2.38837e-06
0.000165634
2.37514e-06
0.000163268
2.36607e-06
0.000160919
2.34828e-06
0.0001586
2.31946e-06
0.00015632
2.27999e-06
0.000154091
2.2291e-06
0.000151916
2.17519e-06
0.000149804
2.11207e-06
0.000147748
2.05571e-06
0.000145758
1.99046e-06
0.000143816
1.94183e-06
0.000141935
1.88055e-06
0.000140081
1.85409e-06
0.000138283
1.79851e-06
1.93989e-06
0.000868596
3.56241e-05
0.000868289
5.52779e-05
0.000861338
6.21945e-05
0.000851066
6.34306e-05
0.000838998
6.41351e-05
0.000824723
6.56569e-05
0.000807933
6.70721e-05
0.000788939
6.73526e-05
0.0007682
6.61952e-05
0.000746288
6.3473e-05
0.000723745
5.94152e-05
0.000701202
5.40773e-05
0.000679167
4.79185e-05
0.000658178
4.14019e-05
0.000638526
3.52252e-05
0.000620413
2.97181e-05
0.000603759
2.52216e-05
0.000588514
2.15843e-05
0.000574467
1.88364e-05
0.000561518
1.67037e-05
0.000549518
1.50963e-05
0.000538403
1.38248e-05
0.000527974
1.2941e-05
0.000518216
1.21797e-05
0.000508962
1.16422e-05
0.000500244
1.10932e-05
0.000491913
1.06964e-05
0.000484034
1.02273e-05
0.000476463
9.89027e-06
0.000469289
9.45427e-06
0.000462365
9.15345e-06
0.000455798
8.74231e-06
0.000449432
8.47798e-06
0.00044339
8.09798e-06
0.000437504
7.87569e-06
0.000431908
7.53812e-06
0.000426427
7.36157e-06
0.000421185
7.09609e-06
0.000415999
6.98434e-06
6.85263e-06
0.000884764
3.26856e-05
0.000890133
4.99091e-05
0.00089267
5.96575e-05
0.0008932
6.29e-05
0.000893038
6.4297e-05
0.000892733
6.59619e-05
0.000891686
6.812e-05
0.000889574
6.94638e-05
0.000886129
6.96409e-05
0.000881467
6.81347e-05
0.000875567
6.53149e-05
0.000868607
6.10374e-05
0.000860673
5.58526e-05
0.000852114
4.99607e-05
0.000843119
4.42204e-05
0.000834037
3.87996e-05
0.00082494
3.43192e-05
0.000816009
3.05153e-05
0.000807175
2.76702e-05
0.000798589
2.52895e-05
0.000790103
2.35823e-05
0.000781853
2.2075e-05
0.000773707
2.10869e-05
0.000765784
2.01034e-05
0.000757933
1.94928e-05
0.000750287
1.87391e-05
0.000742695
1.82884e-05
0.000735304
1.76184e-05
0.000727958
1.72366e-05
0.000720816
1.65965e-05
0.000713713
1.62558e-05
0.00070682
1.56358e-05
0.000699962
1.53361e-05
0.000693315
1.47449e-05
0.000686695
1.4495e-05
0.000680284
1.39494e-05
0.000673883
1.37626e-05
0.000667683
1.32963e-05
0.000661474
1.3193e-05
1.28336e-05
0.000901654
3.17487e-05
0.000906208
4.53557e-05
0.000909977
5.58882e-05
0.000912241
6.06359e-05
0.000913971
6.25674e-05
0.000916107
6.38254e-05
0.00091849
6.57373e-05
0.000920842
6.71122e-05
0.000922776
6.77065e-05
0.000924176
6.67347e-05
0.000924863
6.4628e-05
0.000924829
6.10713e-05
0.00092395
5.67321e-05
0.00092234
5.15706e-05
0.000920051
4.65095e-05
0.00091732
4.15303e-05
0.000914233
3.74067e-05
0.000910967
3.37815e-05
0.000907524
3.11131e-05
0.000904021
2.87923e-05
0.000900394
2.72092e-05
0.000896739
2.573e-05
0.000893007
2.48184e-05
0.00088927
2.3841e-05
0.00088546
2.33028e-05
0.000881633
2.25654e-05
0.000877731
2.21908e-05
0.000873805
2.15442e-05
0.000869807
2.12348e-05
0.000865783
2.0621e-05
0.000861695
2.03436e-05
0.00085758
1.97502e-05
0.000853415
1.95013e-05
0.000849224
1.89365e-05
0.000844993
1.87255e-05
0.000840734
1.82082e-05
0.000836443
1.80535e-05
0.000832126
1.76135e-05
0.000827792
1.75271e-05
1.7197e-05
0.000919519
3.13335e-05
0.000922841
4.2034e-05
0.000926565
5.21641e-05
0.000929336
5.78644e-05
0.000931481
6.04226e-05
0.000933681
6.16256e-05
0.000936348
6.30703e-05
0.000939292
6.41677e-05
0.000942204
6.47946e-05
0.000944866
6.40732e-05
0.000947158
6.23355e-05
0.000948994
5.92357e-05
0.00095028
5.54457e-05
0.000950996
5.08545e-05
0.000951191
4.6315e-05
0.000950963
4.17579e-05
0.000950438
3.79318e-05
0.000949704
3.45152e-05
0.000948842
3.19755e-05
0.000947873
2.97613e-05
0.000946838
2.82443e-05
0.000945729
2.68386e-05
0.000944597
2.59511e-05
0.00094341
2.50278e-05
0.00094221
2.45026e-05
0.000940942
2.38333e-05
0.000939655
2.3478e-05
0.000938281
2.29182e-05
0.000936884
2.26317e-05
0.000935385
2.21199e-05
0.000933864
2.18648e-05
0.00093223
2.13842e-05
0.000930578
2.11535e-05
0.000928805
2.07092e-05
0.000927019
2.05112e-05
0.000925108
2.01199e-05
0.000923188
1.99726e-05
0.000921146
1.96563e-05
0.000919099
1.9574e-05
1.93658e-05
0.000937718
3.08799e-05
0.000940042
3.97095e-05
0.000943453
4.8754e-05
0.000946444
5.48732e-05
0.000948798
5.80687e-05
0.000950997
5.94262e-05
0.000953507
6.05601e-05
0.000956319
6.1356e-05
0.000959247
6.1866e-05
0.000962012
6.13085e-05
0.000964538
5.98098e-05
0.000966684
5.70896e-05
0.000968431
5.36983e-05
0.0009697
4.95861e-05
0.000970572
4.54431e-05
0.000971064
4.12659e-05
0.000971335
3.76609e-05
0.000971409
3.44403e-05
0.000971419
3.19664e-05
0.000971329
2.98506e-05
0.00097124
2.83337e-05
0.000971088
2.69908e-05
0.000970969
2.60697e-05
0.000970806
2.5191e-05
0.000970689
2.46196e-05
0.00097052
2.40026e-05
0.000970388
2.36091e-05
0.000970188
2.31187e-05
0.000970015
2.28042e-05
0.000969759
2.23766e-05
0.000969522
2.2101e-05
0.000969191
2.17155e-05
0.000968875
2.14695e-05
0.000968457
2.11275e-05
0.00096805
2.09179e-05
0.000967538
2.06325e-05
0.000967035
2.04749e-05
0.000966429
2.0263e-05
0.000965826
2.0177e-05
2.00627e-05
0.000956015
3.03213e-05
0.000957776
3.79481e-05
0.00096075
4.578e-05
0.000963734
5.18892e-05
0.000966269
5.55338e-05
0.000968519
5.71763e-05
0.000970903
5.81759e-05
0.000973513
5.87465e-05
0.000976295
5.90837e-05
0.00097898
5.86235e-05
0.000981481
5.7309e-05
0.000983634
5.49363e-05
0.000985446
5.18867e-05
0.000986829
4.82032e-05
0.00098787
4.4402e-05
0.000988562
4.05738e-05
0.000989058
3.71653e-05
0.000989368
3.41299e-05
0.000989627
3.17078e-05
0.0009898
2.96774e-05
0.000989988
2.81452e-05
0.000990132
2.68472e-05
0.00099032
2.58821e-05
0.000990482
2.50288e-05
0.0009907
2.44009e-05
0.000990895
2.38085e-05
0.000991139
2.33651e-05
0.000991347
2.29103e-05
0.000991594
2.25576e-05
0.000991794
2.21759e-05
0.000992023
2.18724e-05
0.000992198
2.15402e-05
0.000992393
2.12746e-05
0.00099253
2.09902e-05
0.000992681
2.07676e-05
0.000992772
2.05411e-05
0.000992873
2.03744e-05
0.000992915
2.02202e-05
0.000992962
2.01304e-05
2.0064e-05
0.000974424
2.96966e-05
0.000975935
3.64373e-05
0.00097847
4.32448e-05
0.000981312
4.90471e-05
0.000983948
5.28984e-05
0.00098626
5.48642e-05
0.000988587
5.58491e-05
0.000991033
5.63001e-05
0.000993648
5.64683e-05
0.000996226
5.60458e-05
0.000998658
5.48775e-05
0.00100078
5.28124e-05
0.00100259
5.00794e-05
0.00100401
4.67833e-05
0.00100511
4.33009e-05
0.00100589
3.97923e-05
0.00100648
3.65811e-05
0.00100689
3.37197e-05
0.00100723
3.13615e-05
0.0010075
2.94048e-05
0.00100778
2.78684e-05
0.00100803
2.66007e-05
0.0010083
2.56053e-05
0.00100857
2.47626e-05
0.00100888
2.40923e-05
0.00100918
2.35045e-05
0.00100953
2.30222e-05
0.00100986
2.25782e-05
0.00101022
2.2197e-05
0.00101056
2.18335e-05
0.00101092
2.15111e-05
0.00101126
2.12024e-05
0.00101161
2.09257e-05
0.00101193
2.06678e-05
0.00101226
2.04398e-05
0.00101256
2.02399e-05
0.00101286
2.00714e-05
0.00101314
1.9943e-05
0.00101342
1.9852e-05
1.98061e-05
0.000993016
2.9027e-05
0.000994406
3.50478e-05
0.000996597
4.10535e-05
0.000999242
4.64025e-05
0.00100187
5.02692e-05
0.00100425
5.24856e-05
0.00100655
5.35505e-05
0.00100888
5.39649e-05
0.00101134
5.40079e-05
0.00101381
5.35827e-05
0.00101615
5.25292e-05
0.00101824
5.07233e-05
0.00102004
4.82851e-05
0.00102148
4.53385e-05
0.00102262
4.21605e-05
0.00102347
3.89448e-05
0.00102412
3.59347e-05
0.0010246
3.32378e-05
0.001025
3.09589e-05
0.00102534
2.90683e-05
0.00102566
2.75431e-05
0.00102597
2.62973e-05
0.00102628
2.52874e-05
0.0010266
2.44476e-05
0.00102694
2.3751e-05
0.00102729
2.31582e-05
0.00102766
2.26501e-05
0.00102803
2.22042e-05
0.00102843
2.18053e-05
0.00102881
2.14461e-05
0.00102921
2.1114e-05
0.0010296
2.08142e-05
0.00102999
2.05341e-05
0.00103037
2.02876e-05
0.00103075
2.00604e-05
0.00103112
1.98725e-05
0.00103148
1.97072e-05
0.00103183
1.95897e-05
0.00103219
1.95004e-05
1.94629e-05
0.00101184
2.83222e-05
0.00101315
3.37366e-05
0.0010151
3.90978e-05
0.00101754
4.39643e-05
0.00102009
4.77188e-05
0.0010225
5.00755e-05
0.00102479
5.12662e-05
0.00102705
5.16974e-05
0.00102938
5.1677e-05
0.00103173
5.12343e-05
0.00103399
5.02699e-05
0.00103604
4.86759e-05
0.00103782
4.65053e-05
0.00103928
4.38735e-05
0.00104046
4.09854e-05
0.00104136
3.80403e-05
0.00104207
3.52319e-05
0.00104261
3.26929e-05
0.00104307
3.05042e-05
0.00104346
2.86769e-05
0.00104383
2.71747e-05
0.00104417
2.5948e-05
0.00104453
2.49351e-05
0.00104488
2.40962e-05
0.00104524
2.33852e-05
0.00104562
2.27849e-05
0.00104601
2.22604e-05
0.0010464
2.18082e-05
0.00104681
2.13984e-05
0.00104722
2.10379e-05
0.00104763
2.07015e-05
0.00104804
2.04049e-05
0.00104845
2.01254e-05
0.00104885
1.98848e-05
0.00104925
1.96612e-05
0.00104964
1.94801e-05
0.00105003
1.93196e-05
0.00105041
1.92079e-05
0.00105079
1.91217e-05
1.90882e-05
0.00103091
2.75892e-05
0.00103216
3.24811e-05
0.00103396
3.73031e-05
0.00103621
4.17143e-05
0.00103864
4.52825e-05
0.00104104
4.76814e-05
0.00104331
4.89885e-05
0.00104553
4.9477e-05
0.00104777
4.94446e-05
0.00105001
4.89944e-05
0.00105218
4.80993e-05
0.00105418
4.66771e-05
0.00105594
4.47426e-05
0.00105742
4.23927e-05
0.00105863
3.97777e-05
0.00105958
3.70851e-05
0.00106034
3.44756e-05
0.00106094
3.20902e-05
0.00106145
2.99981e-05
0.00106189
2.82346e-05
0.0010623
2.67639e-05
0.00106269
2.55568e-05
0.00106308
2.45486e-05
0.00106346
2.37118e-05
0.00106385
2.29941e-05
0.00106425
2.23876e-05
0.00106466
2.18529e-05
0.00106507
2.1394e-05
0.00106549
2.09772e-05
0.00106592
2.06142e-05
0.00106634
2.0276e-05
0.00106677
1.9981e-05
0.00106719
1.97037e-05
0.00106761
1.94674e-05
0.00106802
1.92482e-05
0.00106843
1.90723e-05
0.00106883
1.89168e-05
0.00106923
1.88093e-05
0.00106962
1.87264e-05
1.86958e-05
0.00105025
2.68316e-05
0.00105146
3.12658e-05
0.00105314
3.56233e-05
0.00105523
3.96275e-05
0.00105754
4.29687e-05
0.00105988
4.53405e-05
0.00106215
4.6726e-05
0.00106433
4.7294e-05
0.00106649
4.72842e-05
0.00106863
4.68497e-05
0.00107072
4.60125e-05
0.00107267
4.47313e-05
0.00107441
4.30013e-05
0.0010759
4.09013e-05
0.00107714
3.854e-05
0.00107814
3.60839e-05
0.00107895
3.36685e-05
0.0010796
3.14331e-05
0.00108016
2.94417e-05
0.00108065
2.77441e-05
0.0010811
2.63107e-05
0.00108153
2.51258e-05
0.00108195
2.41275e-05
0.00108237
2.32954e-05
0.00108279
2.25764e-05
0.00108321
2.19666e-05
0.00108364
2.14261e-05
0.00108407
2.0962e-05
0.0010845
2.05408e-05
0.00108494
2.01756e-05
0.00108538
1.98369e-05
0.00108582
1.95434e-05
0.00108625
1.9269e-05
0.00108669
1.90364e-05
0.00108711
1.88218e-05
0.00108753
1.86507e-05
0.00108795
1.84999e-05
0.00108836
1.83963e-05
0.00108877
1.83165e-05
1.82882e-05
0.00106987
2.60509e-05
0.00107106
3.00801e-05
0.00107265
3.40315e-05
0.0010746
3.76761e-05
0.0010768
4.07744e-05
0.00107906
4.30739e-05
0.00108129
4.4496e-05
0.00108344
4.51428e-05
0.00108555
4.51809e-05
0.00108761
4.47831e-05
0.00108962
4.40022e-05
0.00109152
4.28394e-05
0.00109323
4.12854e-05
0.00109473
3.94051e-05
0.00109599
3.72761e-05
0.00109703
3.50409e-05
0.00109789
3.28131e-05
0.0010986
3.07248e-05
0.0010992
2.88366e-05
0.00109974
2.72074e-05
0.00110024
2.5816e-05
0.0011007
2.46563e-05
0.00110116
2.36721e-05
0.00110161
2.28476e-05
0.00110205
2.21315e-05
0.0011025
2.15215e-05
0.00110295
2.09788e-05
0.0011034
2.05118e-05
0.00110385
2.00881e-05
0.0011043
1.97218e-05
0.00110476
1.93835e-05
0.00110521
1.90919e-05
0.00110566
1.88205e-05
0.0011061
1.85919e-05
0.00110654
1.83818e-05
0.00110698
1.82152e-05
0.00110741
1.80688e-05
0.00110783
1.79689e-05
0.00110826
1.78921e-05
1.78657e-05
0.0010898
2.52479e-05
0.00109096
2.89178e-05
0.00109248
3.251e-05
0.00109432
3.5835e-05
0.0010964
3.86916e-05
0.00109859
4.08907e-05
0.00110077
4.23146e-05
0.00110289
4.30239e-05
0.00110494
4.31251e-05
0.00110695
4.27792e-05
0.00110889
4.20588e-05
0.00111073
4.09995e-05
0.00111242
3.95976e-05
0.00111391
3.79095e-05
0.0011152
3.59905e-05
0.00111628
3.39602e-05
0.00111718
3.19121e-05
0.00111794
2.99677e-05
0.00111859
2.81845e-05
0.00111917
2.66262e-05
0.00111971
2.52806e-05
0.00112021
2.41495e-05
0.0011207
2.31826e-05
0.00112118
2.23688e-05
0.00112165
2.16589e-05
0.00112212
2.10519e-05
0.00112259
2.05099e-05
0.00112306
2.00426e-05
0.00112353
1.96184e-05
0.001124
1.92521e-05
0.00112447
1.89151e-05
0.00112494
1.86258e-05
0.0011254
1.83578e-05
0.00112586
1.81333e-05
0.00112631
1.79276e-05
0.00112676
1.77655e-05
0.00112721
1.76232e-05
0.00112765
1.7527e-05
0.00112809
1.74529e-05
1.7428e-05
0.00111003
2.44245e-05
0.00111117
2.7774e-05
0.00111263
3.10458e-05
0.00111439
3.40834e-05
0.00111637
3.67113e-05
0.00111847
3.87918e-05
0.00112059
4.01922e-05
0.00112267
4.09434e-05
0.00112468
4.11102e-05
0.00112664
4.08268e-05
0.00112852
4.01723e-05
0.00113031
3.92077e-05
0.00113197
3.79389e-05
0.00113346
3.6419e-05
0.00113477
3.4688e-05
0.00113588
3.28461e-05
0.00113682
3.09683e-05
0.00113763
2.91642e-05
0.00113832
2.7487e-05
0.00113895
2.60021e-05
0.00113952
2.47055e-05
0.00114007
2.36061e-05
0.00114059
2.26597e-05
0.0011411
2.18593e-05
0.0011416
2.11584e-05
0.00114209
2.05572e-05
0.00114259
2.00188e-05
0.00114307
1.95535e-05
0.00114356
1.91307e-05
0.00114405
1.87659e-05
0.00114453
1.8431e-05
0.00114501
1.81446e-05
0.00114549
1.78803e-05
0.00114596
1.766e-05
0.00114643
1.74588e-05
0.0011469
1.73011e-05
0.00114736
1.71629e-05
0.00114782
1.70701e-05
0.00114827
1.69987e-05
1.69749e-05
0.00113058
2.35827e-05
0.0011317
2.66449e-05
0.00113312
2.96292e-05
0.0011348
3.24065e-05
0.00113669
3.48229e-05
0.0011387
3.67745e-05
0.00114076
3.81338e-05
0.0011428
3.89079e-05
0.00114477
3.91334e-05
0.00114668
3.89174e-05
0.00114852
3.83337e-05
0.00115027
3.74586e-05
0.0011519
3.63086e-05
0.00115338
3.49367e-05
0.0011547
3.33733e-05
0.00115584
3.17031e-05
0.00115682
2.99852e-05
0.00115767
2.83169e-05
0.00115841
2.67456e-05
0.00115908
2.53364e-05
0.00115969
2.40917e-05
0.00116027
2.30269e-05
0.00116083
2.21038e-05
0.00116137
2.13194e-05
0.0011619
2.063e-05
0.00116242
2.00372e-05
0.00116293
1.95049e-05
0.00116344
1.90438e-05
0.00116395
1.86243e-05
0.00116445
1.82624e-05
0.00116495
1.79306e-05
0.00116545
1.76477e-05
0.00116594
1.73875e-05
0.00116643
1.71715e-05
0.00116691
1.69749e-05
0.00116739
1.68216e-05
0.00116787
1.66874e-05
0.00116834
1.6598e-05
0.00116881
1.65289e-05
1.65064e-05
0.00115145
2.27247e-05
0.00115257
2.55274e-05
0.00115394
2.82524e-05
0.00115556
3.07931e-05
0.00115737
3.3015e-05
0.00115931
3.48344e-05
0.0011613
3.61405e-05
0.00116328
3.69215e-05
0.00116522
3.71951e-05
0.00116709
3.70457e-05
0.00116889
3.65356e-05
0.0011706
3.57468e-05
0.00117221
3.47048e-05
0.00117368
3.34643e-05
0.001175
3.20502e-05
0.00117617
3.05356e-05
0.00117719
2.89665e-05
0.00117808
2.74283e-05
0.00117886
2.59618e-05
0.00117957
2.46303e-05
0.00118022
2.34399e-05
0.00118084
2.24126e-05
0.00118142
2.15154e-05
0.00118199
2.07495e-05
0.00118255
2.00739e-05
0.0011831
1.94916e-05
0.00118363
1.89676e-05
0.00118416
1.85129e-05
0.00118469
1.80986e-05
0.00118521
1.77409e-05
0.00118573
1.74133e-05
0.00118624
1.71345e-05
0.00118675
1.68788e-05
0.00118725
1.66674e-05
0.00118775
1.64756e-05
0.00118825
1.63266e-05
0.00118874
1.61965e-05
0.00118923
1.61101e-05
0.00118971
1.60435e-05
1.60221e-05
0.00117266
2.18521e-05
0.00117377
2.44192e-05
0.00117511
2.69094e-05
0.00117667
2.92346e-05
0.00117841
3.1277e-05
0.00118027
3.29665e-05
0.0011822
3.42109e-05
0.00118414
3.49861e-05
0.00118604
3.52964e-05
0.00118788
3.52084e-05
0.00118964
3.47718e-05
0.00119132
3.40668e-05
0.0011929
3.31246e-05
0.00119436
3.20021e-05
0.00119569
3.07216e-05
0.00119688
2.93476e-05
0.00119793
2.79158e-05
0.00119886
2.6501e-05
0.00119968
2.51373e-05
0.00120043
2.38848e-05
0.00120111
2.27511e-05
0.00120176
2.17638e-05
0.00120238
2.08951e-05
0.00120298
2.01497e-05
0.00120357
1.94901e-05
0.00120414
1.89203e-05
0.0012047
1.84066e-05
0.00120525
1.79601e-05
0.0012058
1.75527e-05
0.00120634
1.72007e-05
0.00120687
1.68784e-05
0.0012074
1.66044e-05
0.00120793
1.63538e-05
0.00120845
1.61472e-05
0.00120896
1.59602e-05
0.00120948
1.58156e-05
0.00120998
1.56896e-05
0.00121049
1.56063e-05
0.00121099
1.5542e-05
1.55218e-05
0.00119421
2.09663e-05
0.00119531
2.33185e-05
0.00119663
2.55954e-05
0.00119814
2.77236e-05
0.00119982
2.96001e-05
0.00120162
3.11652e-05
0.00120349
3.23421e-05
0.00120537
3.31018e-05
0.00120723
3.34381e-05
0.00120903
3.34043e-05
0.00121077
3.3038e-05
0.00121242
3.24139e-05
0.00121398
3.15651e-05
0.00121543
3.05498e-05
0.00121676
2.93894e-05
0.00121797
2.81425e-05
0.00121905
2.68368e-05
0.00122001
2.55383e-05
0.00122087
2.42742e-05
0.00122166
2.31009e-05
0.00122238
2.20261e-05
0.00122306
2.1081e-05
0.00122372
2.02432e-05
0.00122435
1.95205e-05
0.00122496
1.88787e-05
0.00122555
1.83232e-05
0.00122614
1.78216e-05
0.00122671
1.7385e-05
0.00122728
1.69862e-05
0.00122784
1.66413e-05
0.00122839
1.63253e-05
0.00122894
1.6057e-05
0.00122948
1.58119e-05
0.00123002
1.56104e-05
0.00123055
1.54285e-05
0.00123108
1.52883e-05
0.0012316
1.51664e-05
0.00123212
1.50861e-05
0.00123264
1.50242e-05
1.5005e-05
0.00121612
2.00686e-05
0.00121721
2.2224e-05
0.0012185
2.43062e-05
0.00121997
2.62539e-05
0.0012216
2.79767e-05
0.00122334
2.94241e-05
0.00122515
3.05303e-05
0.00122698
3.12673e-05
0.0012288
3.16203e-05
0.00123057
3.16324e-05
0.00123228
3.13313e-05
0.00123391
3.07842e-05
0.00123545
3.0023e-05
0.00123689
2.91063e-05
0.00123823
2.80548e-05
0.00123945
2.6923e-05
0.00124055
2.57329e-05
0.00124155
2.45429e-05
0.00124245
2.33746e-05
0.00124327
2.22799e-05
0.00124403
2.12656e-05
0.00124474
2.03649e-05
0.00124543
1.95602e-05
0.00124609
1.88622e-05
0.00124672
1.824e-05
0.00124735
1.77003e-05
0.00124796
1.72124e-05
0.00124855
1.67873e-05
0.00124914
1.63986e-05
0.00124972
1.6062e-05
0.00125029
1.57536e-05
0.00125086
1.54916e-05
0.00125142
1.52527e-05
0.00125197
1.50566e-05
0.00125252
1.48801e-05
0.00125306
1.47443e-05
0.0012536
1.46265e-05
0.00125414
1.45493e-05
0.00125468
1.44898e-05
1.44716e-05
0.00123838
1.91598e-05
0.00123947
2.11344e-05
0.00124074
2.30383e-05
0.00124218
2.48202e-05
0.00124375
2.64006e-05
0.00124544
2.77371e-05
0.0012472
2.87715e-05
0.00124898
2.94804e-05
0.00125076
2.98421e-05
0.0012525
2.9892e-05
0.00125418
2.96497e-05
0.00125579
2.91747e-05
0.00125732
2.84957e-05
0.00125876
2.76701e-05
0.00126009
2.67181e-05
0.00126133
2.56909e-05
0.00126245
2.46068e-05
0.00126348
2.35178e-05
0.00126441
2.24408e-05
0.00126527
2.14231e-05
0.00126606
2.04704e-05
0.00126681
1.96159e-05
0.00126753
1.88463e-05
0.00126821
1.81749e-05
0.00126888
1.75741e-05
0.00126953
1.70518e-05
0.00127016
1.6579e-05
0.00127078
1.61667e-05
0.00127139
1.57894e-05
0.00127199
1.54624e-05
0.00127258
1.51625e-05
0.00127317
1.49079e-05
0.00127374
1.46757e-05
0.00127431
1.44854e-05
0.00127488
1.43144e-05
0.00127544
1.41833e-05
0.001276
1.40697e-05
0.00127655
1.39955e-05
0.0012771
1.39384e-05
1.39211e-05
0.00126102
1.82407e-05
0.0012621
2.00486e-05
0.00126335
2.17887e-05
0.00126476
2.34179e-05
0.00126629
2.48662e-05
0.00126793
2.60982e-05
0.00126964
2.70614e-05
0.00127138
2.77383e-05
0.00127312
2.81019e-05
0.00127483
2.81821e-05
0.00127649
2.79917e-05
0.00127808
2.7583e-05
0.0012796
2.69808e-05
0.00128103
2.62397e-05
0.00128237
2.53791e-05
0.00128361
2.44477e-05
0.00128476
2.34608e-05
0.00128581
2.24657e-05
0.00128677
2.1475e-05
0.00128766
2.05321e-05
0.00128849
1.96413e-05
0.00128927
1.88346e-05
0.00129002
1.81018e-05
0.00129074
1.7459e-05
0.00129143
1.68811e-05
0.0012921
1.63776e-05
0.00129276
1.59212e-05
0.0012934
1.5523e-05
0.00129404
1.51583e-05
0.00129466
1.4842e-05
0.00129527
1.45518e-05
0.00129587
1.43052e-05
0.00129646
1.40804e-05
0.00129705
1.38964e-05
0.00129764
1.37312e-05
0.00129821
1.36049e-05
0.00129879
1.34956e-05
0.00129936
1.34245e-05
0.00129993
1.33697e-05
1.33534e-05
0.00128403
1.73119e-05
0.00128511
1.89657e-05
0.00128635
2.05547e-05
0.00128772
2.20429e-05
0.00128922
2.33684e-05
0.00129082
2.45019e-05
0.00129248
2.53958e-05
0.00129418
2.60376e-05
0.00129589
2.63978e-05
0.00129757
2.65014e-05
0.0012992
2.63559e-05
0.00130078
2.60073e-05
0.00130228
2.54762e-05
0.00130371
2.48136e-05
0.00130505
2.40374e-05
0.0013063
2.31941e-05
0.00130747
2.22967e-05
0.00130855
2.13886e-05
0.00130954
2.04794e-05
0.00131046
1.96087e-05
0.00131133
1.87791e-05
0.00131214
1.80215e-05
0.00131291
1.73272e-05
0.00131366
1.67145e-05
0.00131438
1.61612e-05
0.00131508
1.56779e-05
0.00131576
1.52391e-05
0.00131643
1.48561e-05
0.00131708
1.45051e-05
0.00131772
1.42006e-05
0.00131835
1.39209e-05
0.00131898
1.36832e-05
0.00131959
1.34665e-05
0.0013202
1.32892e-05
0.0013208
1.31301e-05
0.00132139
1.30087e-05
0.00132199
1.29039e-05
0.00132257
1.28359e-05
0.00132316
1.27835e-05
1.27681e-05
0.00130743
1.6374e-05
0.00130851
1.78848e-05
0.00130973
1.93339e-05
0.00131108
2.06915e-05
0.00131254
2.19027e-05
0.0013141
2.29433e-05
0.00131573
2.37702e-05
0.00131739
2.4375e-05
0.00131906
2.47272e-05
0.00132072
2.48481e-05
0.00132233
2.4741e-05
0.00132389
2.44463e-05
0.00132539
2.39804e-05
0.00132681
2.33904e-05
0.00132816
2.26924e-05
0.00132942
2.19304e-05
0.0013306
2.11158e-05
0.0013317
2.02886e-05
0.00133272
1.94561e-05
0.00133368
1.86545e-05
0.00133457
1.78851e-05
0.00133542
1.71772e-05
0.00133622
1.65228e-05
0.00133699
1.59417e-05
0.00133774
1.54144e-05
0.00133847
1.49526e-05
0.00133917
1.45326e-05
0.00133986
1.41659e-05
0.00134054
1.38295e-05
0.0013412
1.35377e-05
0.00134185
1.32696e-05
0.00134249
1.30415e-05
0.00134313
1.28335e-05
0.00134375
1.26634e-05
0.00134437
1.25109e-05
0.00134499
1.23946e-05
0.0013456
1.22943e-05
0.0013462
1.22295e-05
0.00134681
1.21796e-05
1.2165e-05
0.00133121
1.54273e-05
0.00133229
1.68049e-05
0.0013335
1.81242e-05
0.00133484
1.93605e-05
0.00133627
2.0465e-05
0.0013378
2.14179e-05
0.00133939
2.21803e-05
0.00134102
2.27467e-05
0.00134266
2.30875e-05
0.00134428
2.32203e-05
0.00134588
2.31454e-05
0.00134743
2.28984e-05
0.00134892
2.2492e-05
0.00135034
2.19689e-05
0.00135169
2.13434e-05
0.00135296
2.06567e-05
0.00135416
1.99188e-05
0.00135528
1.9167e-05
0.00135633
1.84066e-05
0.00135731
1.76711e-05
0.00135824
1.69604e-05
0.00135911
1.63023e-05
0.00135995
1.56889e-05
0.00136075
1.51408e-05
0.00136152
1.4641e-05
0.00136227
1.42019e-05
0.001363
1.38018e-05
0.00136371
1.34522e-05
0.00136441
1.31315e-05
0.0013651
1.28533e-05
0.00136577
1.25974e-05
0.00136643
1.23798e-05
0.00136708
1.21812e-05
0.00136773
1.20187e-05
0.00136837
1.1873e-05
0.001369
1.17622e-05
0.00136963
1.16666e-05
0.00137025
1.16049e-05
0.00137087
1.15575e-05
1.15439e-05
0.0013554
1.44719e-05
0.00135648
1.57251e-05
0.00135769
1.69234e-05
0.001359
1.80467e-05
0.00136041
1.90514e-05
0.00136191
1.99215e-05
0.00136347
2.06219e-05
0.00136507
2.11493e-05
0.00136668
2.14757e-05
0.00136828
2.16157e-05
0.00136986
2.15676e-05
0.0013714
2.13624e-05
0.00137288
2.10096e-05
0.0013743
2.0548e-05
0.00137565
1.99897e-05
0.00137694
1.93729e-05
0.00137815
1.87065e-05
0.00137929
1.8025e-05
0.00138036
1.73326e-05
0.00138138
1.666e-05
0.00138233
1.60064e-05
0.00138323
1.53975e-05
0.0013841
1.48261e-05
0.00138493
1.43121e-05
0.00138573
1.3841e-05
0.0013865
1.34258e-05
0.00138726
1.30467e-05
0.00138799
1.27152e-05
0.00138871
1.2411e-05
0.00138942
1.21471e-05
0.00139011
1.19043e-05
0.0013908
1.16978e-05
0.00139147
1.15091e-05
0.00139213
1.13548e-05
0.00139279
1.12164e-05
0.00139344
1.11112e-05
0.00139409
1.10205e-05
0.00139473
1.09621e-05
0.00139537
1.09173e-05
1.09045e-05
0.00138
1.35079e-05
0.00138108
1.46445e-05
0.00138228
1.57298e-05
0.00138358
1.67473e-05
0.00138497
1.76583e-05
0.00138644
1.84501e-05
0.00138797
1.90908e-05
0.00138954
1.9579e-05
0.00139113
1.98888e-05
0.00139271
2.00321e-05
0.00139428
2.00056e-05
0.0013958
1.98367e-05
0.00139728
1.95321e-05
0.0013987
1.91267e-05
0.00140006
1.86305e-05
0.00140135
1.80787e-05
0.00140258
1.74789e-05
0.00140374
1.68634e-05
0.00140484
1.62351e-05
0.00140588
1.56225e-05
0.00140686
1.50241e-05
0.00140779
1.44638e-05
0.00140869
1.39346e-05
0.00140954
1.34557e-05
0.00141037
1.30145e-05
0.00141117
1.26244e-05
0.00141195
1.22673e-05
0.00141271
1.19548e-05
0.00141345
1.16679e-05
0.00141418
1.1419e-05
0.0014149
1.119e-05
0.0014156
1.09952e-05
0.00141629
1.08171e-05
0.00141697
1.06715e-05
0.00141765
1.05408e-05
0.00141832
1.04414e-05
0.00141898
1.03558e-05
0.00141964
1.03008e-05
0.0014203
1.02586e-05
1.02467e-05
0.00140502
1.25353e-05
0.0014061
1.35621e-05
0.00140729
1.45413e-05
0.00140858
1.54596e-05
0.00140996
1.62825e-05
0.00141141
1.69999e-05
0.00141291
1.75833e-05
0.00141446
1.80323e-05
0.00141602
1.83235e-05
0.00141759
1.84667e-05
0.00141914
1.84574e-05
0.00142066
1.83197e-05
0.00142213
1.80582e-05
0.00142355
1.7704e-05
0.00142492
1.7265e-05
0.00142622
1.67737e-05
0.00142747
1.62363e-05
0.00142865
1.56827e-05
0.00142977
1.5115e-05
0.00143083
1.45597e-05
0.00143184
1.40146e-05
0.0014328
1.3502e-05
0.00143372
1.30151e-05
0.0014346
1.25722e-05
0.00143546
1.21618e-05
0.00143628
1.17978e-05
0.00143709
1.14637e-05
0.00143787
1.11711e-05
0.00143864
1.09022e-05
0.00143939
1.06691e-05
0.00144012
1.04545e-05
0.00144084
1.0272e-05
0.00144156
1.0105e-05
0.00144226
9.96847e-06
0.00144295
9.84584e-06
0.00144364
9.75269e-06
0.00144433
9.67234e-06
0.00144501
9.62088e-06
0.00144568
9.58129e-06
9.57028e-06
0.00143046
1.15538e-05
0.00143155
1.24769e-05
0.00143273
1.33563e-05
0.00143401
1.4181e-05
0.00143537
1.49207e-05
0.00143681
1.55673e-05
0.00143829
1.60955e-05
0.00143982
1.65056e-05
0.00144137
1.67767e-05
0.00144292
1.69168e-05
0.00144445
1.69208e-05
0.00144596
1.68098e-05
0.00144744
1.65866e-05
0.00144886
1.62788e-05
0.00145023
1.58926e-05
0.00145155
1.54575e-05
0.00145281
1.49786e-05
0.00145401
1.44832e-05
0.00145515
1.39731e-05
0.00145624
1.34724e-05
0.00145727
1.29788e-05
0.00145826
1.25129e-05
0.00145921
1.20682e-05
0.00146012
1.16617e-05
0.001461
1.1283e-05
0.00146185
1.0946e-05
0.00146268
1.0636e-05
0.00146348
1.0364e-05
0.00146427
1.01139e-05
0.00146504
9.89715e-06
0.0014658
9.6976e-06
0.00146655
9.52796e-06
0.00146728
9.37268e-06
0.001468
9.24565e-06
0.00146871
9.13148e-06
0.00146942
9.04479e-06
0.00147012
8.96996e-06
0.00147082
8.9221e-06
0.00147152
8.88528e-06
8.87515e-06
0.00145634
1.05631e-05
0.00145743
1.13879e-05
0.00145861
1.21728e-05
0.00145989
1.2909e-05
0.00146124
1.35698e-05
0.00146265
1.4149e-05
0.00146413
1.46238e-05
0.00146564
1.49954e-05
0.00146717
1.52452e-05
0.00146871
1.53797e-05
0.00147023
1.53934e-05
0.00147174
1.5305e-05
0.00147321
1.51156e-05
0.00147464
1.48499e-05
0.00147602
1.45124e-05
0.00147735
1.41295e-05
0.00147862
1.37055e-05
0.00147984
1.32651e-05
0.001481
1.28098e-05
0.00148211
1.23614e-05
0.00148317
1.19176e-05
0.00148419
1.14974e-05
0.00148516
1.10944e-05
0.0014861
1.07247e-05
0.001487
1.03785e-05
0.00148788
1.00694e-05
0.00148873
9.78414e-06
0.00148956
9.53367e-06
0.00149037
9.30313e-06
0.00149117
9.10335e-06
0.00149194
8.91941e-06
0.00149271
8.76312e-06
0.00149346
8.61999e-06
0.0014942
8.50291e-06
0.00149494
8.39759e-06
0.00149567
8.31762e-06
0.00149639
8.24856e-06
0.0014971
8.20442e-06
0.00149782
8.17046e-06
8.16121e-06
0.00148266
9.56277e-06
0.00148375
1.0294e-05
0.00148494
1.09891e-05
0.00148621
1.16413e-05
0.00148755
1.22269e-05
0.00148896
1.27413e-05
0.00149042
1.31646e-05
0.00149191
1.34981e-05
0.00149343
1.37256e-05
0.00149496
1.38524e-05
0.00149648
1.38728e-05
0.00149798
1.38032e-05
0.00149945
1.36438e-05
0.00150089
1.34161e-05
0.00150228
1.31233e-05
0.00150362
1.27891e-05
0.00150491
1.24167e-05
0.00150614
1.20285e-05
0.00150733
1.16253e-05
0.00150846
1.12272e-05
0.00150955
1.08317e-05
0.00151059
1.0456e-05
0.00151159
1.00944e-05
0.00151255
9.76153e-06
0.00151348
9.44853e-06
0.00151438
9.16797e-06
0.00151526
8.90843e-06
0.00151611
8.68021e-06
0.00151695
8.46993e-06
0.00151776
8.28772e-06
0.00151856
8.11995e-06
0.00151935
7.97747e-06
0.00152012
7.84695e-06
0.00152088
7.7402e-06
0.00152164
7.64409e-06
0.00152238
7.57113e-06
0.00152312
7.50805e-06
0.00152386
7.46777e-06
0.00152459
7.43676e-06
7.42839e-06
0.00150943
8.55233e-06
0.00151053
9.19401e-06
0.00151172
9.80339e-06
0.00151298
1.03752e-05
0.00151432
1.08889e-05
0.00151572
1.13412e-05
0.00151717
1.17144e-05
0.00151866
1.20102e-05
0.00152017
1.22146e-05
0.00152169
1.23318e-05
0.00152321
1.23563e-05
0.00152471
1.23023e-05
0.00152618
1.21693e-05
0.00152762
1.19759e-05
0.00152902
1.17244e-05
0.00153038
1.14356e-05
0.00153168
1.11118e-05
0.00153294
1.07731e-05
0.00153414
1.04199e-05
0.0015353
1.00702e-05
0.00153641
9.72153e-06
0.00153748
9.38954e-06
0.0015385
9.06886e-06
0.00153949
8.77278e-06
0.00154045
8.49338e-06
0.00154137
8.2421e-06
0.00154227
8.00899e-06
0.00154315
7.80374e-06
0.001544
7.61443e-06
0.00154484
7.45037e-06
0.00154566
7.29931e-06
0.00154647
7.17108e-06
0.00154726
7.05359e-06
0.00154804
6.95753e-06
0.00154882
6.87098e-06
0.00154958
6.80527e-06
0.00155034
6.74842e-06
0.0015511
6.71214e-06
0.00155185
6.68418e-06
6.67669e-06
0.00153666
7.5311e-06
0.00153777
8.08665e-06
0.00153896
8.61377e-06
0.00154023
9.1085e-06
0.00154156
9.55312e-06
0.00154296
9.94526e-06
0.0015444
1.02697e-05
0.00154589
1.05281e-05
0.00154739
1.07088e-05
0.00154891
1.08148e-05
0.00155042
1.08411e-05
0.00155193
1.07999e-05
0.00155341
1.06901e-05
0.00155485
1.05278e-05
0.00155626
1.03145e-05
0.00155763
1.00681e-05
0.00155895
9.79026e-06
0.00156023
9.49868e-06
0.00156145
9.19344e-06
0.00156263
8.89049e-06
0.00156377
8.58753e-06
0.00156486
8.29838e-06
0.00156591
8.01822e-06
0.00156692
7.75892e-06
0.0015679
7.51344e-06
0.00156885
7.29205e-06
0.00156978
7.08607e-06
0.00157068
6.90447e-06
0.00157155
6.73678e-06
0.00157241
6.59146e-06
0.00157325
6.45761e-06
0.00157408
6.34406e-06
0.00157489
6.24002e-06
0.0015757
6.15498e-06
0.00157649
6.07832e-06
0.00157727
6.02011e-06
0.00157805
5.9697e-06
0.00157883
5.93754e-06
0.0015796
5.91276e-06
5.90615e-06
0.00156436
6.49834e-06
0.00156548
6.97058e-06
0.00156668
7.41833e-06
0.00156795
7.83861e-06
0.00156928
8.21644e-06
0.00157068
8.55019e-06
0.00157212
8.8269e-06
0.0015736
9.04835e-06
0.0015751
9.20458e-06
0.00157662
9.29813e-06
0.00157814
9.32425e-06
0.00157964
9.29339e-06
0.00158113
9.20411e-06
0.00158259
9.0701e-06
0.00158401
8.89212e-06
0.00158539
8.68551e-06
0.00158673
8.45137e-06
0.00158803
8.20487e-06
0.00158927
7.94593e-06
0.00159047
7.68834e-06
0.00159163
7.43002e-06
0.00159275
7.18299e-06
0.00159382
6.94301e-06
0.00159486
6.72043e-06
0.00159587
6.50914e-06
0.00159684
6.31816e-06
0.00159779
6.13995e-06
0.00159871
5.98264e-06
0.00159961
5.83723e-06
0.00160049
5.71117e-06
0.00160135
5.59506e-06
0.0016022
5.4966e-06
0.00160303
5.4064e-06
0.00160385
5.33268e-06
0.00160467
5.26621e-06
0.00160547
5.21573e-06
0.00160627
5.17198e-06
0.00160706
5.14408e-06
0.00160785
5.12258e-06
5.11687e-06
0.00159254
5.45316e-06
0.00159367
5.84437e-06
0.00159487
6.21504e-06
0.00159615
6.56302e-06
0.00159749
6.87591e-06
0.00159888
7.15266e-06
0.00160033
7.38253e-06
0.00160181
7.56716e-06
0.00160332
7.69846e-06
0.00160484
7.77837e-06
0.00160636
7.80268e-06
0.00160787
7.78006e-06
0.00160937
7.709e-06
0.00161084
7.60081e-06
0.00161227
7.45583e-06
0.00161367
7.28676e-06
0.00161503
7.09432e-06
0.00161634
6.89116e-06
0.00161761
6.6771e-06
0.00161883
6.46372e-06
0.00162002
6.24923e-06
0.00162115
6.04374e-06
0.00162225
5.84369e-06
0.00162332
5.65781e-06
0.00162434
5.48096e-06
0.00162534
5.3208e-06
0.00162631
5.171e-06
0.00162725
5.03855e-06
0.00162818
4.91603e-06
0.00162908
4.80977e-06
0.00162996
4.71191e-06
0.00163083
4.62892e-06
0.00163168
4.55293e-06
0.00163252
4.49083e-06
0.00163336
4.43484e-06
0.00163418
4.39231e-06
0.001635
4.35544e-06
0.00163581
4.33189e-06
0.00163662
4.31377e-06
4.30899e-06
0.0016212
4.39456e-06
0.00162234
4.70645e-06
0.00162356
5.0018e-06
0.00162484
5.27908e-06
0.00162619
5.52844e-06
0.00162759
5.74923e-06
0.00162904
5.93285e-06
0.00163053
6.08077e-06
0.00163204
6.18664e-06
0.00163356
6.25194e-06
0.00163509
6.27306e-06
0.00163662
6.25695e-06
0.00163812
6.20221e-06
0.00163961
6.11783e-06
0.00164106
6.00389e-06
0.00164248
5.87052e-06
0.00164385
5.71816e-06
0.00164519
5.55693e-06
0.00164648
5.38663e-06
0.00164772
5.21657e-06
0.00164893
5.04528e-06
0.00165009
4.88094e-06
0.00165121
4.72067e-06
0.0016523
4.57152e-06
0.00165335
4.42938e-06
0.00165437
4.30044e-06
0.00165536
4.17961e-06
0.00165633
4.0726e-06
0.00165727
3.97355e-06
0.00165819
3.88759e-06
0.0016591
3.80845e-06
0.00165998
3.74133e-06
0.00166086
3.6799e-06
0.00166172
3.62969e-06
0.00166257
3.58446e-06
0.00166341
3.55007e-06
0.00166425
3.52029e-06
0.00166508
3.50122e-06
0.0016659
3.48654e-06
3.48272e-06
0.00165036
3.32142e-06
0.00165151
3.55516e-06
0.00165274
3.77633e-06
0.00165403
3.98403e-06
0.00165539
4.17077e-06
0.0016568
4.3363e-06
0.00165826
4.47404e-06
0.00165976
4.58526e-06
0.00166128
4.66518e-06
0.00166282
4.71507e-06
0.00166436
4.73186e-06
0.00166589
4.72089e-06
0.00166742
4.68095e-06
0.00166892
4.61882e-06
0.00167038
4.53439e-06
0.00167182
4.43532e-06
0.00167322
4.32178e-06
0.00167457
4.20146e-06
0.00167588
4.07408e-06
0.00167715
3.94674e-06
0.00167838
3.81825e-06
0.00167957
3.69486e-06
0.00168071
3.57434e-06
0.00168182
3.46206e-06
0.0016829
3.3549e-06
0.00168394
3.25757e-06
0.00168495
3.16625e-06
0.00168594
3.08521e-06
0.0016869
3.01018e-06
0.00168785
2.94503e-06
0.00168877
2.88506e-06
0.00168968
2.83417e-06
0.00169057
2.78766e-06
0.00169145
2.7496e-06
0.00169232
2.71538e-06
0.00169318
2.68931e-06
0.00169403
2.66683e-06
0.00169488
2.65235e-06
0.00169573
2.64122e-06
2.63828e-06
0.00168002
2.23247e-06
0.00168119
2.38865e-06
0.00168243
2.53623e-06
0.00168374
2.67493e-06
0.00168511
2.7995e-06
0.00168654
2.91008e-06
0.00168801
3.00204e-06
0.00168952
3.07646e-06
0.00169105
3.12994e-06
0.0016926
3.16375e-06
0.00169416
3.1753e-06
0.00169571
3.16847e-06
0.00169725
3.14219e-06
0.00169877
3.10122e-06
0.00170026
3.04522e-06
0.00170171
2.9795e-06
0.00170313
2.90394e-06
0.00170451
2.82389e-06
0.00170584
2.73893e-06
0.00170714
2.65402e-06
0.00170839
2.56817e-06
0.0017096
2.48574e-06
0.00171077
2.40507e-06
0.0017119
2.32992e-06
0.00171299
2.25806e-06
0.00171406
2.19277e-06
0.00171509
2.13141e-06
0.0017161
2.07694e-06
0.00171709
2.02642e-06
0.00171805
1.98256e-06
0.00171899
1.94218e-06
0.00171992
1.90792e-06
0.00172083
1.8766e-06
0.00172173
1.85098e-06
0.00172262
1.82796e-06
0.00172349
1.81043e-06
0.00172437
1.79537e-06
0.00172523
1.78567e-06
0.0017261
1.77821e-06
1.77602e-06
0.0017102
1.12632e-06
0.00171138
1.20493e-06
0.00171264
1.27887e-06
0.00171396
1.34863e-06
0.00171535
1.41095e-06
0.00171679
1.46656e-06
0.00171828
1.51247e-06
0.00171981
1.54995e-06
0.00172136
1.57649e-06
0.00172293
1.59369e-06
0.00172451
1.59927e-06
0.00172608
1.59602e-06
0.00172764
1.58264e-06
0.00172918
1.56228e-06
0.00173069
1.53403e-06
0.00173217
1.50128e-06
0.00173361
1.46324e-06
0.00173501
1.42331e-06
0.00173637
1.38056e-06
0.00173769
1.3382e-06
0.00173896
1.29499e-06
0.00174019
1.25385e-06
0.00174138
1.2132e-06
0.00174254
1.17567e-06
0.00174366
1.13937e-06
0.00174474
1.10676e-06
0.0017458
1.07566e-06
0.00174683
1.04845e-06
0.00174783
1.02274e-06
0.00174881
1.00086e-06
0.00174977
9.80233e-07
0.00175072
9.63199e-07
0.00175165
9.47129e-07
0.00175256
9.34452e-07
0.00175347
9.2258e-07
0.00175437
9.14009e-07
0.00175526
9.06216e-07
0.00175614
9.01691e-07
0.00175702
8.97928e-07
8.96415e-07
0.00174089
0.00174209
0.00174337
0.00174472
0.00174613
0.0017476
0.00174911
0.00175066
0.00175224
0.00175383
0.00175543
0.00175703
0.00175861
0.00176017
0.00176171
0.00176321
0.00176467
0.00176609
0.00176747
0.00176881
0.00177011
0.00177136
0.00177257
0.00177375
0.00177489
0.001776
0.00177707
0.00177812
0.00177914
0.00178014
0.00178112
0.00178209
0.00178303
0.00178397
0.00178489
0.00178581
0.00178671
0.00178761
0.00178851
)
;

boundaryField
{
    top
    {
        type            symmetryPlane;
        value           uniform 0;
    }
    bottom
    {
        type            symmetryPlane;
        value           uniform 0;
    }
    plate
    {
        type            calculated;
        value           uniform 0;
    }
    left
    {
        type            calculated;
        value           nonuniform List<scalar> 
40
(
-0.000865552
-0.000881073
-0.000896873
-0.000912955
-0.000929326
-0.000945991
-0.000962954
-0.000980222
-0.000997799
-0.00101569
-0.0010339
-0.00105244
-0.00107132
-0.00109053
-0.00111008
-0.00112999
-0.00115025
-0.00117088
-0.00119187
-0.00121325
-0.001235
-0.00125715
-0.00127969
-0.00130264
-0.001326
-0.00134977
-0.00137398
-0.00139862
-0.0014237
-0.00144923
-0.00147521
-0.00150167
-0.00152859
-0.001556
-0.00158391
-0.00161231
-0.00164122
-0.00167065
-0.00170061
-0.0017311
)
;
    }
    right
    {
        type            calculated;
        value           nonuniform List<scalar> 
40
(
0.000136343
0.000411086
0.000655493
0.000823429
0.00091693
0.000965129
0.000992961
0.00101368
0.00103253
0.00105117
0.00107002
0.00108918
0.00110868
0.00112853
0.00114872
0.00116928
0.0011902
0.00121149
0.00123316
0.00125521
0.00127765
0.0013005
0.00132375
0.00134741
0.00137149
0.00139601
0.00142096
0.00144636
0.00147221
0.00149853
0.00152533
0.0015526
0.00158037
0.00160864
0.00163742
0.00166673
0.00169657
0.00172696
0.0017579
0.00178941
)
;
    }
    frontAndBack
    {
        type            empty;
        value           nonuniform List<scalar> 0();
    }
}


// ************************************************************************* //
