/*--------------------------------*- C++ -*----------------------------------*\
| =========                 |                                                 |
| \\      /  F ield         | OpenFOAM: The Open Source CFD Toolbox           |
|  \\    /   O peration     | Version:  v2012                                 |
|   \\  /    A nd           | Website:  www.openfoam.com                      |
|    \\/     M anipulation  |                                                 |
\*---------------------------------------------------------------------------*/
FoamFile
{
    version     2.0;
    format      ascii;
    class       volScalarField;
    location    "0.1";
    object      p;
}
// * * * * * * * * * * * * * * * * * * * * * * * * * * * * * * * * * * * * * //

dimensions      [0 2 -2 0 0 0 0];


internalField   nonuniform List<scalar> 
9600
(
28.538
28.6145
28.6491
28.6573
28.6522
28.6477
28.6477
28.6608
28.6814
28.713
28.7474
28.787
28.823
28.8639
28.9046
28.9542
29.0068
29.0689
29.1368
29.215
29.3019
29.398
29.5023
29.6166
29.744
29.8904
30.054
30.2429
30.4527
30.6975
30.9711
31.2976
31.669
32.1213
32.6474
33.3104
34.1108
35.1479
36.4347
38.029
28.5708
28.6046
28.6304
28.6425
28.65
28.6499
28.6555
28.6629
28.6845
28.7111
28.7485
28.7836
28.8243
28.8608
28.9064
28.9513
29.0085
29.066
29.1379
29.2122
29.3025
29.3952
29.5024
29.6136
29.7439
29.887
30.0532
30.2383
30.4517
30.6912
30.9698
31.2889
31.6682
32.1104
32.6454
33.2812
34.0613
34.9591
35.9827
36.9511
28.5867
28.5985
28.6174
28.6316
28.6463
28.6516
28.6602
28.6663
28.6865
28.7105
28.7478
28.7813
28.8231
28.8586
28.9056
28.9496
29.0077
29.064
29.1366
29.2097
29.3008
29.3921
29.5002
29.6101
29.741
29.8835
30.0494
30.2336
30.4464
30.6855
30.9625
31.2819
31.6549
32.0915
32.6094
33.2128
33.9144
34.6887
35.5033
36.2342
28.5966
28.5967
28.6103
28.6242
28.6414
28.6504
28.6607
28.6686
28.6875
28.7111
28.7461
28.78
28.8205
28.8571
28.903
28.9481
29.0053
29.0618
29.1342
29.2061
29.2983
29.3872
29.4967
29.6034
29.7364
29.8734
30.044
30.2242
30.4387
30.6738
30.9504
31.2646
31.6301
32.0553
32.5447
33.1086
33.7301
34.4083
35.0717
35.6733
28.6017
28.5959
28.6069
28.6188
28.6367
28.6466
28.6593
28.6685
28.688
28.7106
28.745
28.7781
28.8182
28.8544
28.9003
28.9452
29.0024
29.0586
29.1307
29.2024
29.2937
29.3824
29.4905
29.598
29.7283
29.8672
30.0334
30.2155
30.4243
30.6611
30.9289
31.2417
31.591
32.0045
32.4567
32.9829
33.5308
34.1267
34.6761
35.1698
28.6022
28.5953
28.6049
28.615
28.6334
28.6427
28.6574
28.6664
28.6878
28.7088
28.7443
28.7751
28.8165
28.8502
28.8976
28.9403
28.999
29.0542
29.1261
29.1982
29.2872
29.3777
29.4818
29.5925
29.717
29.8602
30.0183
30.2053
30.4041
30.6449
30.8986
31.211
31.5386
31.9387
32.3535
32.8409
33.325
33.8461
34.3071
34.7085
28.6047
28.592
28.6015
28.6115
28.6313
28.6396
28.655
28.6634
28.6857
28.7067
28.7421
28.7728
28.8132
28.8476
28.8929
28.9373
28.993
29.0507
29.1189
29.1943
29.2781
29.3729
29.4706
29.586
29.7031
29.8507
30.0007
30.1907
30.3811
30.6213
30.8646
31.1688
31.4802
31.8577
32.243
32.6845
33.1193
33.5683
33.9625
34.2831
28.6096
28.5856
28.5957
28.6074
28.6299
28.6379
28.6521
28.6603
28.6817
28.7045
28.7381
28.7712
28.8081
28.846
28.8866
28.935
28.9848
29.0473
29.1093
29.1897
29.2673
29.3663
29.4585
29.5765
29.6889
29.8368
29.9829
30.1701
30.357
30.5896
30.8275
31.1159
31.4159
31.7637
32.1258
32.5187
32.9137
33.2964
33.6391
33.8911
28.6156
28.5793
28.5867
28.6028
28.6272
28.6391
28.649
28.6585
28.6757
28.7025
28.7322
28.7698
28.8017
28.8443
28.8793
28.9317
28.9761
29.0421
29.0999
29.1822
29.2573
29.3563
29.4474
29.5628
29.6755
29.818
29.9649
30.1437
30.331
30.5507
30.7859
31.0542
31.3443
31.6615
32.0013
32.3496
32.7079
33.0338
33.3322
33.5302
28.6196
28.5756
28.5751
28.5972
28.6223
28.641
28.6461
28.6577
28.6675
28.6991
28.7248
28.7672
28.7954
28.8409
28.8729
28.9261
28.9691
29.0339
29.092
29.1715
29.2483
29.3429
29.4367
29.5457
29.6615
29.7954
29.945
30.113
30.3008
30.5069
30.7377
30.9874
31.2645
31.5551
31.8699
32.1808
32.502
32.7816
33.0385
33.1965
28.6171
28.5772
28.5665
28.5903
28.6145
28.6415
28.6447
28.6576
28.6618
28.6935
28.7178
28.7621
28.791
28.8353
28.8681
28.918
28.9632
29.0233
29.0847
29.1582
29.2392
29.3269
29.4249
29.5264
29.645
29.771
29.921
30.0805
30.2648
30.4607
30.6823
30.9174
31.1773
31.4456
31.7334
32.0126
32.2975
32.5396
32.7569
32.8854
28.6061
28.583
28.5649
28.583
28.6038
28.6371
28.6441
28.6575
28.6589
28.686
28.711
28.7539
28.7872
28.8278
28.864
28.908
28.9569
29.011
29.0764
29.1438
29.2283
29.3102
29.4103
29.5064
29.6246
29.746
29.892
30.0468
30.2232
30.412
30.6207
30.8437
31.0844
31.3328
31.5939
31.8449
32.0961
32.3065
32.4875
32.5923
28.5898
28.5883
28.5701
28.5775
28.5927
28.6275
28.6426
28.6565
28.659
28.6778
28.7042
28.7432
28.7822
28.8194
28.8596
28.8979
28.9491
28.9984
29.0657
29.1295
29.2147
29.2938
29.3924
29.4865
29.6003
29.7201
29.859
30.0111
30.1772
30.3598
30.5547
30.7656
30.988
31.2167
31.4533
31.6782
31.8983
32.0815
32.2298
32.3143
28.5736
28.5889
28.5779
28.5753
28.5838
28.6136
28.637
28.6537
28.6604
28.6717
28.6973
28.7312
28.7744
28.8104
28.8538
28.889
28.94
28.986
29.0525
29.115
29.1983
29.2776
29.3717
29.466
29.5729
29.6923
29.8228
29.972
30.1283
30.3032
30.486
30.6831
30.8891
31.098
31.3121
31.513
31.7045
31.8637
31.9833
32.0493
28.5618
28.5842
28.583
28.5757
28.5783
28.5988
28.6275
28.648
28.6609
28.6685
28.6909
28.7196
28.7637
28.8006
28.8459
28.8809
28.9297
28.974
29.0371
29.1001
29.1796
29.2605
29.3491
29.4441
29.5436
29.6615
29.7846
29.9289
30.0774
30.2425
30.4149
30.5971
30.788
30.9779
31.1704
31.3499
31.515
31.6525
31.7475
31.7954
28.555
28.5748
28.5817
28.5767
28.5762
28.5877
28.615
28.639
28.6582
28.6671
28.6857
28.7094
28.7509
28.7892
28.8359
28.8728
28.9189
28.9623
29.0202
29.0839
29.1588
29.2418
29.3252
29.42
29.5136
29.6275
29.745
29.8819
30.0245
30.1784
30.3413
30.5086
30.6845
30.8572
31.0287
31.1889
31.3301
31.4474
31.5217
31.552
28.5525
28.5638
28.5746
28.5754
28.5758
28.5812
28.6024
28.6273
28.6514
28.6649
28.6815
28.7011
28.7378
28.7762
28.8233
28.8634
28.9075
28.9508
29.0029
29.0664
29.1367
29.2204
29.3005
29.3932
29.4831
29.5906
29.7038
29.8318
29.9688
30.1118
30.2647
30.4189
30.579
30.7361
30.8878
31.0297
31.1503
31.2476
31.305
31.3183
28.5503
28.5541
28.5639
28.5708
28.5744
28.5786
28.5924
28.6146
28.6411
28.6598
28.6776
28.6944
28.7257
28.7622
28.8085
28.852
28.8949
28.939
28.9857
29.0475
29.1138
29.196
29.2749
29.3638
29.4518
29.5515
29.6606
29.7795
29.9098
30.0435
30.1854
30.3281
30.4723
30.6148
30.7482
30.8722
30.9752
31.0534
31.0965
31.0941
28.547
28.5467
28.5529
28.5632
28.5705
28.5764
28.5854
28.6028
28.6285
28.6512
28.6724
28.6887
28.7151
28.7484
28.792
28.8383
28.881
28.9262
28.9691
29.0275
29.0904
29.169
29.2477
29.3322
29.4187
29.5112
29.6151
29.7258
29.8479
29.9734
30.1039
30.2359
30.3655
30.4931
30.6105
30.7167
30.8043
30.8649
30.8948
30.8793
28.5415
28.5409
28.5435
28.5537
28.5639
28.5724
28.5806
28.593
28.6159
28.6397
28.6644
28.6827
28.7054
28.7356
28.7747
28.8223
28.8654
28.9116
28.9529
29.0064
29.0667
29.1401
29.2185
29.2989
29.3832
29.4701
29.5673
29.671
29.7835
29.9014
30.0209
30.1422
30.259
30.3715
30.4748
30.5636
30.6372
30.6821
30.6992
30.6731
28.5337
28.5354
28.5362
28.5438
28.5553
28.5659
28.5759
28.5849
28.6042
28.6269
28.6535
28.6752
28.6962
28.7238
28.7579
28.8044
28.8481
28.8947
28.9363
28.985
29.0425
29.1102
29.187
29.264
29.3452
29.4279
29.5177
29.6149
29.7177
29.8273
29.9368
30.0471
30.1527
30.2505
30.3406
30.4137
30.4734
30.5049
30.5095
30.4747
28.5248
28.5292
28.5304
28.5344
28.5457
28.5573
28.5698
28.5779
28.5934
28.6142
28.6404
28.6655
28.6863
28.7122
28.7422
28.7853
28.8295
28.8753
28.9184
28.9632
29.0177
29.0801
29.1532
29.2279
29.3048
29.3842
29.4668
29.5572
29.6512
29.7512
29.8521
29.951
30.0464
30.1307
30.2079
30.2672
30.3128
30.333
30.3253
30.283
28.5157
28.5216
28.5249
28.5259
28.5356
28.5471
28.5616
28.5711
28.5834
28.6022
28.6262
28.6537
28.6753
28.7002
28.7275
28.7659
28.8097
28.8541
28.8985
28.9409
28.9919
29.0499
29.1178
29.19
29.2624
29.3385
29.4148
29.498
29.5841
29.674
29.7664
29.8542
29.94
30.0124
30.0768
30.1238
30.1557
30.1657
30.1468
30.0975
28.507
28.5126
28.5183
28.5183
28.5256
28.5363
28.5515
28.5635
28.5738
28.5906
28.6121
28.6398
28.6632
28.687
28.7131
28.7468
28.789
28.8318
28.8761
28.9178
28.9651
29.0196
29.0815
29.1505
29.2186
29.2906
29.362
29.4375
29.5164
29.5961
29.6797
29.7575
29.8333
29.8956
29.9475
29.9835
30.0025
30.0025
29.9738
29.9174
28.4988
28.5026
28.5099
28.5111
28.5159
28.5256
28.5399
28.5544
28.5642
28.5791
28.5983
28.6246
28.6498
28.6726
28.6982
28.7281
28.7676
28.8088
28.8517
28.8934
28.9372
28.9887
29.0449
29.1094
29.1736
29.2407
29.308
29.376
29.448
29.5181
29.5925
29.661
29.7264
29.7799
29.8202
29.8461
29.8531
29.8434
29.806
29.7426
28.4908
28.4924
28.4998
28.5035
28.5066
28.5151
28.5276
28.5436
28.5545
28.5674
28.5849
28.6086
28.6349
28.6574
28.6821
28.7096
28.7457
28.7854
28.8259
28.8672
28.9082
28.9567
29.0082
29.0671
29.1274
29.1892
29.2525
29.3138
29.3787
29.4402
29.505
29.5647
29.62
29.6651
29.695
29.7113
29.7076
29.6884
29.6431
29.5729
28.4824
28.4826
28.4886
28.4948
28.4976
28.5046
28.5153
28.5313
28.544
28.5555
28.5715
28.5925
28.6187
28.6414
28.6648
28.6909
28.7232
28.7615
28.7993
28.8393
28.8782
28.9232
28.9712
29.0241
29.0802
29.1364
29.1955
29.2509
29.3087
29.3626
29.4175
29.4689
29.5143
29.5512
29.5719
29.5791
29.5661
29.5373
29.4849
29.4082
28.4733
28.473
28.477
28.4846
28.4883
28.4942
28.5034
28.5179
28.5324
28.5434
28.558
28.5764
28.6014
28.6246
28.6467
28.6715
28.7005
28.7368
28.7723
28.8101
28.8471
28.8885
28.9334
28.9808
29.0322
29.0828
29.137
29.1873
29.2381
29.2849
29.3304
29.3736
29.4095
29.4383
29.4506
29.4493
29.428
29.3902
29.3312
29.2481
28.4632
28.4635
28.4659
28.4731
28.4784
28.4836
28.4917
28.5041
28.5193
28.5308
28.544
28.5606
28.5832
28.6069
28.6279
28.6514
28.6775
28.7112
28.7449
28.7799
28.8149
28.8526
28.8946
28.9372
28.9835
29.0287
29.0773
29.1228
29.167
29.2072
29.244
29.2789
29.3059
29.3266
29.3311
29.3219
29.2932
29.2472
29.1817
29.0927
28.4524
28.4535
28.4552
28.4611
28.4675
28.4726
28.48
28.4904
28.5052
28.5174
28.5297
28.5448
28.5647
28.5881
28.6084
28.6305
28.6542
28.6847
28.7169
28.7489
28.7817
28.8156
28.8545
28.8931
28.9342
28.9743
29.0167
29.0576
29.0955
29.1296
29.1582
29.1849
29.2037
29.2162
29.2136
29.1967
29.1615
29.108
29.0364
28.9418
28.4412
28.4428
28.4447
28.449
28.4557
28.4611
28.468
28.477
28.4903
28.5032
28.5148
28.5287
28.546
28.5683
28.5882
28.6088
28.6305
28.6577
28.688
28.7174
28.7477
28.7781
28.8133
28.8483
28.8846
28.9196
28.9558
28.9916
29.0237
29.052
29.0731
29.0919
29.1029
29.1073
29.098
29.0737
29.0327
28.9724
28.8951
28.7955
28.43
28.4313
28.4338
28.4371
28.4432
28.449
28.4554
28.4637
28.4751
28.4881
28.4993
28.5123
28.5274
28.5478
28.5672
28.5863
28.6064
28.6302
28.6583
28.6854
28.713
28.74
28.7711
28.8028
28.8346
28.8647
28.8947
28.9251
28.9517
28.9743
28.9888
28.9999
29.0034
29
28.9844
28.9532
28.9066
28.8402
28.7576
28.6535
28.4186
28.4194
28.4221
28.4253
28.4305
28.4363
28.4423
28.4501
28.4599
28.4722
28.4831
28.4952
28.5088
28.5268
28.5455
28.5632
28.5817
28.6024
28.6278
28.6526
28.6776
28.7014
28.7283
28.7565
28.784
28.8097
28.8337
28.8583
28.8795
28.8967
28.9053
28.9089
28.9054
28.8945
28.8727
28.8351
28.7829
28.7113
28.6237
28.5156
28.4071
28.4073
28.4097
28.4133
28.4175
28.4231
28.4286
28.436
28.4447
28.4559
28.4664
28.4775
28.4899
28.5055
28.5229
28.5394
28.5563
28.5743
28.5967
28.6192
28.6415
28.6624
28.685
28.7095
28.7329
28.7545
28.7729
28.7917
28.8074
28.8191
28.8224
28.819
28.8088
28.7908
28.7629
28.7195
28.6618
28.5856
28.4932
28.3816
28.3951
28.3951
28.3969
28.4007
28.4045
28.4097
28.4146
28.4213
28.4293
28.4392
28.4492
28.4592
28.4705
28.484
28.4999
28.515
28.5302
28.5459
28.5652
28.5852
28.6049
28.6229
28.6415
28.6619
28.6813
28.6989
28.7124
28.7253
28.7354
28.7418
28.7401
28.7304
28.7138
28.6889
28.6552
28.6063
28.5433
28.4628
28.3659
28.2513
28.3825
28.3828
28.3838
28.3874
28.3912
28.3959
28.4004
28.4061
28.4135
28.4223
28.4315
28.4405
28.4505
28.4624
28.4763
28.49
28.5035
28.5171
28.5333
28.5507
28.5676
28.583
28.5977
28.614
28.6294
28.643
28.6521
28.6593
28.6639
28.6648
28.6584
28.643
28.6202
28.5889
28.5494
28.4955
28.4275
28.3429
28.2418
28.1244
28.3695
28.3704
28.3708
28.3737
28.3775
28.3818
28.386
28.3905
28.3973
28.4051
28.4135
28.4214
28.4301
28.4404
28.4524
28.4646
28.4763
28.4878
28.5012
28.5158
28.53
28.5426
28.5538
28.566
28.5773
28.5868
28.5919
28.5937
28.5929
28.5883
28.5772
28.5567
28.5283
28.4909
28.4455
28.3871
28.3143
28.2259
28.1208
28.0006
28.356
28.3574
28.3579
28.3597
28.3634
28.3672
28.3713
28.3749
28.3805
28.3875
28.395
28.402
28.4092
28.418
28.4282
28.4388
28.4487
28.4581
28.4688
28.4806
28.4919
28.5018
28.5097
28.5179
28.5251
28.5306
28.5317
28.5287
28.5226
28.5125
28.4968
28.4715
28.4378
28.3948
28.3438
28.2809
28.2037
28.1117
28.0029
27.8799
28.3423
28.344
28.3449
28.3457
28.3488
28.3523
28.3562
28.3592
28.3635
28.3695
28.3761
28.3823
28.3881
28.3951
28.4037
28.4125
28.4207
28.428
28.4361
28.4451
28.4536
28.4607
28.4654
28.4698
28.473
28.4744
28.4717
28.4642
28.4531
28.4377
28.4171
28.3874
28.3488
28.3008
28.2441
28.177
28.0956
28.0002
27.8881
27.7621
28.3285
28.3301
28.3315
28.3316
28.3339
28.337
28.3406
28.3433
28.3463
28.3512
28.3568
28.3623
28.3668
28.372
28.3788
28.3859
28.3925
28.3976
28.4031
28.4094
28.4151
28.4194
28.421
28.4217
28.421
28.4183
28.4119
28.4001
28.3844
28.3638
28.3384
28.3045
28.2613
28.2086
28.1467
28.0753
27.9901
27.8913
27.7765
27.6474
28.3147
28.3159
28.3175
28.3176
28.319
28.3214
28.3246
28.3272
28.329
28.3327
28.3371
28.3418
28.3453
28.3487
28.3536
28.3589
28.3639
28.367
28.3699
28.3735
28.3764
28.378
28.3765
28.3737
28.3692
28.3625
28.3523
28.3365
28.3164
28.291
28.2607
28.2227
28.1751
28.1183
28.0515
27.9757
27.8871
27.7849
27.6677
27.5357
28.3009
28.3014
28.303
28.3034
28.3039
28.3057
28.3081
28.3106
28.3117
28.314
28.3172
28.3208
28.3235
28.3253
28.3283
28.3316
28.3349
28.3363
28.3366
28.3375
28.3376
28.3365
28.3321
28.3258
28.3177
28.307
28.2932
28.2735
28.2492
28.2194
28.1842
28.1423
28.0905
28.0297
27.9585
27.8784
27.7866
27.6811
27.5617
27.4271
28.2869
28.2868
28.2881
28.2889
28.2888
28.2899
28.2914
28.2936
28.2942
28.2952
28.2971
28.2995
28.3015
28.3018
28.3028
28.3042
28.3056
28.3054
28.3033
28.3015
28.2987
28.2949
28.2879
28.278
28.2666
28.2519
28.2344
28.2111
28.1827
28.1489
28.109
28.0631
28.0074
27.9427
27.8678
27.7833
27.6884
27.58
27.4583
27.3217
28.2726
28.2722
28.273
28.274
28.2736
28.274
28.2746
28.2762
28.2765
28.2763
28.277
28.2779
28.279
28.2781
28.2773
28.2767
28.2761
28.2743
28.27
28.2655
28.2599
28.2533
28.2438
28.2306
28.2157
28.1974
28.1762
28.1496
28.117
28.0795
28.0352
27.9852
27.926
27.8574
27.7792
27.6907
27.5926
27.4815
27.3574
27.2191
28.2581
28.2576
28.2577
28.2587
28.2583
28.258
28.2578
28.2584
28.2585
28.2574
28.2568
28.2562
28.2562
28.2544
28.2517
28.2492
28.2464
28.243
28.2367
28.2295
28.2213
28.2117
28.1997
28.1835
28.1652
28.1435
28.1184
28.0887
28.0524
28.011
27.9628
27.9087
27.8462
27.7739
27.6926
27.6004
27.499
27.3856
27.2591
27.1193
28.2433
28.243
28.2424
28.2431
28.2427
28.2419
28.241
28.2405
28.2402
28.2383
28.2365
28.2346
28.2331
28.2304
28.226
28.2218
28.2168
28.2115
28.2035
28.1937
28.1829
28.1703
28.1558
28.1369
28.1152
28.0903
28.0614
28.0285
27.9888
27.9437
27.8919
27.8337
27.768
27.6923
27.6078
27.5126
27.4078
27.2921
27.1635
27.0222
28.2283
28.2282
28.2273
28.2273
28.2269
28.2257
28.2242
28.2225
28.2216
28.2192
28.2162
28.213
28.2099
28.2063
28.2004
28.1943
28.1873
28.1799
28.1703
28.158
28.1448
28.1293
28.1121
28.0908
28.0658
28.0377
28.0053
27.9691
27.9263
27.8775
27.8224
27.7603
27.6914
27.6127
27.5249
27.427
27.319
27.2011
27.0705
26.9276
28.2131
28.2133
28.2122
28.2115
28.2109
28.2093
28.2073
28.2047
28.2028
28.1999
28.1959
28.1914
28.1867
28.1819
28.1749
28.1668
28.158
28.1483
28.1371
28.1227
28.1068
28.0888
28.0686
28.045
28.017
27.9858
27.9501
27.9105
27.8648
27.8126
27.7543
27.6886
27.6163
27.5349
27.4441
27.3436
27.2327
27.1124
26.9801
26.8356
28.1979
28.1981
28.1972
28.1957
28.1948
28.1928
28.1904
28.1869
28.1839
28.1804
28.1755
28.1699
28.1636
28.1574
28.1493
28.1395
28.1289
28.117
28.1039
28.0876
28.0692
28.0487
28.0257
27.9996
27.9689
27.9346
27.8959
27.8529
27.8043
27.749
27.6875
27.6187
27.543
27.4589
27.3653
27.2623
27.1489
27.0261
26.8922
26.7462
28.1827
28.1828
28.1821
28.18
28.1785
28.1763
28.1734
28.1693
28.165
28.1609
28.1551
28.1484
28.1408
28.1329
28.1237
28.1124
28.0999
28.086
28.0708
28.0528
28.032
28.009
27.9834
27.9546
27.9215
27.8842
27.8427
27.7964
27.7449
27.6867
27.6222
27.5504
27.4715
27.3847
27.2885
27.1832
27.0675
26.9422
26.8067
26.6594
28.1676
28.1674
28.1668
28.1645
28.1622
28.1596
28.1562
28.1518
28.1463
28.1412
28.1347
28.127
28.1181
28.1085
28.0981
28.0854
28.0711
28.0553
28.038
28.0182
27.9952
27.9698
27.9417
27.9103
27.8748
27.8347
27.7904
27.7412
27.6867
27.6258
27.5583
27.4838
27.4019
27.3123
27.2138
27.1061
26.9884
26.861
26.7237
26.5752
28.1526
28.152
28.1513
28.1491
28.146
28.143
28.139
28.1342
28.1279
28.1215
28.1143
28.1056
28.0956
28.0844
28.0726
28.0587
28.0426
28.025
28.0055
27.9839
27.959
27.9312
27.9006
27.8667
27.8288
27.7861
27.739
27.6871
27.6297
27.5662
27.496
27.4188
27.3342
27.2419
27.1411
27.0313
26.9117
26.7822
26.6432
26.4935
28.1377
28.1368
28.1358
28.1337
28.1301
28.1264
28.1219
28.1166
28.1097
28.102
28.094
28.0843
28.0732
28.0607
28.0472
28.0321
28.0145
27.995
27.9736
27.95
27.9233
27.8932
27.8602
27.824
27.7836
27.7385
27.6888
27.6342
27.5741
27.5079
27.4352
27.3555
27.2683
27.1735
27.0704
26.9585
26.8372
26.7059
26.5652
26.4143
28.1228
28.1217
28.1202
28.1182
28.1143
28.11
28.1049
28.0989
28.0916
28.0828
28.0737
28.0632
28.051
28.0373
28.0221
28.0057
27.9867
27.9654
27.9421
27.9165
27.888
27.8559
27.8206
27.782
27.7393
27.692
27.6396
27.5825
27.5199
27.4512
27.3759
27.2938
27.2044
27.1072
27.0018
26.888
26.7649
26.6321
26.4897
26.3376
28.1079
28.1068
28.1048
28.1026
28.0987
28.0937
28.088
28.0813
28.0736
28.064
28.0536
28.0422
28.029
28.0141
27.9975
27.9795
27.9592
27.9363
27.9112
27.8837
27.8533
27.8193
27.7818
27.7409
27.696
27.6464
27.5917
27.5321
27.4671
27.396
27.3184
27.2339
27.1422
27.0429
26.9354
26.8196
26.6949
26.5607
26.4169
26.2635
28.093
28.0921
28.0898
28.0871
28.0832
28.0777
28.0714
28.0639
28.0556
28.0454
28.0339
28.0215
28.0072
27.9913
27.9733
27.9537
27.9322
27.9078
27.8809
27.8514
27.8192
27.7835
27.7438
27.7007
27.6536
27.602
27.5451
27.483
27.4158
27.3424
27.2625
27.1757
27.0819
26.9807
26.8712
26.7534
26.6272
26.4916
26.3466
26.1919
28.0783
28.0774
28.075
28.0718
28.0677
28.0619
28.055
28.0468
28.0377
28.027
28.0145
28.001
27.9858
27.9688
27.9496
27.9284
27.9055
27.8797
27.8512
27.8199
27.7858
27.7484
27.7069
27.6616
27.6124
27.5586
27.4997
27.4353
27.3658
27.2903
27.2083
27.1194
27.0235
26.9204
26.8091
26.6895
26.5617
26.4249
26.2787
26.123
28.0638
28.0629
28.0605
28.0568
28.0523
28.0462
28.0388
28.0301
28.0201
28.0088
27.9956
27.981
27.9647
27.9466
27.9264
27.9038
27.8793
27.8522
27.8222
27.7892
27.7532
27.7141
27.6708
27.6235
27.5722
27.5164
27.4556
27.3891
27.3174
27.2399
27.1559
27.065
26.9671
26.8621
26.7492
26.628
26.4986
26.3605
26.2133
26.0568
28.0496
28.0486
28.0462
28.0422
28.0372
28.0308
28.023
28.0137
28.0029
27.9909
27.977
27.9613
27.944
27.9248
27.9036
27.8797
27.8537
27.8253
27.7938
27.7593
27.7215
27.6806
27.6358
27.5865
27.5332
27.4755
27.4128
27.3444
27.2705
27.1911
27.1052
27.0125
26.9127
26.8059
26.6915
26.5687
26.4379
26.2985
26.1504
25.993
28.0357
28.0345
28.032
28.0279
28.0224
28.0157
28.0074
27.9976
27.9861
27.9733
27.9587
27.9422
27.9239
27.9035
27.8812
27.8563
27.8288
27.7991
27.7662
27.7302
27.6908
27.6481
27.6017
27.5507
27.4955
27.4359
27.3713
27.3012
27.2254
27.144
27.0563
26.9619
26.8604
26.7518
26.6359
26.5118
26.3795
26.239
26.0898
25.9318
28.0221
28.0208
28.0181
28.0138
28.008
28.0008
27.9921
27.9818
27.9697
27.9562
27.9409
27.9235
27.9042
27.8829
27.8595
27.8335
27.8047
27.7736
27.7394
27.702
27.6611
27.6167
27.5686
27.5161
27.4591
27.3976
27.3313
27.2596
27.1819
27.0986
27.0092
26.9132
26.8101
26.6998
26.5824
26.4572
26.3236
26.1819
26.0318
25.8731
28.0088
28.0074
28.0045
28.0001
27.994
27.9864
27.9773
27.9665
27.9538
27.9395
27.9235
27.9054
27.8852
27.8628
27.8383
27.8113
27.7814
27.7489
27.7134
27.6746
27.6323
27.5863
27.5367
27.4826
27.4241
27.3609
27.2927
27.2194
27.1402
27.0551
26.964
26.8665
26.7619
26.6501
26.5313
26.4048
26.2702
26.1274
25.9763
25.8169
27.9959
27.9944
27.9913
27.9868
27.9804
27.9724
27.9628
27.9515
27.9384
27.9234
27.9066
27.8878
27.8667
27.8434
27.8179
27.7898
27.7589
27.7251
27.6883
27.6482
27.6046
27.5571
27.5059
27.4505
27.3904
27.3256
27.2558
27.1809
27.1001
27.0134
26.9208
26.8217
26.7158
26.6027
26.4824
26.3548
26.2191
26.0754
25.9234
25.7632
27.9833
27.9818
27.9786
27.9738
27.9673
27.9589
27.9489
27.9371
27.9234
27.9078
27.8903
27.8707
27.8489
27.8247
27.7982
27.7691
27.7371
27.7022
27.6641
27.6228
27.578
27.5291
27.4764
27.4196
27.3581
27.2918
27.2204
27.144
27.0619
26.9737
26.8795
26.779
26.6718
26.5575
26.4359
26.3071
26.1705
26.0259
25.8731
25.7122
27.9713
27.9697
27.9664
27.9613
27.9545
27.9459
27.9354
27.9232
27.909
27.8929
27.8746
27.8543
27.8318
27.8068
27.7793
27.7492
27.7163
27.6802
27.641
27.5985
27.5524
27.5024
27.4483
27.3901
27.3272
27.2596
27.1868
27.1089
27.0254
26.9359
26.8403
26.7384
26.63
26.5145
26.3918
26.2618
26.1243
25.9789
25.8255
25.6639
27.9596
27.9581
27.9546
27.9493
27.9423
27.9334
27.9225
27.9098
27.8952
27.8785
27.8596
27.8386
27.8154
27.7896
27.7612
27.7302
27.6963
27.6593
27.619
27.5753
27.5281
27.4769
27.4215
27.362
27.2979
27.2289
27.1548
27.0755
26.9908
26.9
26.8031
26.7
26.5903
26.4738
26.35
26.2191
26.0807
25.9345
25.7804
25.6182
27.9486
27.9469
27.9434
27.9379
27.9306
27.9215
27.9102
27.8971
27.882
27.8648
27.8454
27.8237
27.7997
27.7733
27.744
27.7122
27.6774
27.6394
27.5981
27.5534
27.505
27.4527
27.3962
27.3355
27.2701
27.1999
27.1247
27.0441
26.9581
26.8661
26.7681
26.6638
26.553
26.4354
26.3107
26.1788
26.0396
25.8927
25.738
25.5753
27.9381
27.9363
27.9327
27.9271
27.9195
27.9101
27.8986
27.8851
27.8695
27.8518
27.8318
27.8096
27.7849
27.7578
27.7278
27.6951
27.6594
27.6206
27.5784
27.5326
27.4832
27.4299
27.3723
27.3105
27.2439
27.1726
27.0963
27.0145
26.9273
26.8343
26.7352
26.6298
26.5179
26.3994
26.2739
26.1411
26.0011
25.8535
25.6983
25.5351
27.9281
27.9264
27.9227
27.9169
27.9091
27.8994
27.8876
27.8737
27.8577
27.8396
27.8191
27.7963
27.771
27.7432
27.7125
27.6791
27.6426
27.6029
27.5599
27.5132
27.4628
27.4085
27.3499
27.287
27.2195
27.1471
27.0697
26.9869
26.8986
26.8046
26.7044
26.5981
26.4853
26.3659
26.2395
26.106
25.9652
25.817
25.6613
25.4977
27.9189
27.917
27.9132
27.9073
27.8993
27.8894
27.8773
27.8631
27.8467
27.8281
27.8072
27.7838
27.758
27.7296
27.6983
27.6641
27.6269
27.5864
27.5426
27.4951
27.4438
27.3886
27.3291
27.2653
27.1967
27.1234
27.045
26.9612
26.872
26.777
26.6759
26.5687
26.455
26.3348
26.2077
26.0735
25.9321
25.7833
25.627
25.4631
27.9102
27.9084
27.9044
27.8984
27.8903
27.8801
27.8678
27.8532
27.8365
27.8175
27.7962
27.7723
27.746
27.717
27.6851
27.6503
27.6124
27.5712
27.5266
27.4783
27.4263
27.3702
27.3099
27.2452
27.1758
27.1016
27.0223
26.9376
26.8475
26.7516
26.6497
26.5417
26.4273
26.3062
26.1784
26.0436
25.9016
25.7523
25.5956
25.4313
27.9023
27.9004
27.8964
27.8903
27.882
27.8716
27.859
27.8442
27.8272
27.8078
27.7861
27.7618
27.7349
27.7054
27.673
27.6376
27.5991
27.5573
27.512
27.4631
27.4102
27.3535
27.2924
27.2268
27.1567
27.0817
27.0016
26.9161
26.8252
26.7285
26.6259
26.5171
26.402
26.2802
26.1518
26.0164
25.8739
25.7242
25.567
25.4024
27.8952
27.8932
27.8891
27.8829
27.8745
27.8638
27.8511
27.836
27.8187
27.799
27.7769
27.7523
27.725
27.695
27.6621
27.6262
27.5871
27.5447
27.4988
27.4493
27.3958
27.3383
27.2766
27.2103
27.1395
27.0637
26.9829
26.8967
26.8051
26.7078
26.6044
26.495
26.3793
26.2569
26.1279
25.992
25.849
25.6989
25.5414
25.3764
27.8888
27.8868
27.8826
27.8763
27.8678
27.857
27.844
27.8288
27.8111
27.7912
27.7687
27.7438
27.7161
27.6857
27.6524
27.616
27.5765
27.5336
27.4871
27.437
27.3829
27.3249
27.2626
27.1957
27.1242
27.0478
26.9664
26.8796
26.7873
26.6894
26.5854
26.4754
26.3591
26.2363
26.1068
25.9704
25.827
25.6766
25.5187
25.3535
27.8832
27.8812
27.877
27.8706
27.8619
27.851
27.8379
27.8224
27.8046
27.7844
27.7616
27.7364
27.7084
27.6776
27.644
27.6072
27.5672
27.5238
27.4769
27.4264
27.3718
27.3132
27.2504
27.1829
27.1109
27.034
26.952
26.8647
26.7718
26.6734
26.569
26.4584
26.3417
26.2184
26.0884
25.9517
25.8079
25.6572
25.4991
25.3336
27.8785
27.8765
27.8722
27.8657
27.857
27.8459
27.8326
27.817
27.799
27.7786
27.7556
27.7301
27.7018
27.6707
27.6368
27.5997
27.5593
27.5156
27.4683
27.4173
27.3624
27.3033
27.2401
27.1722
27.0997
27.0223
26.9399
26.8521
26.7588
26.6599
26.5551
26.4441
26.3269
26.2033
26.073
25.9359
25.7919
25.6408
25.4825
25.3169
27.8747
27.8726
27.8683
27.8617
27.8529
27.8418
27.8284
27.8126
27.7945
27.7739
27.7507
27.725
27.6965
27.6652
27.631
27.5936
27.553
27.5089
27.4613
27.41
27.3547
27.2953
27.2317
27.1635
27.0906
27.0129
26.93
26.8419
26.7483
26.649
26.5438
26.4325
26.315
26.1911
26.0605
25.9232
25.7789
25.6276
25.4691
25.3033
27.8717
27.8697
27.8653
27.8587
27.8498
27.8387
27.8251
27.8093
27.791
27.7703
27.747
27.7211
27.6925
27.661
27.6265
27.589
27.5481
27.5039
27.456
27.4044
27.3489
27.2892
27.2253
27.1569
27.0837
27.0057
26.9226
26.8342
26.7403
26.6407
26.5352
26.4237
26.3059
26.1818
26.051
25.9135
25.769
25.6175
25.459
25.293
27.8698
27.8677
27.8633
27.8567
27.8477
27.8366
27.823
27.807
27.7887
27.7679
27.7445
27.7185
27.6897
27.6581
27.6235
27.5858
27.5448
27.5004
27.4524
27.4006
27.345
27.2851
27.221
27.1524
27.079
27.0008
26.9175
26.8289
26.7349
26.6351
26.5295
26.4178
26.2998
26.1755
26.0446
25.9069
25.7624
25.6108
25.4521
25.2861
27.8687
27.8667
27.8623
27.8557
27.8467
27.8355
27.8219
27.8059
27.7875
27.7667
27.7432
27.7171
27.6884
27.6567
27.622
27.5842
27.5432
27.4987
27.4506
27.3987
27.343
27.2831
27.2188
27.1502
27.0767
26.9984
26.915
26.8263
26.7321
26.6322
26.5265
26.4148
26.2967
26.1724
26.0413
25.9036
25.759
25.6073
25.4486
25.2826
39.6164
39.1208
37.2946
35.3176
33.6277
32.2911
31.235
30.3899
29.6754
29.0626
28.5134
28.025
27.5629
27.13
26.6969
26.2748
25.8371
25.4122
24.9601
24.5329
24.0694
23.6382
23.1723
22.7329
22.2685
21.8158
21.3546
20.8861
20.4268
19.9399
19.4691
18.9598
18.468
17.9326
17.4312
16.8384
16.3503
15.6808
15.1946
14.4841
13.9362
13.2538
12.5914
11.9276
11.1905
10.5109
9.6761
9.07238
8.05278
7.52886
6.46903
5.81225
4.90296
4.09326
3.40738
2.33936
2.08346
0.818309
0.60473
-0.241108
-0.814528
-0.771145
-1.96113
-1.36764
-2.02177
-2.37882
-1.64818
-2.74666
-2.013
-1.54855
-2.23311
-1.17722
-1.2274
-1.77042
-0.863702
-0.799755
-0.972532
-0.275636
0.145223
0.0267063
37.6347
37.5606
36.6689
35.2109
33.6715
32.3032
31.1839
30.2922
29.5674
28.9714
28.4316
27.969
27.4986
27.0888
26.634
26.2387
25.7729
25.3787
24.8958
24.4999
24.0088
23.6022
23.121
22.6899
22.2328
21.7637
21.334
20.8245
20.4089
19.8734
19.4454
18.8974
18.4494
17.8671
17.4234
16.7741
16.3393
15.6412
15.1564
14.4927
13.8643
13.2906
12.5212
11.97
11.1244
10.5696
9.6112
9.11544
8.05659
7.48743
6.58894
5.71848
5.08586
3.97724
3.57319
2.30666
2.08311
1.05088
0.415419
0.100515
-1.01736
-0.662525
-1.69258
-1.66715
-1.60292
-2.62866
-1.67096
-2.19138
-2.49425
-1.30577
-1.97567
-1.60845
-0.877386
-1.65221
-1.20408
-0.512873
-0.870684
-0.48368
0.20901
0.0855303
36.7583
36.8256
36.2883
35.1934
33.8101
32.4442
31.2537
30.2949
29.5213
28.9143
28.3753
27.9207
27.4571
27.0464
26.5972
26.1914
25.7373
25.3237
24.8624
24.4381
23.98
23.5374
23.0949
22.6239
22.2033
21.7007
21.2931
20.7695
20.3533
19.8265
19.3817
18.8552
18.3853
17.8294
17.3499
16.7599
16.2401
15.6575
15.0448
14.5062
13.7861
13.2673
12.504
11.9216
11.136
10.5137
9.69089
9.00595
8.21941
7.38268
6.7233
5.7496
5.13221
4.15242
3.55606
2.68744
1.97206
1.40439
0.522114
0.228052
-0.538993
-0.813626
-1.13215
-1.64165
-1.51605
-1.97356
-1.98863
-1.81076
-2.12747
-1.64609
-1.45261
-1.61665
-1.16121
-1.16884
-1.25396
-0.757001
-0.556379
-0.487791
-0.0515948
0.0663495
36.0611
36.132
35.7144
34.8713
33.6752
32.4289
31.2401
30.2613
29.4423
28.8153
28.271
27.817
27.3725
26.9591
26.5326
26.1117
25.6826
25.2421
24.8132
24.3521
23.9343
23.4512
23.0469
22.5449
22.1451
21.6365
21.2201
20.7203
20.2686
19.7832
19.2951
18.8097
18.2996
17.7877
17.2577
16.7311
16.1441
15.633
14.9725
14.4618
13.7587
13.1925
12.5052
11.8402
11.1581
10.4495
9.74222
8.95507
8.28924
7.39489
6.75332
5.87142
5.13033
4.35743
3.59112
2.92312
2.05245
1.56962
0.815942
0.290781
-0.190328
-0.722837
-0.894169
-1.337
-1.49905
-1.60535
-1.91569
-1.72956
-1.75484
-1.71026
-1.34439
-1.3694
-1.27953
-1.03839
-1.04423
-0.87218
-0.48264
-0.370628
-0.19077
0.02109
35.4568
35.5041
35.1641
34.4902
33.4853
32.3668
31.2412
30.2563
29.4252
28.7548
28.2057
27.7288
27.3027
26.8806
26.4771
26.0461
25.635
25.1808
24.7657
24.2918
23.8823
23.3954
22.9869
22.498
22.0752
21.599
21.1448
20.6856
20.1956
19.7418
19.2294
18.7596
18.236
17.7391
17.1923
16.6841
16.0914
15.5771
14.9491
14.3935
13.7603
13.1254
12.5035
11.8009
11.1568
10.4288
9.75207
8.97591
8.29881
7.48658
6.75666
5.99681
5.19141
4.49386
3.70582
3.05568
2.27482
1.68246
1.07881
0.459848
0.044736
-0.450951
-0.753985
-1.04524
-1.33819
-1.41198
-1.59045
-1.63001
-1.52796
-1.5307
-1.32508
-1.19406
-1.18311
-1.03139
-0.883752
-0.802513
-0.526802
-0.308007
-0.198803
-0.0143312
34.9282
34.9445
34.6641
34.0967
33.2605
32.2574
31.2241
30.2468
29.4235
28.7126
28.1501
27.6499
27.2242
26.801
26.406
25.9795
25.5736
25.1229
24.7058
24.2391
23.8169
23.3483
22.9145
22.4551
21.9992
21.5552
21.0731
20.6342
20.1339
19.6818
19.1758
18.6971
18.1828
17.6801
17.1396
16.6235
16.053
15.5086
14.9256
14.3284
13.7378
13.0829
12.4747
11.7871
11.1337
10.4287
9.7443
9.01316
8.2955
7.55864
6.78995
6.07755
5.29045
4.58822
3.8456
3.16746
2.47968
1.82756
1.27834
0.680953
0.228793
-0.202969
-0.574689
-0.819491
-1.09961
-1.25502
-1.34821
-1.46619
-1.4032
-1.34531
-1.24621
-1.09963
-1.04949
-0.984961
-0.813381
-0.696743
-0.536883
-0.302266
-0.169294
-0.0381165
34.4605
34.4449
34.2102
33.7108
33.0077
32.1067
31.1698
30.2242
29.4112
28.6829
28.0958
27.5814
27.1403
26.7215
26.3237
25.9091
25.5026
25.0634
24.6392
24.1872
23.7478
23.3002
22.8434
22.4054
21.9318
21.4985
21.0142
20.5698
20.0821
19.6148
19.1254
18.6331
18.1312
17.6198
17.0912
16.5629
16.0134
15.4495
14.8882
14.2837
13.6967
13.0588
12.4368
11.7794
11.1104
10.4334
9.74315
9.04023
8.31256
7.6049
6.85264
6.1389
5.39934
4.68023
3.97898
3.29809
2.65033
1.99903
1.44764
0.904475
0.424377
0.00975154
-0.36301
-0.624416
-0.865216
-1.0734
-1.16434
-1.26454
-1.2689
-1.1911
-1.12394
-1.02015
-0.940991
-0.897743
-0.770017
-0.617473
-0.49976
-0.305321
-0.145692
-0.0396669
34.0374
33.9959
33.7909
33.3433
32.7348
31.9297
31.0768
30.1857
29.3824
28.6588
28.0441
27.5207
27.0585
26.6416
26.238
25.8337
25.4271
25.0005
24.5712
24.1325
23.6824
23.2464
22.7813
22.3469
21.8752
21.4338
20.9622
20.5028
20.031
19.5508
19.0719
18.5748
18.0767
17.5642
17.0417
16.5082
15.9681
15.4019
14.8425
14.2491
13.6531
13.0378
12.4047
11.7663
11.0986
10.4346
9.74969
9.05884
8.34386
7.64329
6.92332
6.20119
5.49749
4.78278
4.10305
3.43578
2.80309
2.17554
1.6174
1.10727
0.625133
0.209461
-0.152159
-0.429857
-0.658085
-0.881193
-0.998256
-1.07233
-1.11272
-1.05857
-1.00002
-0.928758
-0.851181
-0.803947
-0.713958
-0.560814
-0.443201
-0.294091
-0.135811
-0.0376793
33.6472
33.5892
33.3986
32.9966
32.4522
31.7371
30.9514
30.1272
29.3392
28.631
27.9971
27.4643
26.9847
26.5613
26.1546
25.7541
25.35
24.9333
24.503
24.0736
23.6208
23.1873
22.7252
22.2842
21.8229
21.3687
20.9098
20.4398
19.9759
19.4924
19.0147
18.5205
18.0211
17.5116
16.9911
16.458
15.9194
15.3611
14.7951
14.2162
13.6153
13.0117
12.3818
11.7484
11.0949
10.4326
9.76031
9.07634
8.3813
7.68311
6.98669
6.2727
5.58497
4.89169
4.22223
3.57252
2.94892
2.34634
1.79257
1.29164
0.821788
0.405962
0.0486547
-0.234745
-0.469523
-0.688537
-0.826978
-0.897983
-0.952262
-0.934127
-0.883564
-0.828357
-0.767299
-0.716736
-0.644868
-0.512665
-0.39267
-0.271844
-0.132572
-0.0371505
33.2834
33.2168
33.0302
32.6688
32.1695
31.5336
30.8049
30.0461
29.2837
28.5927
27.9541
27.4096
26.9186
26.4831
26.0736
25.6731
25.2716
24.8623
24.4347
24.0102
23.5615
23.125
22.671
22.2215
21.7692
21.3074
20.8533
20.382
19.9169
19.4376
18.9564
18.4668
17.967
17.4594
16.9412
16.4096
15.8718
15.3208
14.7511
14.1815
13.5833
12.9831
12.3632
11.7319
11.0921
10.432
9.77275
9.09675
8.41851
7.72515
7.04495
6.35007
5.66942
4.99975
4.3386
3.70523
3.09309
2.51049
1.96588
1.46704
1.01014
0.600778
0.243231
-0.0465686
-0.289029
-0.500786
-0.651349
-0.737025
-0.799555
-0.80705
-0.769622
-0.72632
-0.680997
-0.6346
-0.572264
-0.465128
-0.351243
-0.244973
-0.127601
-0.0357738
32.9425
32.8721
32.6841
32.3573
31.8935
31.3217
30.6465
29.9434
29.2167
28.5421
27.9111
27.3556
26.8575
26.4091
25.9943
25.593
25.1919
24.7885
24.3655
23.9434
23.5018
23.0617
22.6154
22.1608
21.7127
21.2495
20.7944
20.3264
19.8576
19.3831
18.8994
18.4129
17.9143
17.4078
16.8918
16.363
15.8258
15.2792
14.7121
14.1451
13.5553
12.955
12.3462
11.7186
11.0879
10.4355
9.78545
9.12062
8.45231
7.77104
7.10285
6.42743
5.75455
5.10254
4.45395
3.83504
3.2368
2.66729
2.13369
1.63907
1.19077
0.791575
0.431594
0.133233
-0.110639
-0.319214
-0.478844
-0.584127
-0.654243
-0.67571
-0.655862
-0.626058
-0.593512
-0.55695
-0.502918
-0.415313
-0.313613
-0.217728
-0.118354
-0.0333463
32.6226
32.5493
32.3597
32.0597
31.6272
31.1047
30.481
29.8233
29.1379
28.4808
27.8633
27.3021
26.7984
26.3399
25.9172
25.5139
25.1125
24.7122
24.2951
23.8742
23.4401
22.9988
22.5568
22.1023
21.6539
21.1934
20.7354
20.2707
19.8004
19.3274
18.8448
18.3586
17.8627
17.357
16.8431
16.318
15.7807
15.2384
14.6759
14.1095
13.5283
12.9297
12.3301
11.7073
11.0842
10.4418
9.7989
9.14565
8.48521
7.82085
7.16045
6.50229
5.84029
5.20131
4.5697
3.96215
3.37752
2.81775
2.29547
1.80911
1.36613
0.974386
0.613428
0.308577
0.065747
-0.145198
-0.313421
-0.433522
-0.512447
-0.544771
-0.543007
-0.528528
-0.507891
-0.481654
-0.435995
-0.362586
-0.276732
-0.191646
-0.105657
-0.0304636
32.322
32.2447
32.0555
31.7738
31.3713
30.8859
30.3106
29.6913
29.0468
28.4106
27.8076
27.2482
26.7389
26.2743
25.8427
25.4361
25.0341
24.634
24.2234
23.8032
23.376
22.9359
22.4963
22.0446
21.5945
21.1375
20.6775
20.2147
19.7447
19.2716
18.7914
18.3048
17.8117
17.3072
16.7955
16.2732
15.7375
15.1986
14.641
14.076
13.5012
12.9082
12.3138
11.698
11.0821
10.4496
9.81332
9.17103
8.52037
7.8709
7.21809
6.57474
5.92636
5.29916
4.68379
4.08518
3.51427
2.96434
2.4521
1.9764
1.53626
1.14755
0.790261
0.482074
0.237425
0.0213505
-0.154507
-0.283464
-0.373555
-0.417968
-0.431617
-0.433501
-0.42372
-0.405916
-0.370136
-0.309494
-0.239677
-0.166435
-0.0920537
-0.0272883
32.0387
31.9555
31.7692
31.4994
31.1246
30.6687
30.1363
29.5519
28.9442
28.3323
27.744
27.1914
26.6789
26.2102
25.7714
25.3595
24.9569
24.5555
24.1498
23.7318
23.3093
22.8728
22.4347
21.9862
21.5359
21.0807
20.6211
20.1585
19.6898
19.2168
18.7379
18.2526
17.7606
17.259
16.7486
16.2291
15.6964
15.1595
14.6072
14.0443
13.4757
12.8887
12.2981
11.6909
11.0814
10.4587
9.82838
9.19767
8.55742
7.91928
7.27683
6.6456
6.01293
5.39583
4.79365
4.20554
3.64774
3.10824
2.60394
2.1383
1.70106
1.31351
0.963126
0.65294
0.402552
0.18178
-0.000780337
-0.135557
-0.237106
-0.295252
-0.322909
-0.339779
-0.33926
-0.329722
-0.306339
-0.257966
-0.201889
-0.142188
-0.078902
-0.0231924
31.7711
31.68
31.4984
31.2366
30.886
30.4556
29.9587
29.4082
28.8317
28.2466
27.6732
27.1301
26.6181
26.1458
25.7029
25.2843
24.881
24.4777
24.0751
23.6603
23.2406
22.8093
22.3719
21.9271
21.4777
21.0234
20.5657
20.1025
19.6354
19.1629
18.6849
18.2015
17.7102
17.2118
16.7023
16.1863
15.6567
15.1216
14.5744
14.0149
13.4515
12.8697
12.2845
11.6854
11.0817
10.4685
9.84476
9.22568
8.595
7.96662
7.33676
6.71586
6.09854
5.49013
4.90024
4.32491
3.77742
3.24867
2.75096
2.29381
1.86187
1.47494
1.131
0.818985
0.561145
0.337499
0.149094
0.00913456
-0.102731
-0.176938
-0.217932
-0.245621
-0.254307
-0.254774
-0.244764
-0.20825
-0.163947
-0.118008
-0.0655463
-0.0184597
31.5171
31.4175
31.2407
30.9853
30.6547
30.2475
29.7799
29.2613
28.7121
28.1533
27.596
27.0635
26.5555
26.0809
25.6358
25.2111
24.8062
24.4012
23.9999
23.5884
23.171
22.7442
22.3089
21.8671
21.4193
20.9663
20.5099
20.0476
19.5811
19.1101
18.6327
18.1508
17.6612
17.1648
16.6576
16.1444
15.6179
15.0851
14.5426
13.9874
13.4279
12.8519
12.2732
11.681
11.0828
10.4792
9.86341
9.25378
8.63271
8.01401
7.39735
6.78562
6.18154
5.58303
5.00511
4.44225
3.90271
3.38509
2.89411
2.44379
2.0189
1.63259
1.29214
0.979207
0.715103
0.489773
0.295959
0.149289
0.0276534
-0.0627942
-0.114778
-0.150207
-0.170341
-0.182139
-0.184971
-0.160335
-0.125729
-0.0924992
-0.0520429
-0.0139917
31.2747
31.1676
30.9936
30.7456
30.4298
30.0448
29.6012
29.1116
28.5878
28.0528
27.5137
26.9915
26.4903
26.0149
25.569
25.1401
24.732
24.3264
23.9244
23.5163
23.1007
22.6776
22.2455
21.8059
21.361
20.9092
20.454
19.9936
19.527
19.0583
18.5811
18.1011
17.6133
17.1182
16.6144
16.103
15.5805
15.0501
14.5121
13.9611
13.4054
12.8362
12.2629
11.6775
11.0849
10.4913
9.8837
9.28098
8.67125
8.06203
7.45749
6.85457
6.26199
5.6757
5.10796
4.55601
4.0246
3.51767
3.03402
2.58878
2.17135
1.7861
1.44636
1.13473
0.866026
0.638221
0.439005
0.283451
0.153228
0.0502246
-0.0113587
-0.0557894
-0.0893123
-0.112122
-0.126118
-0.112776
-0.0870746
-0.0662202
-0.0388673
-0.00993933
31.0425
30.9293
30.7564
30.5161
30.2118
29.8469
29.4241
28.9602
28.4602
27.9465
27.4264
26.9148
26.422
25.9479
25.5017
25.0705
24.6589
24.2529
23.8495
23.444
23.03
22.6103
22.1815
21.7443
21.3023
20.8522
20.3984
19.9399
19.4738
19.0068
18.5305
18.0522
17.566
17.0729
16.5721
16.0624
15.5443
15.0162
14.4826
13.9359
13.3846
12.8219
12.253
11.6754
11.0887
10.504
9.90453
9.3082
8.71099
8.11029
7.51621
6.92297
6.34098
5.76777
5.20802
4.66615
4.14428
3.64631
3.17035
2.72938
2.31856
1.93524
1.59547
1.28613
1.01323
0.781873
0.577556
0.412328
0.275649
0.163899
0.0907077
0.0346397
-0.0113898
-0.0434601
-0.066346
-0.0648088
-0.0495341
-0.0403999
-0.0257392
-0.0059451
30.8191
30.7018
30.5284
30.2955
30.001
29.6532
29.2497
28.8075
28.3302
27.8358
27.334
26.8342
26.35
25.8795
25.4336
25.0016
24.5871
24.1801
23.7757
23.3714
22.9594
22.5424
22.1167
21.6825
21.2428
20.7954
20.3427
19.8864
19.4216
18.9554
18.4813
18.0036
17.5197
17.0286
16.5303
16.0232
15.5088
14.9839
14.454
13.9119
13.3654
12.8085
12.2441
11.6748
11.0942
10.5163
9.92614
9.33673
8.75081
8.15825
7.57359
6.99148
6.41916
5.85754
5.30555
4.77361
4.2616
3.77099
3.30278
2.86603
2.46036
2.08058
1.74066
1.43215
1.15623
0.921041
0.711749
0.537719
0.395832
0.276236
0.189184
0.121315
0.0652202
0.0255636
-0.00570602
-0.0178364
-0.0143677
-0.0154156
-0.012002
-0.00152035
30.6039
30.484
30.3092
30.0828
29.7973
29.4637
29.0783
28.6545
28.1987
27.7218
27.2375
26.7501
26.2745
25.8095
25.3642
24.933
24.516
24.1082
23.7029
23.2991
22.8892
22.4741
22.0518
21.6203
21.183
20.7385
20.2871
19.8332
19.3698
18.9047
18.4329
17.9557
17.4746
16.9851
16.4896
15.9852
15.4741
14.953
14.4262
13.8895
13.347
12.7958
12.2368
11.6749
11.1008
10.5286
9.94906
9.36648
8.78949
8.2062
7.63053
7.05999
6.4959
5.94407
5.40184
4.87874
4.37578
3.89216
3.43098
2.99889
2.59768
2.22214
1.88126
1.57275
1.29573
1.05588
0.841753
0.660647
0.513025
0.384916
0.284599
0.206334
0.141731
0.0945616
0.0536325
0.0271843
0.0187711
0.00928095
0.0030596
0.00338643
30.3969
30.2745
30.0986
29.8772
29.6003
29.2787
28.9097
28.5024
28.0657
27.6056
27.1373
26.6626
26.196
25.7372
25.294
24.864
24.4454
24.0372
23.6308
23.2275
22.8193
22.406
21.9866
21.5577
21.123
20.6813
20.2319
19.7799
19.3185
18.8547
18.3848
17.909
17.4302
16.9424
16.4499
15.9481
15.4404
14.9231
14.3996
13.8684
13.3295
12.7843
12.231
11.6753
11.1084
10.5419
9.97255
9.39669
8.82713
8.2547
7.68744
7.12714
6.5708
6.02839
5.49725
4.98116
4.48638
4.01005
3.55511
3.12853
2.73112
2.35871
2.01742
1.70942
1.4312
1.18621
0.968184
0.781123
0.626308
0.489617
0.37843
0.290716
0.217728
0.161753
0.110327
0.0708956
0.0513424
0.0346947
0.0190906
0.00806091
30.1978
30.0724
29.8964
29.6781
29.4097
29.0981
28.7439
28.3517
27.9319
27.4879
27.034
26.5722
26.1146
25.6626
25.2226
24.7942
24.3755
23.9666
23.5597
23.1567
22.7496
22.3382
21.9211
21.4949
21.0628
20.6237
20.1769
19.7266
19.2679
18.8053
18.3374
17.8634
17.3864
16.9009
16.4111
15.9122
15.4073
14.8945
14.3742
13.8479
13.3132
12.7738
12.2264
11.6759
11.1172
10.5565
9.99551
9.42731
8.86483
8.30341
7.7437
7.19215
6.64488
6.11157
5.59053
5.08075
4.59353
4.12491
3.67606
3.25468
2.86009
2.49026
2.15034
1.84219
1.56165
1.31288
1.09148
0.898298
0.735557
0.591233
0.471144
0.374265
0.292178
0.225947
0.164858
0.114634
0.0847988
0.0604864
0.0343997
0.0121399
30.0059
29.8774
29.7016
29.4856
29.2248
28.9219
28.5811
28.2026
27.7981
27.3691
26.9285
26.4794
26.0305
25.586
25.1498
24.7238
24.3058
23.8964
23.4897
23.0864
22.6806
22.2706
21.8556
21.4322
21.0024
20.5662
20.1219
19.6736
19.2175
18.7563
18.2908
17.8184
17.3435
16.8603
16.373
15.8775
15.3751
14.867
14.35
13.8281
13.2984
12.7641
12.2227
11.6773
11.1269
10.5718
10.0179
9.45867
8.90312
8.35115
7.79901
7.25591
6.7187
6.19315
5.68053
5.17815
4.69787
4.23702
3.7939
3.37632
2.98484
2.61813
2.27985
1.97028
1.6877
1.43654
1.21109
1.01166
0.84155
0.690527
0.562269
0.456355
0.364247
0.287458
0.218594
0.159165
0.118929
0.0849255
0.0480823
0.0162405
29.8208
29.689
29.5137
29.2995
29.0451
28.7503
28.4211
28.0553
27.6646
27.2496
26.8216
26.3842
25.9443
25.5074
25.0755
24.6528
24.2358
23.8268
23.4204
23.0166
22.6123
22.2032
21.7904
21.3695
20.9421
20.5088
20.0669
19.621
19.1672
18.708
18.245
17.7741
17.3017
16.8207
16.3357
15.8439
15.3438
14.8403
14.3269
13.8091
13.285
12.7549
12.2196
11.6799
11.1366
10.5879
10.0405
9.49043
8.94166
8.3974
7.85396
7.31929
6.79129
6.27241
5.76769
5.27407
4.79975
4.3458
3.90793
3.49378
3.10649
2.74252
2.40488
2.09407
1.81026
1.5566
1.32679
1.1217
0.94486
0.787483
0.651168
0.536346
0.434016
0.347648
0.272157
0.203793
0.152262
0.107234
0.0610604
0.020965
29.642
29.5068
29.3322
29.1195
28.8706
28.5831
28.2639
27.9101
27.5316
27.1298
26.7134
26.2873
25.8564
25.4268
25
24.5808
24.1656
23.7574
23.3515
22.9476
22.5444
22.1363
21.7256
21.307
20.8819
20.4515
20.0119
19.5686
19.1173
18.6602
18.1997
17.7306
17.2605
16.7822
16.2991
15.8112
15.3139
14.8141
14.305
13.791
13.2724
12.7465
12.2173
11.6836
11.1463
10.6048
10.0636
9.52187
8.98016
8.44279
7.90885
7.38188
6.86158
6.34984
5.85318
5.36808
4.89879
4.45073
4.01845
3.60843
3.22489
2.86261
2.52548
2.21441
1.92935
1.67264
1.43911
1.22864
1.04536
0.881928
0.737558
0.614052
0.502323
0.407277
0.324851
0.24735
0.183999
0.128418
0.0745891
0.0261181
29.4688
29.3306
29.1566
28.9452
28.701
28.4201
28.1098
27.767
27.3996
27.0102
26.6045
26.1891
25.7668
25.3446
24.9233
24.5078
24.0954
23.688
23.2831
22.8793
22.477
22.0703
21.661
21.245
20.8219
20.3941
19.9573
19.5162
19.0678
18.6128
18.1548
17.6881
17.2198
16.7447
16.2634
15.7793
15.2852
14.7883
14.2844
13.7738
13.2603
12.7394
12.2156
11.688
11.1562
10.6223
10.0872
9.55273
9.01851
8.48814
7.96296
7.44294
6.92997
6.42634
5.93706
5.45902
4.99501
4.55243
4.12627
3.72033
3.33896
2.97852
2.64251
2.33152
2.04471
1.78486
1.54813
1.33234
1.14317
0.973856
0.821424
0.68962
0.569615
0.466112
0.375946
0.289299
0.214512
0.149859
0.0888392
0.0310812
29.3007
29.16
28.9863
28.7765
28.5362
28.2613
27.9587
27.626
27.2688
26.8907
26.4952
26.0899
25.676
25.2611
24.8455
24.4337
24.0247
23.6185
23.2151
22.8117
22.41
22.005
21.5968
21.1834
20.7623
20.3369
19.9031
19.4639
19.0188
18.5657
18.1104
17.6465
17.1798
16.7082
16.2287
15.7481
15.2575
14.7633
14.2649
13.7576
13.2488
12.7334
12.2143
11.6929
11.1668
10.6399
10.1113
9.58309
9.05668
8.53362
8.01545
7.50267
6.99752
6.50158
6.01848
5.54689
5.08914
4.65161
4.23109
3.82853
3.44891
3.09116
2.75631
2.44506
2.15619
1.89345
1.65375
1.43319
1.23849
1.06297
0.902831
0.763188
0.635946
0.52387
0.425081
0.329607
0.244713
0.172095
0.103033
0.0354739
29.1376
28.9946
28.8211
28.613
28.3759
28.1068
27.8106
27.4871
27.1393
26.7718
26.3861
25.99
25.5843
25.1763
24.7667
24.3589
23.9536
23.5491
23.1473
22.7447
22.3435
21.9403
21.5331
21.1221
20.7031
20.2799
19.8492
19.412
18.9701
18.5192
18.0662
17.6057
17.1404
16.6723
16.1952
15.7172
15.231
14.7395
14.2457
13.7424
13.238
12.7283
12.2136
11.6981
11.1781
10.6574
10.1355
9.61332
9.09467
8.57865
8.06646
7.56176
7.06417
6.5746
6.09754
5.6326
5.18127
4.74811
4.33217
3.93305
3.55596
3.20069
2.86645
2.55472
2.26402
1.99878
1.75619
1.53147
1.33087
1.14907
0.982089
0.835093
0.701257
0.579986
0.47206
0.368884
0.275397
0.194554
0.116284
0.0393812
28.9792
28.8342
28.6607
28.4544
28.22
27.9562
27.6657
27.3506
27.0113
26.6535
26.2771
25.8896
25.4922
25.0904
24.687
24.2833
23.8818
23.4797
23.0795
22.6785
22.2777
21.8762
21.4702
21.0611
20.6446
20.2232
19.7956
19.3606
18.9214
18.4734
18.0224
17.5654
17.102
16.637
16.163
15.687
15.2054
14.7167
14.2268
13.7286
13.2278
12.7236
12.2136
11.7036
11.1901
10.6748
10.1597
9.64395
9.13203
8.62278
8.11693
7.62002
7.12911
6.64549
6.17492
5.71643
5.27079
4.84163
4.42972
4.03471
3.66041
3.30647
2.97269
2.66077
2.36878
2.10107
1.85546
1.62677
1.42003
1.23265
1.05962
0.9055
0.764736
0.633921
0.517664
0.40801
0.306321
0.216083
0.128381
0.0432201
28.825
28.6785
28.5048
28.3004
28.0685
27.8094
27.5241
27.2163
26.8849
26.5359
26.1686
25.7891
25.3996
25.0039
24.6066
24.2071
23.8094
23.4104
23.0117
22.6128
22.2126
21.8124
21.4081
21.0004
20.5867
20.1671
19.7423
19.3098
18.8729
18.4282
17.9792
17.5255
17.0647
16.6022
16.1317
15.6577
15.1804
14.695
14.2085
13.7156
13.2183
12.7193
12.2144
11.7095
11.2022
10.6921
10.184
9.67478
9.16843
8.6663
8.16726
7.67664
7.19228
6.71496
6.25064
5.79799
5.35736
4.93241
4.52453
4.13363
3.76159
3.40839
3.07547
2.76376
2.47063
2.20002
1.95135
1.71892
1.50653
1.31421
1.13532
0.97385
0.825645
0.686488
0.562973
0.446727
0.336351
0.23614
0.139972
0.0473649
28.675
28.5273
28.3532
28.1508
27.921
27.6662
27.3858
27.0843
26.7604
26.4192
26.0606
25.6887
25.3069
24.9171
24.5255
24.1307
23.7364
23.341
22.9441
22.5474
22.1483
21.7491
21.3467
20.9403
20.5292
20.1116
19.6892
19.2597
18.8248
18.3835
17.9366
17.4859
17.0283
16.5679
16.1013
15.6296
15.1557
14.6743
14.191
13.703
13.2096
12.7155
12.216
11.7159
11.2143
10.7099
10.2082
9.7052
9.20429
8.7094
8.21689
7.73152
7.2541
6.78316
6.32434
5.87711
5.44123
5.02095
4.61688
4.22922
3.85919
3.50715
3.17528
2.86363
2.56916
2.29555
2.04411
1.80829
1.59084
1.39348
1.20865
1.03978
0.884638
0.738736
0.607589
0.483982
0.364943
0.255341
0.151851
0.0517615
28.5292
28.3804
28.2057
28.0052
27.7775
27.5265
27.2508
26.9547
26.6379
26.3036
25.9533
25.5885
25.214
24.8303
24.4437
24.054
23.663
23.2714
22.8768
22.482
22.0848
21.6863
21.2859
20.8809
20.472
20.0569
19.6366
19.21
18.7774
18.3391
17.8947
17.4467
16.9925
16.5343
16.0713
15.6025
15.1316
14.6544
14.1744
13.6909
13.2018
12.7122
12.2182
11.7225
11.2265
10.7282
10.2318
9.73521
9.24015
8.75168
8.26538
7.78523
7.31469
6.8498
6.39591
5.95387
5.52288
5.10729
4.70639
4.32127
3.95369
3.60337
3.27194
2.95991
2.66438
2.38817
2.13402
1.89499
1.67276
1.47005
1.27954
1.10383
0.942546
0.790159
0.650521
0.519587
0.39258
0.274572
0.164086
0.0560156
28.3876
28.2375
28.0622
27.8633
27.6379
27.3902
27.119
26.8277
26.5173
26.1892
25.8466
25.4889
25.1211
24.7437
24.3617
23.977
23.5894
23.2015
22.8097
22.4168
22.0219
21.6243
21.2257
20.8224
20.4151
20.0028
19.5845
19.1607
18.7308
18.295
17.8536
17.408
16.9571
16.5017
16.0419
15.5763
15.1082
14.6352
14.1586
13.6792
13.1948
12.7094
12.2205
11.7295
11.2391
10.7463
10.255
9.76507
9.27585
8.79283
8.31282
7.83823
7.37381
6.9146
6.46544
6.02858
5.60254
5.19093
4.7929
4.41034
4.04553
3.69681
3.36506
3.05276
2.75676
2.47817
2.22098
1.97887
1.75209
1.54401
1.34842
1.16646
0.999035
0.839819
0.691901
0.554069
0.419812
0.294044
0.176068
0.0598619
28.2501
28.0985
27.9227
27.725
27.5019
27.2571
26.9903
26.7033
26.3988
26.0765
25.7407
25.39
25.0284
24.6573
24.2797
23.8998
23.516
23.1312
22.7429
22.3518
21.9593
21.5632
21.1659
20.7646
20.3589
19.9492
19.5332
19.1119
18.6848
18.2513
17.813
17.3699
16.922
16.4698
16.013
15.551
15.0858
14.6165
14.1435
13.6681
13.1883
12.7071
12.2231
11.7369
11.2518
10.7643
10.2781
9.79464
9.31096
8.83301
8.35946
7.89048
7.43116
6.97753
6.53326
6.10149
5.67986
5.27156
4.87689
4.49701
4.13448
3.78696
3.45496
3.14272
2.84635
2.56534
2.3049
2.05999
1.82894
1.6157
1.41545
1.22739
1.05355
0.88782
0.732352
0.587642
0.446743
0.313331
0.18726
0.0633915
28.1165
27.9633
27.787
27.5901
27.3696
27.1272
26.8645
26.5815
26.2822
25.9656
25.6356
25.2918
24.936
24.571
24.1981
23.8225
23.4428
23.0609
22.6761
22.2872
21.8969
21.5029
21.1067
20.7077
20.3035
19.896
19.4827
19.0636
18.6394
18.2084
17.7728
17.3326
16.8876
16.4386
15.9849
15.5263
15.0643
14.5984
14.1291
13.6577
13.1821
12.7052
12.2261
11.7447
11.2644
10.7823
10.3013
9.82354
9.34538
8.87259
8.40527
7.94154
7.48679
7.03886
6.59958
6.17233
5.75448
5.34963
4.95881
4.58117
4.22009
3.8739
3.54234
3.22987
2.93281
2.64965
2.38604
2.13847
1.90344
1.6853
1.48041
1.28634
1.10626
0.934608
0.771951
0.620259
0.473163
0.331937
0.19769
0.0668557
27.9869
27.8319
27.6551
27.4585
27.2405
27.0004
26.7416
26.4624
26.1677
25.8566
25.5317
25.1943
24.8441
24.4849
24.117
23.7451
23.3697
22.9907
22.6094
22.2231
21.8348
21.4433
21.0483
20.6513
20.2489
19.8433
19.4328
19.0159
18.5945
18.1663
17.7332
17.2959
16.8537
16.4079
15.9574
15.5021
15.0435
14.5809
14.1153
13.6478
13.1764
12.7036
12.2295
11.7526
11.2771
10.8004
10.3243
9.8517
9.37927
8.91168
8.44993
7.9912
7.54114
7.09882
6.66406
6.24077
5.82682
5.42568
5.03833
4.66243
4.30254
3.9582
3.62734
3.31384
3.01607
2.73135
2.46465
2.21432
1.97565
1.75273
1.54308
1.3435
1.15749
0.980146
0.81053
0.651943
0.498729
0.349747
0.207794
0.0703757
27.8609
27.704
27.527
27.3303
27.1145
26.8768
26.6213
26.3461
26.0552
25.7494
25.4292
25.0976
24.753
24.3991
24.0364
23.6681
23.2967
22.9209
22.5426
22.1595
21.7731
21.3841
20.9909
20.5954
20.1953
19.7912
19.3833
18.969
18.5501
18.1248
17.6941
17.2599
16.8205
16.3777
15.9306
15.4784
15.0233
14.5641
14.102
13.6385
13.1711
12.7025
12.2331
11.7607
11.2898
10.8185
10.347
9.87931
9.41271
8.95
8.49327
8.03972
7.59448
7.15713
6.72641
6.30711
5.89741
5.49952
5.11491
4.74099
4.3825
4.03997
3.70946
3.39467
3.09649
2.81057
2.54079
2.28757
2.04555
1.8179
1.60363
1.39913
1.20718
1.0242
0.848123
0.682697
0.523218
0.367048
0.21793
0.0738672
27.7384
27.5797
27.4025
27.2056
26.9914
26.7563
26.5036
26.2325
25.9449
25.6439
25.3283
25.0018
24.6628
24.3137
23.9562
23.5917
23.2239
22.8515
22.4759
22.0962
21.712
21.3253
20.9342
20.5403
20.1424
19.74
19.3344
18.9228
18.5063
18.0841
17.6559
17.2244
16.7879
16.3479
15.9043
15.4554
15.0036
14.5481
14.0893
13.6296
13.1663
12.7017
12.2368
11.769
11.3025
10.8363
10.3693
9.90656
9.4455
8.98733
8.53554
8.08733
7.64654
7.21353
6.78688
6.37174
5.9661
5.5707
5.18865
4.81742
4.46024
4.11873
3.78853
3.47295
3.17427
2.88716
2.61448
2.35822
2.11305
1.88097
1.66237
1.45312
1.25512
1.0668
0.88483
0.712453
0.546707
0.384138
0.228088
0.0771917
27.6192
27.4588
27.2813
27.0844
26.8713
26.6388
26.3886
26.1213
25.837
25.5401
25.2292
24.907
24.5735
24.2289
23.8764
23.5159
23.1514
22.7826
22.4097
22.0331
21.6515
21.2669
20.8783
20.4859
20.0902
19.6896
19.2861
18.8773
18.4632
18.0439
17.6184
17.1895
16.7561
16.3188
15.8785
15.4329
14.9844
14.5328
14.0772
13.621
13.162
12.7011
12.2405
11.7775
11.3152
10.8539
10.3916
9.93342
9.47743
9.0238
8.57695
8.13378
7.697
7.26828
6.8459
6.43454
6.03245
5.63939
5.2601
4.8918
4.53538
4.1943
3.86501
3.54903
3.24924
2.96102
2.68575
2.42634
2.17833
1.94218
1.71922
1.50515
1.30146
1.10818
0.92054
0.741219
0.569425
0.401007
0.238056
0.0803209
27.5031
27.3413
27.1634
26.9666
26.754
26.524
26.2762
26.0124
25.7316
25.4382
25.1317
24.8136
24.4851
24.1451
23.7969
23.4408
23.0795
22.7142
22.344
21.9702
21.5915
21.209
20.823
20.4325
20.0387
19.6402
19.2384
18.8323
18.4208
18.0044
17.5817
17.1552
16.7248
16.2903
15.8531
15.4111
14.9657
14.5179
14.0657
13.6129
13.1581
12.7007
12.2444
11.7861
11.3277
10.8712
10.4137
9.95975
9.50855
9.05957
8.61736
8.17887
7.746
7.32169
6.90342
6.49513
6.09646
5.7062
5.32946
4.96357
4.60776
4.26726
3.93922
3.62264
3.32132
3.03218
2.75466
2.49224
2.24151
2.00141
1.77391
1.55537
1.34662
1.1482
0.955028
0.769179
0.591502
0.417435
0.247709
0.0833272
27.3899
27.227
27.0485
26.8522
26.6399
26.4119
26.1665
25.9058
25.6285
25.3382
25.0359
24.7217
24.3977
24.0622
23.7181
23.3664
23.0082
22.6462
22.279
21.9078
21.5321
21.1518
20.7682
20.3798
19.9879
19.5917
19.1917
18.788
18.3791
17.9653
17.5456
17.1216
16.6942
16.2624
15.8283
15.3898
14.9476
14.5033
14.0548
13.6053
13.1544
12.7008
12.2484
11.7947
11.3403
10.8883
10.4355
9.9855
9.53901
9.0946
8.65656
8.22267
7.79378
7.37367
6.95919
6.55361
6.1585
5.77131
5.39636
5.03242
4.67791
4.3381
4.01079
3.69354
3.3908
3.1008
2.82138
2.55606
2.30239
2.05847
1.82667
1.6042
1.3905
1.18656
0.988341
0.796545
0.612911
0.433235
0.257062
0.0862858
27.2794
27.1159
26.9367
26.7409
26.5289
26.3024
26.0594
25.8015
25.5277
25.2403
24.9417
24.6314
24.3113
23.9803
23.6401
23.2924
22.9378
22.5788
22.2147
21.8459
21.4731
21.0953
20.7139
20.328
19.9379
19.5439
19.1458
18.7444
18.338
17.927
17.5102
17.0888
16.6641
16.2353
15.804
15.369
14.93
14.489
14.0444
13.598
13.1509
12.7012
12.2524
11.8031
11.3528
10.9051
10.4569
10.0108
9.56886
9.12876
8.69461
8.2653
7.84034
7.42401
7.01318
6.61035
6.21867
5.83436
5.46066
5.09879
4.74618
4.40656
4.0794
3.76197
3.45804
3.16699
2.88588
2.61759
2.36089
2.11362
1.87789
1.65151
1.43269
1.22339
1.02072
0.823304
0.633558
0.448332
0.266187
0.0892493
27.1719
27.0077
26.828
26.6326
26.4211
26.1956
25.9549
25.6995
25.4291
25.1447
24.8493
24.5426
24.2262
23.8995
23.563
23.2192
22.8681
22.5121
22.151
21.7847
21.4146
21.0395
20.6603
20.2769
19.8888
19.4968
19.1009
18.7015
18.2977
17.8892
17.4754
17.0567
16.6348
16.2088
15.7803
15.3486
14.9128
14.4752
14.0344
13.5912
13.1477
12.7019
12.2565
11.8114
11.3653
10.9215
10.4778
10.0357
9.59799
9.16206
8.73162
8.30674
7.88562
7.47261
7.06554
6.66562
6.27675
5.89505
5.52284
5.16308
4.81219
4.47238
4.14542
3.82824
3.52314
3.23071
2.94792
2.67683
2.41739
2.16712
1.92741
1.69685
1.47334
1.25919
1.05207
0.849238
0.653427
0.462789
0.275172
0.0922231
27.0673
26.9023
26.7222
26.5271
26.3163
26.0916
25.8529
25.5998
25.3325
25.0511
24.7586
24.4555
24.1425
23.8198
23.487
23.1467
22.7992
22.4461
22.0881
21.7244
21.3567
20.9843
20.6074
20.2264
19.8405
19.4506
19.0568
18.6594
18.2581
17.8522
17.4412
17.0253
16.606
16.183
15.7572
15.3286
14.8962
14.4617
14.0246
13.5849
13.1448
12.7028
12.2607
11.8196
11.3776
10.9376
10.4984
10.0601
9.62633
9.19453
8.76763
8.34694
7.92956
7.51957
7.11636
6.71934
6.3326
5.9536
5.58331
5.22512
4.87552
4.53591
4.20926
3.89227
3.58592
3.2919
3.00756
2.73412
2.47209
2.21872
1.97492
1.74041
1.51292
1.29396
1.08207
0.874261
0.672664
0.476769
0.284003
0.0951333
26.9657
26.7997
26.6194
26.4244
26.2145
25.9904
25.7533
25.5026
25.238
24.9597
24.6699
24.3699
24.0603
23.7412
23.4121
23.0751
22.7311
22.381
22.0259
21.665
21.2995
20.9297
20.5553
20.1767
19.7931
19.4052
19.0135
18.6183
18.2192
17.8158
17.4077
16.9946
16.578
16.1578
15.7347
15.3091
14.88
14.4486
14.0151
13.5788
13.1421
12.7038
12.2651
11.8278
11.3897
10.9534
10.5185
10.084
9.65389
9.2262
8.80271
8.38581
7.97211
7.5651
7.16559
6.77129
6.38643
6.0103
5.64195
5.28465
4.93637
4.59752
4.27092
3.9538
3.64633
3.3508
3.06513
2.78953
2.52471
2.26823
2.02069
1.78262
1.55136
1.32736
1.11074
0.898484
0.691443
0.49033
0.292503
0.0979119
26.8672
26.6998
26.5194
26.3245
26.1154
25.8921
25.6563
25.4077
25.1457
24.8703
24.5832
24.286
23.9796
23.6639
23.3384
23.0046
22.6638
22.3168
21.9646
21.6064
21.2432
20.8759
20.5038
20.1276
19.7465
19.3607
18.9711
18.5779
18.1811
17.7802
17.3748
16.9646
16.5506
16.1333
15.7128
15.2901
14.8643
14.436
14.0058
13.5731
13.1396
12.7049
12.2696
11.8357
11.4015
10.9689
10.538
10.1074
9.6807
9.25705
8.83688
8.42331
8.01334
7.60936
7.213
6.82144
6.43866
6.0651
5.69841
5.34188
4.99513
4.65712
4.3302
4.01284
3.70458
3.40773
3.12064
2.84276
2.57516
2.31593
2.06511
1.8234
1.58822
1.35949
1.13838
0.921926
0.709764
0.503372
0.300532
0.100586
26.7715
26.6028
26.4221
26.2274
26.0189
25.7967
25.5618
25.315
25.0555
24.7829
24.4985
24.204
23.9005
23.588
23.2659
22.9353
22.5975
22.2535
21.9041
21.5487
21.1879
20.8228
20.4532
20.0794
19.7006
19.317
18.9295
18.5385
18.1439
17.7454
17.3425
16.9351
16.5238
16.1092
15.6916
15.2717
14.8489
14.4237
13.9969
13.5675
13.1373
12.7062
12.2742
11.8436
11.4132
10.9839
10.557
10.1302
9.70683
9.28705
8.87008
8.45953
8.05336
7.65225
7.25854
6.86999
6.48938
6.11777
5.7527
5.39723
5.05183
4.7144
4.38712
4.06967
3.76086
3.46266
3.17392
2.89383
2.62375
2.36208
2.10803
1.86242
1.62353
1.3907
1.1651
0.944435
0.727506
0.515859
0.308146
0.1032
26.6785
26.5087
26.3275
26.1331
25.9252
25.7039
25.47
25.2247
24.9675
24.6975
24.4158
24.1238
23.8229
23.5135
23.1947
22.8671
22.5322
22.1911
21.8445
21.4918
21.1335
20.7706
20.4033
20.0319
19.6556
19.2742
18.8888
18.4998
18.1075
17.7113
17.3109
16.9062
16.4977
16.0858
15.671
15.2537
14.8339
14.4118
13.9881
13.5622
13.1352
12.7075
12.2788
11.8514
11.4246
10.9987
10.5754
10.1524
9.7323
9.31608
8.9023
8.4947
8.09207
7.69361
7.30244
6.91701
6.53835
6.1683
5.8051
5.45082
5.10626
4.76931
4.44199
4.1245
3.8151
3.5154
3.22501
2.94304
2.67065
2.40647
2.14919
1.89984
1.65763
1.42102
1.19079
0.965926
0.744611
0.527922
0.315459
0.105721
26.5882
26.4175
26.2355
26.0414
25.834
25.6137
25.3808
25.1368
24.8817
24.6142
24.335
24.0455
23.747
23.4405
23.1247
22.8002
22.4682
22.1297
21.7858
21.4359
21.0801
20.7194
20.3543
19.9852
19.6113
19.2323
18.849
18.4621
18.0719
17.6781
17.2801
16.878
16.4721
16.0631
15.6509
15.2364
14.8194
14.4003
13.9797
13.557
13.1332
12.7089
12.2835
11.8591
11.4357
11.0131
10.5932
10.174
9.75708
9.34412
8.93365
8.52885
8.12929
7.73356
7.34496
6.96229
6.58542
6.21702
5.85577
5.50244
5.15839
4.82213
4.49496
4.17724
3.86714
3.56601
3.2742
2.99055
2.71572
2.4489
2.18871
1.93603
1.69051
1.45017
1.21549
0.986489
0.761097
0.539674
0.322484
0.108092
26.5005
26.329
26.1464
25.9523
25.7455
25.5261
25.2943
25.0514
24.798
24.5329
24.2563
23.9691
23.6729
23.369
23.0562
22.7347
22.4054
22.0694
21.7282
21.381
21.0277
20.6692
20.3062
19.9393
19.5679
19.1912
18.8101
18.4252
18.0371
17.6456
17.2501
16.8505
16.4472
16.0408
15.6314
15.2195
14.8054
14.3891
13.9715
13.5521
13.1313
12.7102
12.2881
11.8667
11.4467
11.0272
10.6104
10.195
9.78113
9.37125
8.9641
8.56186
8.16507
7.77226
7.38602
7.00566
6.63079
6.26414
5.90455
5.55199
5.2085
4.87304
4.54591
4.22778
3.91704
3.61473
3.32162
3.03619
2.75887
2.48953
2.22683
1.97103
1.72196
1.47805
1.23936
1.00625
0.776945
0.551076
0.329199
0.110318
26.4153
26.2433
26.06
25.8658
25.6595
25.4411
25.2104
24.9685
24.7166
24.4536
24.1794
23.8947
23.6007
23.2991
22.9891
22.6704
22.3439
22.0104
21.6716
21.3271
20.9763
20.6201
20.2591
19.8943
19.5253
19.151
18.7721
18.3893
18.0032
17.614
17.2208
16.8236
16.4229
16.0191
15.6125
15.2032
14.7918
14.3783
13.9635
13.5472
13.1295
12.7116
12.2926
11.8742
11.4573
11.0409
10.6272
10.2151
9.80443
9.39754
8.99353
8.59372
8.19963
7.80967
7.42546
7.04731
6.67462
6.30955
5.9513
5.59963
5.25681
4.92197
4.59473
4.27616
3.965
3.66172
3.36712
3.07984
2.80028
2.52863
2.26352
2.00461
1.75198
1.50484
1.26252
1.02526
0.79207
0.562044
0.335664
0.112451
26.3328
26.1602
25.9763
25.782
25.5761
25.3585
25.1289
24.8881
24.6375
24.3765
24.1046
23.8222
23.5303
23.2309
22.9235
22.6076
22.2837
21.9526
21.6161
21.2742
20.9259
20.572
20.2132
19.8503
19.4836
19.1117
18.735
18.3542
17.9701
17.5831
17.1923
16.7976
16.3993
15.998
15.594
15.1874
14.7787
14.3678
13.9557
13.5425
13.1279
12.7128
12.2971
11.8816
11.4676
11.0544
10.6434
10.2346
9.82698
9.42296
9.02189
8.62457
8.23303
7.84562
7.4634
7.08745
6.71683
6.35309
5.99613
5.64557
5.3033
4.96879
4.64147
4.3226
4.01116
3.70685
3.41058
3.12166
2.8402
2.56625
2.29857
2.03669
1.78086
1.53063
1.28482
1.04351
0.806458
0.572574
0.341963
0.114512
26.2527
26.0798
25.8955
25.7008
25.4953
25.2785
25.05
24.8102
24.5608
24.3015
24.0317
23.7516
23.4618
23.1644
22.8595
22.5461
22.2249
21.8962
21.5618
21.2223
20.8766
20.525
20.1683
19.8073
19.4427
19.0732
18.6988
18.3201
17.938
17.553
17.1646
16.7722
16.3763
15.9775
15.576
15.1721
14.766
14.3578
13.9483
13.5379
13.1263
12.7141
12.3015
11.8889
11.4777
11.0674
10.6591
10.2533
9.84878
9.44746
9.04921
8.65445
8.26519
7.88014
7.49999
7.12607
6.75729
6.39483
6.03923
5.68981
5.34788
5.01355
4.68634
4.36726
4.05538
3.74996
3.45221
3.1619
2.87859
2.60222
2.33194
2.06746
1.80878
1.55531
1.30612
1.06106
0.820224
0.58269
0.348079
0.116488
26.1752
26.0019
25.8173
25.6223
25.417
25.2009
24.9735
24.7348
24.4865
24.2287
23.9608
23.683
23.3953
23.0997
22.797
22.4862
22.1675
21.8413
21.5089
21.1716
20.8283
20.4791
20.1245
19.7654
19.4028
19.0357
18.6635
18.2869
17.9067
17.5237
17.1376
16.7476
16.354
15.9575
15.5585
15.1573
14.7537
14.3481
13.9411
13.5335
13.1247
12.7154
12.3058
11.8959
11.4874
11.0801
10.6744
10.2713
9.86978
9.47104
9.07557
8.68329
8.29609
7.91333
7.53522
7.1631
6.79603
6.43492
6.08063
5.73219
5.39055
5.05648
4.72946
4.41004
4.09751
3.79119
3.4923
3.20053
2.91523
2.63655
2.36391
2.09709
1.83556
1.57879
1.32646
1.07802
0.833482
0.592335
0.353931
0.11839
26.1003
25.9266
25.7417
25.5466
25.3414
25.1258
24.8994
24.6619
24.4145
24.1581
23.892
23.6163
23.3308
23.037
22.7363
22.4277
22.1116
21.7877
21.4574
21.1222
20.7812
20.4343
20.082
19.7247
19.3639
18.999
18.6291
18.2547
17.8764
17.4953
17.1114
16.7237
16.3325
15.9382
15.5416
15.1429
14.7419
14.3388
13.9343
13.5291
13.1232
12.7167
12.3098
11.9028
11.4969
11.0923
10.6892
10.2887
9.88996
9.49375
9.10093
8.71102
8.3258
7.94523
7.56906
7.19856
6.83316
6.47343
6.12027
5.77269
5.4315
5.09772
4.77075
4.45081
4.1377
3.83081
3.53079
3.23735
2.95014
2.66947
2.39471
2.1254
1.86101
1.60123
1.34598
1.09438
0.846218
0.601457
0.3595
0.120248
26.0278
25.8538
25.6688
25.4735
25.2683
25.0532
24.8278
24.5914
24.345
24.0898
23.8253
23.5516
23.2682
22.9762
22.6773
22.3709
22.0571
21.7356
21.4073
21.074
20.7353
20.3907
20.0405
19.6851
19.3261
18.9632
18.5955
18.2234
17.8471
17.4678
17.0859
16.7005
16.3116
15.9196
15.5252
15.1288
14.7304
14.3298
13.9278
13.525
13.1217
12.7179
12.3138
11.9094
11.506
11.104
10.7035
10.3055
9.90934
9.51559
9.12523
8.73763
8.35439
7.97586
7.60148
7.23254
6.86875
6.51031
6.15811
5.81142
5.47081
5.13722
4.81009
4.48971
4.17623
3.86875
3.56744
3.27243
2.98358
2.70111
2.42418
2.15221
1.88526
1.62286
1.36466
1.10998
0.8584
0.610143
0.364834
0.122054
25.958
25.7835
25.5985
25.4031
25.1979
24.9831
24.7585
24.5233
24.278
24.0239
23.7608
23.4889
23.2075
22.9173
22.6201
22.3157
22.0041
21.685
21.3587
21.0273
20.6906
20.3481
20.0002
19.6468
19.2894
18.9285
18.5629
18.193
17.8187
17.4411
17.0613
16.678
16.2913
15.9016
15.5093
15.1153
14.7193
14.3212
13.9216
13.5211
13.1202
12.719
12.3176
11.9158
11.5149
11.1154
10.7174
10.3217
9.92798
9.53657
9.14846
8.76315
8.38188
8.0052
7.63252
7.26508
6.9028
6.54553
6.19425
5.84848
5.50843
5.1749
4.84761
4.52696
4.21309
3.90481
3.6023
3.30604
3.01566
2.7313
2.45214
2.17775
1.90855
1.64359
1.38238
1.12477
0.870103
0.618533
0.369931
0.123752
25.8908
25.7157
25.5306
25.3353
25.1302
24.9156
24.6917
24.4577
24.2134
23.9603
23.6986
23.4282
23.1488
22.8604
22.5649
22.2623
21.9526
21.6358
21.3117
20.982
20.6472
20.3068
19.9611
19.6096
19.2539
18.8948
18.5313
18.1635
17.7913
17.4155
17.0374
16.6563
16.2718
15.8843
15.494
15.1021
14.7085
14.3128
13.9156
13.5174
13.1187
12.7201
12.3212
11.922
11.5234
11.1263
10.7306
10.3372
9.94589
9.55665
9.17065
8.78759
8.40822
8.03328
7.66223
7.2962
6.93529
6.57914
6.22878
5.88386
5.54424
5.21082
4.88351
4.56259
4.24813
3.93903
3.63559
3.33823
3.04625
2.75988
2.47874
2.20232
1.93079
1.66321
1.3992
1.13887
0.881388
0.626634
0.374732
0.125327
25.8262
25.6505
25.4654
25.2701
25.0652
24.8508
24.6274
24.3944
24.1512
23.8991
23.6386
23.3696
23.0921
22.8055
22.5115
22.2107
21.9029
21.5882
21.2661
20.9382
20.6052
20.2667
19.923
19.5737
19.2197
18.8622
18.5006
18.1348
17.7648
17.3908
17.0144
16.6353
16.2529
15.8676
15.4794
15.0895
14.6981
14.3048
13.9099
13.5139
13.1174
12.721
12.3246
11.9279
11.5317
11.1367
10.7433
10.3521
9.96302
9.57587
9.19189
8.81093
8.43337
8.06013
7.69065
7.3259
6.96625
6.61119
6.26173
5.91754
5.57832
5.24511
4.91781
4.59648
4.28137
3.97163
3.66738
3.36884
3.07526
2.78704
2.50424
2.22584
1.95177
1.68177
1.41531
1.15235
0.892156
0.634344
0.379267
0.126829
25.7644
25.588
25.4026
25.2075
25.0028
24.7886
24.5656
24.3335
24.0914
23.8404
23.5809
23.3132
23.0374
22.7526
22.4601
22.1609
21.8548
21.5421
21.2221
20.8959
20.5647
20.228
19.8862
19.539
19.1867
18.8308
18.471
18.1072
17.7392
17.367
16.9922
16.615
16.2347
15.8515
15.4654
15.0773
14.6881
14.297
13.9044
13.5106
13.1161
12.7219
12.3278
11.9336
11.5396
11.1467
10.7554
10.3663
9.97938
9.5943
9.2122
8.83314
8.45733
8.08574
7.7178
7.35421
6.9957
6.64173
6.29307
5.94955
5.61075
5.27775
4.95044
4.62866
4.31297
4.00273
3.69756
3.39778
3.10283
2.81303
2.52856
2.24806
1.97161
1.6995
1.43074
1.16512
0.90228
0.641668
0.383659
0.128288
25.7051
25.5282
25.3425
25.1475
24.943
24.7291
24.5064
24.275
24.0341
23.784
23.5256
23.259
22.9847
22.7017
22.4108
22.1131
21.8086
21.4977
21.1797
20.8552
20.5256
20.1907
19.8507
19.5055
19.1549
18.8006
18.4425
18.0804
17.7145
17.3443
16.971
16.5955
16.2171
15.836
15.452
15.0657
14.6784
14.2895
13.8991
13.5074
13.115
12.7227
12.3309
11.9389
11.5472
11.1564
10.767
10.3799
9.99497
9.61192
9.23155
8.85425
8.48013
8.1101
7.74366
7.38117
7.02371
6.67076
6.32278
5.97994
5.6416
5.30872
4.98138
4.65922
4.34303
4.03224
3.72608
3.42515
3.12911
2.83783
2.55147
2.26902
1.99057
1.7164
1.44533
1.17715
0.911807
0.648702
0.38794
0.129673
25.6485
25.4711
25.2851
25.09
24.8858
24.6723
24.4498
24.219
23.9791
23.7301
23.4727
23.2072
22.9342
22.6529
22.3634
22.0672
21.7642
21.4549
21.1389
20.8161
20.4881
20.1548
19.8165
19.4732
19.1245
18.7717
18.4152
18.0547
17.6907
17.3224
16.9508
16.5769
16.2003
15.8211
15.4392
15.0547
14.6691
14.2823
13.8939
13.5045
13.114
12.7236
12.3337
11.9439
11.5543
11.1656
10.7781
10.3927
10.0098
9.62869
9.24996
8.87433
8.50177
8.13318
7.76823
7.40684
7.0503
6.69827
6.35092
6.00875
5.67088
5.33803
5.01065
4.68825
4.37156
4.06011
3.75304
3.45111
3.15407
2.86125
2.57303
2.28897
2.00869
1.7323
1.45903
1.18854
0.920871
0.655428
0.392016
0.130972
25.5944
25.4167
25.2303
25.0352
24.8312
24.6181
24.3959
24.1656
23.9266
23.6786
23.4222
23.1577
22.8858
22.6061
22.3182
22.0233
21.7217
21.4139
21.0997
20.7786
20.4521
20.1205
19.7837
19.4421
19.0952
18.7439
18.3891
18.0302
17.6678
17.3015
16.9314
16.5591
16.1842
15.8068
15.4269
15.0443
14.6603
14.2754
13.889
13.5016
13.1131
12.7244
12.3364
11.9487
11.5611
11.1743
10.7887
10.405
10.0238
9.64456
9.26747
8.89339
8.52226
8.155
7.79149
7.43122
7.07547
6.72427
6.37754
6.03596
5.69859
5.36573
5.03829
4.71578
4.3985
4.08639
3.7786
3.47568
3.17755
2.88329
2.59348
2.30796
2.02577
1.7472
1.47198
1.19941
0.929477
0.661716
0.395838
0.132221
25.543
25.3649
25.1783
24.9831
24.7792
24.5665
24.3448
24.1148
23.8765
23.6295
23.3741
23.1106
22.8397
22.5614
22.2749
21.9814
21.6812
21.3748
21.0622
20.7428
20.4178
20.0877
19.7524
19.4124
19.0673
18.7175
18.3641
18.0067
17.6459
17.2814
16.913
16.5422
16.1689
15.7931
15.4151
15.0344
14.652
14.2688
13.8842
13.4987
13.1123
12.7253
12.3389
11.9531
11.5675
11.1826
10.7987
10.4166
10.0371
9.65956
9.28407
8.91143
8.54167
8.17559
7.8134
7.45429
7.09927
6.74882
6.40268
6.06158
5.72472
5.39189
5.06437
4.74172
4.42385
4.11116
3.80278
3.49879
3.1995
2.90411
2.61292
2.3258
2.04175
1.76126
1.48424
1.2097
0.937528
0.667542
0.399463
0.133441
25.4942
25.3159
25.129
24.9337
24.7299
24.5175
24.2963
24.0666
23.8289
23.5828
23.3285
23.0659
22.7959
22.5188
22.2338
21.9416
21.6427
21.3375
21.0265
20.7087
20.3851
20.0564
19.7225
19.3841
19.0406
18.6923
18.3403
17.9845
17.625
17.2622
16.8956
16.5262
16.1544
15.7801
15.4038
15.025
14.6442
14.2625
13.8797
13.496
13.1115
12.7261
12.3413
11.9573
11.5735
11.1905
10.8083
10.4276
10.0495
9.67368
9.29973
8.92845
8.56
8.19497
7.83395
7.47603
7.12173
6.77195
6.42635
6.0856
5.74925
5.41659
5.08888
4.76603
4.44771
4.13451
3.82551
3.52044
3.22008
2.92379
2.63122
2.34241
2.05681
1.77461
1.49575
1.2193
0.94503
0.673027
0.402913
0.134593
25.448
25.2695
25.0825
24.8871
24.6833
24.4712
24.2504
24.0212
23.784
23.5387
23.2852
23.0237
22.7545
22.4784
22.1948
21.9039
21.6063
21.3022
20.9925
20.6764
20.3541
20.0268
19.6943
19.3572
19.0152
18.6684
18.3178
17.9634
17.6053
17.244
16.879
16.511
16.1407
15.7678
15.3931
15.0161
14.6368
14.2567
13.8754
13.4933
13.1107
12.727
12.3437
11.9612
11.5791
11.1978
10.8173
10.4381
10.0613
9.6869
9.31443
8.94448
8.57725
8.21318
7.85317
7.4964
7.14288
6.79368
6.44857
6.10809
5.77218
5.4398
5.11185
4.78878
4.47015
4.15636
3.84673
3.54077
3.23941
2.94221
2.64825
2.35796
2.07106
1.78716
1.50643
1.22821
0.952103
0.678235
0.406119
0.135641
25.4046
25.2259
25.0387
24.8433
24.6395
24.4275
24.2072
23.9785
23.7418
23.4971
23.2444
22.9839
22.7156
22.4404
22.158
21.8683
21.5719
21.269
20.9604
20.6457
20.3249
19.9988
19.6676
19.3317
18.9913
18.6459
18.2965
17.9435
17.5867
17.2268
16.8633
16.4967
16.1278
15.7563
15.3829
15.0076
14.6299
14.2511
13.8714
13.4908
13.1098
12.7279
12.3459
11.9648
11.5843
11.2046
10.8257
10.4479
10.0723
9.69924
9.32816
8.95948
8.59339
8.23026
7.87111
7.51539
7.16269
6.81401
6.46937
6.12909
5.79351
5.46147
5.13331
4.81005
4.49111
4.17667
3.8665
3.55986
3.2575
2.95921
2.66409
2.3726
2.08439
1.79883
1.51633
1.23652
0.958802
0.683087
0.409023
0.136604
25.364
25.185
24.9977
24.8022
24.5985
24.3867
24.1668
23.9385
23.7022
23.4581
23.2062
22.9466
22.6791
22.4047
22.1234
21.8349
21.5396
21.2378
20.9302
20.6169
20.2974
19.9725
19.6425
19.3078
18.9687
18.6247
18.2765
17.9248
17.5693
17.2106
16.8485
16.4833
16.1157
15.7456
15.3734
14.9995
14.6235
14.246
13.8677
13.4884
13.1089
12.7287
12.3481
11.9682
11.5891
11.2109
10.8335
10.4571
10.0826
9.71071
9.34094
8.97342
8.60844
8.24623
7.8878
7.53299
7.18113
6.83296
6.48874
6.14865
5.81326
5.48154
5.15337
4.82985
4.51054
4.19553
3.88489
3.57769
3.27427
2.97488
2.67888
2.38626
2.0967
1.80965
1.52556
1.24429
0.96503
0.68751
0.411685
0.13752
25.3262
25.1469
24.9595
24.764
24.5604
24.3487
24.129
23.9012
23.6654
23.4218
23.1705
22.9117
22.6452
22.3715
22.0911
21.8036
21.5095
21.2088
20.9021
20.5899
20.2717
19.9479
19.6191
19.2855
18.9476
18.6049
18.2579
17.9073
17.553
17.1955
16.8348
16.4708
16.1044
15.7356
15.3646
14.992
14.6174
14.2413
13.8642
13.4862
13.108
12.7293
12.3501
11.9715
11.5936
11.2166
10.8407
10.4657
10.0922
9.72134
9.35273
8.98632
8.6224
8.26108
7.90328
7.54922
7.19817
6.85052
6.50669
6.1668
5.83147
5.50004
5.17199
4.84815
4.52847
4.213
3.90185
3.59415
3.28978
2.9894
2.69257
2.3988
2.108
1.81975
1.53419
1.25144
0.970674
0.691572
0.414203
0.138383
25.2913
25.1117
24.9242
24.7287
24.5252
24.3135
24.0941
23.8667
23.6313
23.3882
23.1375
22.8794
22.6137
22.3408
22.0611
21.7746
21.4815
21.1818
20.8761
20.5649
20.2478
19.9252
19.5974
19.2649
18.928
18.5865
18.2406
17.8911
17.538
17.1815
16.822
16.4592
16.0939
15.7263
15.3565
14.985
14.6118
14.2369
13.861
13.4843
13.1071
12.7299
12.352
11.9745
11.5977
11.2219
10.8473
10.4736
10.1012
9.73115
9.36355
8.99818
8.63524
8.27479
7.91756
7.56408
7.21379
6.86667
6.52322
6.18356
5.84818
5.51698
5.18911
4.86497
4.54498
4.22907
3.91736
3.60921
3.30412
3.0028
2.70504
2.41024
2.11843
1.82909
1.54216
1.2579
0.975767
0.695382
0.416572
0.139153
25.2592
25.0794
24.8918
24.6962
24.4928
24.2813
24.0621
23.835
23.6001
23.3574
23.1072
22.8497
22.5848
22.3126
22.0337
21.748
21.4557
21.1571
20.8522
20.5418
20.2258
19.9042
19.5775
19.2459
18.9099
18.5696
18.2248
17.8762
17.5241
17.1686
16.8102
16.4486
16.0843
15.7178
15.349
14.9786
14.6065
14.2328
13.8581
13.4825
13.1064
12.7303
12.3538
11.9773
11.6016
11.2268
10.8532
10.4807
10.1094
9.74015
9.37342
9.009
8.64694
8.28734
7.93065
7.57761
7.228
6.88142
6.53833
6.19888
5.86346
5.53237
5.20468
4.88036
4.56006
4.24372
3.93146
3.62291
3.31729
3.01503
2.71631
2.4207
2.12796
1.8376
1.54943
1.26375
0.980433
0.698905
0.418698
0.139829
25.2301
25.0501
24.8623
24.6668
24.4634
24.2521
24.033
23.8062
23.5716
23.3294
23.0797
22.8227
22.5584
22.2869
22.0087
21.7237
21.4323
21.1345
20.8305
20.5209
20.2057
19.8851
19.5593
19.2286
18.8934
18.5541
18.2103
17.8627
17.5115
17.1569
16.7994
16.4388
16.0755
15.7101
15.3423
14.9727
14.6017
14.2291
13.8554
13.4809
13.1057
12.7306
12.3553
11.9798
11.6051
11.2312
10.8586
10.4872
10.1169
9.74834
9.38238
9.01875
8.6575
8.29871
7.94252
7.58987
7.24081
6.89475
6.55201
6.21275
5.87732
5.54622
5.21868
4.89429
4.5737
4.25698
3.94421
3.63524
3.32917
3.02608
2.72651
2.43017
2.13653
1.84524
1.55599
1.2691
0.984691
0.701994
0.420556
0.140458
25.204
25.0237
24.8359
24.6403
24.4369
24.2258
24.0069
23.7803
23.5461
23.3043
23.055
22.7984
22.5347
22.2639
21.9862
21.7019
21.4111
21.1142
20.8109
20.502
20.1876
19.8679
19.543
19.213
18.8786
18.5401
18.1973
17.8505
17.5001
17.1464
16.7898
16.4301
16.0676
15.7031
15.3363
14.9676
14.5974
14.2257
13.853
13.4795
13.1051
12.7309
12.3566
11.9821
11.6083
11.2352
10.8633
10.4929
10.1235
9.75574
9.3904
9.02742
8.66692
8.30885
7.95317
7.60088
7.25224
6.90664
6.56422
6.22516
5.88976
5.55859
5.23112
4.90673
4.58589
4.26886
3.95563
3.6462
3.33971
3.03599
2.73571
2.43859
2.1441
1.85202
1.5619
1.274
0.988443
0.704619
0.42222
0.141057
25.1808
25.0005
24.8125
24.6169
24.4136
24.2026
23.9838
23.7574
23.5235
23.282
23.0332
22.777
22.5137
22.2435
21.9663
21.6826
21.3925
21.0961
20.7936
20.4854
20.1716
19.8526
19.5285
19.1993
18.8656
18.5278
18.1857
17.8397
17.4901
17.1371
16.7812
16.4224
16.0607
15.6968
15.3309
14.963
14.5936
14.2227
13.8508
13.4782
13.1047
12.7311
12.3576
11.9841
11.6111
11.2387
10.8675
10.4979
10.1294
9.76232
9.3975
9.03506
8.67519
8.31774
7.96258
7.61064
7.26228
6.91706
6.57496
6.23608
5.90075
5.5695
5.24202
4.91764
4.59666
4.27935
3.96571
3.6558
3.3489
3.04478
2.74384
2.44593
2.15072
1.85797
1.56715
1.27835
0.991671
0.706911
0.423712
0.141576
25.1608
24.9803
24.7923
24.5967
24.3933
24.1824
23.9638
23.7376
23.5039
23.2627
23.0142
22.7584
22.4955
22.2258
21.9491
21.6659
21.3763
21.0805
20.7786
20.4709
20.1578
19.8393
19.5158
19.1874
18.8543
18.517
18.1757
17.8303
17.4814
17.129
16.7738
16.4156
16.0547
15.6915
15.3262
14.959
14.5903
14.2202
13.849
13.477
13.1043
12.7314
12.3586
11.9858
11.6135
11.2418
10.8712
10.5022
10.1344
9.76802
9.40366
9.04169
8.68231
8.32538
7.97075
7.61911
7.27095
6.92601
6.58419
6.24551
5.91028
5.57896
5.25137
4.92699
4.60596
4.28842
3.97444
3.66405
3.35678
3.05238
2.75086
2.45227
2.15644
1.86306
1.57166
1.28207
0.994488
0.70895
0.42495
0.141974
25.1439
24.9633
24.7753
24.5796
24.3762
24.1655
23.9469
23.7209
23.4874
23.2464
22.9982
22.7428
22.4802
22.2108
21.9346
21.6518
21.3626
21.0672
20.766
20.4587
20.1461
19.8282
19.5052
19.1773
18.8447
18.508
18.1672
17.8224
17.474
17.1223
16.7675
16.4099
16.0496
15.687
15.3222
14.9557
14.5875
14.218
13.8474
13.476
13.104
12.7316
12.3593
11.9872
11.6155
11.2444
10.8743
10.5057
10.1386
9.7728
9.40889
9.04729
8.68827
8.33175
7.97761
7.62629
7.27825
6.93349
6.59191
6.25344
5.91834
5.58695
5.25917
4.93481
4.61377
4.29605
3.9818
3.67097
3.36337
3.05873
2.75678
2.45764
2.16124
1.86728
1.57538
1.28522
0.996959
0.710659
0.425882
0.142277
25.1302
24.9496
24.7614
24.5658
24.3625
24.1517
23.9333
23.7074
23.474
23.2333
22.9853
22.7301
22.4678
22.1987
21.9228
21.6404
21.3515
21.0565
20.7557
20.4489
20.1366
19.8191
19.4965
19.1691
18.837
18.5006
18.1603
17.816
17.4681
17.1168
16.7624
16.4053
16.0455
15.6833
15.3191
14.953
14.5853
14.2163
13.8461
13.4752
13.1037
12.7318
12.3599
11.9883
11.6171
11.2466
10.8769
10.5086
10.1419
9.77664
9.41316
9.05186
8.69308
8.33684
7.98312
7.63213
7.28417
6.9395
6.59809
6.25985
5.9249
5.5934
5.26545
4.9411
4.62006
4.30224
3.98775
3.67656
3.36867
3.06381
2.76158
2.46202
2.1651
1.87063
1.57832
1.28781
0.999026
0.711971
0.426552
0.142521
25.1198
24.9391
24.751
24.5553
24.352
24.1412
23.923
23.6971
23.4639
23.2233
22.9755
22.7204
22.4584
22.1895
21.9139
21.6317
21.3432
21.0484
20.7478
20.4414
20.1294
19.8122
19.4899
19.1629
18.8312
18.4951
18.155
17.8111
17.4636
17.1127
16.7586
16.4018
16.0424
15.6805
15.3166
14.9509
14.5836
14.215
13.8452
13.4746
13.1035
12.732
12.3604
11.9892
11.6183
11.2482
10.8789
10.5108
10.1443
9.77953
9.41642
9.05537
8.6967
8.34065
7.98731
7.63659
7.28867
6.94405
6.60274
6.26471
5.92989
5.59828
5.27021
4.94584
4.6248
4.30694
3.99226
3.68079
3.37267
3.06762
2.76524
2.46535
2.16801
1.87315
1.58052
1.28979
1.0006
0.712952
0.427037
0.142696
25.1128
24.9321
24.7439
24.5482
24.345
24.1342
23.916
23.6902
23.457
23.2166
22.9688
22.7139
22.4521
22.1833
21.9078
21.6259
21.3375
21.043
20.7425
20.4363
20.1246
19.8076
19.4855
19.1587
18.8272
18.4914
18.1515
17.8078
17.4605
17.1099
16.756
16.3994
16.0403
15.6787
15.315
14.9495
14.5824
14.2141
13.8445
13.4741
13.1033
12.7321
12.3608
11.9898
11.6191
11.2493
10.8803
10.5123
10.146
9.78146
9.41862
9.05777
8.69913
8.34318
7.99014
7.6396
7.29173
6.94712
6.60584
6.26799
5.93327
5.60157
5.27342
4.94902
4.628
4.31014
3.9953
3.68362
3.37536
3.07019
2.76768
2.46761
2.16999
1.87483
1.582
1.29108
1.00164
0.713674
0.427372
0.142783
25.1092
24.9286
24.7403
24.5446
24.3415
24.1306
23.9124
23.6867
23.4536
23.2132
22.9655
22.7106
22.4489
22.1801
21.9048
21.6229
21.3346
21.0402
20.7398
20.4337
20.1222
19.8052
19.4832
19.1565
18.8252
18.4895
18.1497
17.8061
17.459
17.1084
16.7547
16.3982
16.0392
15.6777
15.3142
14.9488
14.5818
14.2136
13.8442
13.4739
13.1033
12.7322
12.361
11.99
11.6195
11.2498
10.881
10.513
10.1469
9.78244
9.41972
9.059
8.70036
8.34445
7.99157
7.64113
7.29329
6.94867
6.60739
6.26967
5.93498
5.60323
5.27504
4.95062
4.62962
4.31177
3.99684
3.68505
3.37673
3.07149
2.7689
2.46876
2.17101
1.87567
1.58275
1.2917
1.00215
0.714086
0.427545
0.142804
)
;

boundaryField
{
    top
    {
        type            symmetryPlane;
    }
    bottom
    {
        type            symmetryPlane;
    }
    plate
    {
        type            zeroGradient;
    }
    left
    {
        type            zeroGradient;
    }
    right
    {
        type            fixedValue;
        value           uniform 0;
    }
    frontAndBack
    {
        type            empty;
    }
}


// ************************************************************************* //
