/*--------------------------------*- C++ -*----------------------------------*\
| =========                 |                                                 |
| \\      /  F ield         | OpenFOAM: The Open Source CFD Toolbox           |
|  \\    /   O peration     | Version:  v2012                                 |
|   \\  /    A nd           | Website:  www.openfoam.com                      |
|    \\/     M anipulation  |                                                 |
\*---------------------------------------------------------------------------*/
FoamFile
{
    version     2.0;
    format      ascii;
    class       volScalarField;
    location    "0.05";
    object      p;
}
// * * * * * * * * * * * * * * * * * * * * * * * * * * * * * * * * * * * * * //

dimensions      [0 2 -2 0 0 0 0];


internalField   nonuniform List<scalar> 
9600
(
28.5412
28.6216
28.6577
28.6657
28.6581
28.651
28.6512
28.6661
28.6891
28.7219
28.7557
28.7932
28.8278
28.8692
28.9101
28.9605
29.0119
29.0751
29.1428
29.2232
29.3087
29.4041
29.5061
29.6208
29.7502
29.8968
30.062
30.2489
30.4598
30.7026
30.9785
31.3026
31.6758
32.1253
32.6545
33.3166
34.1177
35.1542
36.4397
38.0347
28.5728
28.6114
28.639
28.6513
28.6561
28.6542
28.6589
28.6681
28.692
28.7201
28.7565
28.7899
28.8289
28.8661
28.912
28.9575
29.0138
29.0719
29.1442
29.2201
29.3096
29.4011
29.5064
29.6177
29.7501
29.8933
30.0614
30.2446
30.4587
30.6968
30.9769
31.295
31.6744
32.1152
32.651
33.2883
34.0672
34.9661
35.9877
36.9562
28.5863
28.6055
28.6263
28.6406
28.6526
28.6559
28.6634
28.671
28.694
28.7196
28.7558
28.7877
28.8278
28.8639
28.9113
28.9557
29.0132
29.0698
29.143
29.2175
29.308
29.398
29.5043
29.614
29.7473
29.889
30.0577
30.2395
30.4536
30.6903
30.9697
31.2863
31.6615
32.0966
32.6158
33.2191
33.9211
34.6952
35.509
36.2392
28.5959
28.604
28.6199
28.6334
28.6478
28.6543
28.6637
28.6731
28.6949
28.7202
28.7542
28.7865
28.8251
28.8623
28.9086
28.9543
29.0106
29.068
29.1402
29.2145
29.3051
29.3935
29.5011
29.6078
29.7429
29.8804
30.052
30.2293
30.446
30.678
30.9582
31.2683
31.6381
32.059
32.5527
33.113
33.7388
34.4133
35.0787
35.6767
28.6003
28.6036
28.6173
28.6282
28.643
28.6501
28.6623
28.673
28.6954
28.7196
28.7532
28.7846
28.8229
28.8596
28.906
28.9513
29.0078
29.0646
29.1369
29.2105
29.3008
29.3884
29.4955
29.6019
29.7352
29.8731
30.0418
30.2201
30.4321
30.6649
30.9372
31.2452
31.5994
32.0079
32.4647
32.9877
33.5388
34.1324
34.6824
35.1747
28.6
28.6035
28.6158
28.625
28.6395
28.646
28.6602
28.6709
28.695
28.7177
28.7526
28.7817
28.8214
28.8554
28.9034
28.9461
29.0046
29.0594
29.1331
29.2056
29.2951
29.383
29.4876
29.5957
29.7243
29.8653
30.0274
30.2095
30.4126
30.6484
30.9074
31.2147
31.5467
31.9429
32.3603
32.8469
33.3309
33.8536
34.3115
34.7162
28.6014
28.6005
28.6134
28.6221
28.6376
28.6426
28.6575
28.6673
28.693
28.7152
28.7509
28.7791
28.8186
28.8521
28.8991
28.9424
28.9989
29.0555
29.1263
29.2012
29.2866
29.3778
29.4769
29.589
29.7106
29.8559
30.0097
30.1955
30.3889
30.6258
30.8722
31.1737
31.4867
31.8633
32.2482
32.6921
33.1236
33.5774
33.9651
34.2928
28.6053
28.5942
28.6087
28.6185
28.6369
28.6402
28.6547
28.6632
28.6893
28.7124
28.7474
28.777
28.8143
28.8501
28.8932
28.9396
28.9912
29.052
29.1169
29.1966
29.2758
29.3718
29.4642
29.5801
29.6956
29.8428
29.991
30.1759
30.3638
30.5951
30.8338
31.1221
31.4211
31.7706
32.13
32.5275
32.9173
33.3064
33.6407
33.9012
28.6116
28.5869
28.6004
28.6141
28.6353
28.6403
28.6515
28.6606
28.6834
28.7099
28.7418
28.7755
28.8084
28.8483
28.8858
28.9366
28.9822
29.0473
29.1067
29.19
29.2648
29.3628
29.452
29.5674
29.6811
29.8248
29.9721
30.1504
30.3369
30.557
30.7916
31.061
31.349
31.6687
32.0052
32.3587
32.7111
33.044
33.334
33.5393
28.6178
28.581
28.5891
28.6087
28.6318
28.6424
28.6484
28.659
28.6759
28.7067
28.7346
28.7734
28.8016
28.8455
28.8784
28.9318
28.9741
29.04
29.0977
29.1801
29.255
29.3501
29.4405
29.551
29.6663
29.8027
29.9518
30.12
30.3068
30.5132
30.7437
30.9939
31.2696
31.5618
31.8739
32.1897
32.5053
32.7916
33.0412
33.2042
28.6194
28.5795
28.5772
28.6017
28.6256
28.6442
28.6465
28.6581
28.6685
28.7017
28.7272
28.7694
28.7962
28.8407
28.8725
28.9244
28.9672
29.03
29.0897
29.1675
29.2454
29.3346
29.4286
29.5316
29.6501
29.7779
29.9283
30.0868
30.2715
30.4663
30.6887
30.9234
31.1826
31.4522
31.7374
32.0214
32.3013
32.5486
32.7612
32.8913
28.6132
28.583
28.5716
28.5935
28.6162
28.6427
28.6461
28.6579
28.6635
28.6946
28.7199
28.7625
28.792
28.8341
28.8677
28.915
28.9605
29.0181
29.0812
29.1532
29.2347
29.3176
29.4145
29.5108
29.6307
29.7518
29.9004
30.0522
30.2305
30.4172
30.6273
30.8499
31.0895
31.3399
31.5976
31.8536
32.1006
32.3144
32.4932
32.5967
28.6005
28.588
28.5725
28.5862
28.6051
28.6359
28.6455
28.6574
28.6612
28.6862
28.7125
28.753
28.7872
28.8262
28.863
28.9047
28.9528
29.0052
29.071
29.1384
29.2219
29.3004
29.3975
29.4897
29.6073
29.725
29.868
30.0161
30.1845
30.3653
30.5609
30.7725
30.9924
31.2241
31.457
31.6862
31.9039
32.0881
32.2368
32.3178
28.5853
28.5903
28.5782
28.5817
28.5949
28.6244
28.642
28.6557
28.6613
28.6787
28.705
28.7416
28.7802
28.8176
28.8575
28.8951
28.9437
28.9921
29.0584
29.1233
29.2068
29.2832
29.3779
29.4683
29.5804
29.6969
29.8318
29.9777
30.1349
30.3096
30.4911
30.6907
30.8931
31.1054
31.3163
31.52
31.7114
31.8694
31.9911
32.0526
28.5724
28.5877
28.5835
28.5801
28.5872
28.6103
28.6345
28.6517
28.6617
28.6738
28.6975
28.7297
28.7705
28.8082
28.8504
28.8862
28.9336
28.9791
29.0437
29.1075
29.1891
29.2656
29.3559
29.446
29.5509
29.6666
29.7928
29.9357
30.083
30.2498
30.4194
30.6048
30.7922
30.9845
31.1756
31.3558
31.5226
31.6579
31.7551
31.7996
28.5638
28.5805
28.584
28.5802
28.5828
28.5979
28.6234
28.6447
28.6601
28.671
28.6909
28.7185
28.7584
28.7974
28.8414
28.8776
28.9229
28.9661
29.0274
29.0907
29.1692
29.2469
29.3321
29.4223
29.5197
29.6335
29.752
29.8899
30.0293
30.186
30.3458
30.5158
30.6896
30.8627
31.0349
31.1943
31.3378
31.4531
31.5285
31.5573
28.5593
28.5704
28.5792
28.5792
28.5808
28.5893
28.6109
28.6347
28.655
28.6687
28.6856
28.7088
28.7453
28.7848
28.8303
28.8682
28.9118
28.9534
29.0101
29.0728
29.1474
29.2263
29.3069
29.3964
29.4879
29.5973
29.71
29.8404
29.9737
30.1192
30.2698
30.4252
30.585
30.741
30.8942
31.0352
31.1574
31.2542
31.311
31.3244
28.5565
28.5606
28.5702
28.5757
28.5791
28.5844
28.5996
28.6229
28.6465
28.6646
28.6809
28.7005
28.7327
28.7707
28.817
28.8571
28.8999
28.9407
28.9922
29.0539
29.124
29.2033
29.2806
29.368
29.4554
29.5585
29.6665
29.7879
29.9156
30.0501
30.1914
30.3335
30.4786
30.6196
30.7543
30.8785
30.9815
31.0607
31.1019
31.1004
28.5535
28.5523
28.5593
28.5694
28.5756
28.5815
28.5909
28.611
28.6353
28.6574
28.6758
28.6932
28.7213
28.7561
28.8018
28.844
28.8866
28.9277
28.9743
29.034
29.0998
29.1777
29.2531
29.3372
29.4219
29.5177
29.6211
29.7335
29.8546
29.9796
30.1104
30.2412
30.3715
30.4984
30.6159
30.7236
30.8103
30.8725
30.9003
30.885
28.5488
28.5456
28.5489
28.5609
28.5698
28.578
28.5845
28.6001
28.6231
28.6472
28.6692
28.6862
28.7109
28.742
28.7851
28.8291
28.8715
28.9138
28.9566
29.013
29.0751
29.1498
29.2243
29.304
29.3868
29.4756
29.5737
29.6778
29.7908
29.9076
30.0274
30.148
30.2641
30.3772
30.4795
30.5708
30.6433
30.6894
30.7056
30.6781
28.542
28.5399
28.5402
28.5513
28.562
28.5724
28.5793
28.5906
28.6112
28.6349
28.66
28.6785
28.701
28.7289
28.7678
28.8125
28.8546
28.898
28.9388
28.9912
29.0501
29.1201
29.1936
29.2691
29.3495
29.4325
29.5242
29.6211
29.725
29.834
29.9432
30.0536
30.1572
30.2564
30.3452
30.4206
30.48
30.5117
30.5166
30.4791
28.5333
28.5343
28.5331
28.5414
28.5528
28.5647
28.5738
28.5821
28.6001
28.6219
28.6485
28.6694
28.6907
28.7167
28.7507
28.7944
28.8363
28.8799
28.9205
28.9687
29.0249
29.0894
29.1609
29.2328
29.3098
29.3884
29.473
29.5635
29.6578
29.7587
29.8581
29.958
30.051
30.1363
30.2127
30.2733
30.3201
30.3393
30.3329
30.2875
28.5237
28.5277
28.527
28.5318
28.5431
28.5552
28.567
28.5742
28.5894
28.6093
28.6353
28.6587
28.6793
28.7043
28.7345
28.7754
28.8169
28.8597
28.901
28.9455
28.9989
29.0583
29.1264
29.1952
29.2678
29.3429
29.4205
29.5046
29.5898
29.6818
29.7724
29.8616
29.945
30.0173
30.082
30.1292
30.1636
30.1718
30.1546
30.1023
28.5138
28.5198
28.5212
28.5228
28.5329
28.5446
28.5583
28.5663
28.5789
28.5972
28.6211
28.6463
28.667
28.6912
28.7189
28.756
28.7967
28.8378
28.8796
28.9216
28.9719
29.0271
29.0902
29.1562
29.224
29.2957
29.367
29.4442
29.5216
29.6038
29.6861
29.7648
29.8391
29.8999
29.9529
29.9883
30.0103
30.0089
29.9815
29.9228
28.5044
28.5106
28.5145
28.5144
28.5226
28.5335
28.5481
28.5578
28.5683
28.5853
28.6068
28.6324
28.6538
28.6768
28.7033
28.7365
28.7759
28.8149
28.8562
28.8969
28.9437
28.9957
29.0531
29.1159
29.1789
29.2466
29.3126
29.3827
29.4529
29.5253
29.5994
29.668
29.7332
29.784
29.8256
29.8505
29.8605
29.8502
29.8134
29.7487
28.4955
28.5004
28.5063
28.5065
28.5124
28.5224
28.5365
28.5484
28.5578
28.5731
28.5927
28.6174
28.6396
28.6613
28.687
28.7171
28.7544
28.7915
28.831
28.8708
28.9144
28.9635
29.0156
29.0741
29.1327
29.1956
29.2572
29.3202
29.3837
29.4467
29.5121
29.5715
29.6275
29.6693
29.7004
29.7155
29.7145
29.6955
29.6503
29.5796
28.4869
28.4898
28.4964
28.4984
28.5023
28.5113
28.5241
28.5377
28.5471
28.5605
28.5786
28.6015
28.6246
28.6451
28.6697
28.6975
28.7322
28.7678
28.8046
28.8435
28.884
28.9303
28.9778
29.0312
29.0855
29.1432
29.2006
29.2569
29.3139
29.3682
29.4248
29.4755
29.5221
29.5559
29.5771
29.5833
29.5722
29.5446
29.4919
29.4153
28.478
28.4794
28.4853
28.4894
28.4925
28.5002
28.5115
28.5256
28.536
28.5477
28.5643
28.5852
28.6085
28.6283
28.6514
28.6775
28.7094
28.7436
28.7775
28.8147
28.8524
28.8958
28.9396
28.9877
29.0375
29.0896
29.1428
29.193
29.2435
29.2899
29.3377
29.38
29.4175
29.4436
29.4557
29.4538
29.4334
29.3976
29.338
29.2556
28.4684
28.4692
28.4737
28.4793
28.4826
28.489
28.499
28.5124
28.5241
28.5346
28.5498
28.5687
28.5913
28.6111
28.6323
28.6569
28.6859
28.7187
28.7501
28.7846
28.8199
28.86
28.9009
28.9437
28.9888
29.0353
29.0838
29.1285
29.1725
29.2118
29.251
29.2853
29.3139
29.3324
29.3362
29.3267
29.298
29.2545
29.1883
29.1004
28.4581
28.459
28.4621
28.468
28.4722
28.4777
28.4866
28.4986
28.5111
28.5213
28.5349
28.5521
28.5732
28.5932
28.6126
28.6356
28.6619
28.6929
28.7222
28.7538
28.7865
28.8231
28.8612
28.8992
28.9396
28.9804
29.0237
29.0635
29.1012
29.134
29.1648
29.1914
29.2115
29.2225
29.2188
29.2018
29.166
29.1149
29.0429
28.9495
28.4471
28.4484
28.4509
28.456
28.4611
28.466
28.4741
28.4847
28.497
28.5075
28.5197
28.5353
28.5545
28.5743
28.5925
28.6136
28.6375
28.6661
28.6938
28.7223
28.7523
28.7852
28.8205
28.8544
28.8899
28.9252
28.963
28.9979
29.0297
29.0562
29.0792
29.0984
29.1104
29.1141
29.1032
29.0793
29.037
28.9789
28.9015
28.8029
28.4358
28.4373
28.4398
28.4438
28.4491
28.454
28.4613
28.4707
28.4823
28.493
28.504
28.5183
28.5355
28.5546
28.5718
28.5911
28.6126
28.6386
28.6647
28.6904
28.7174
28.7465
28.7786
28.8091
28.8399
28.8699
28.9018
28.9317
28.958
28.9787
28.9944
29.0063
29.0107
29.0073
28.9895
28.959
28.9109
28.8464
28.764
28.6604
28.4243
28.4256
28.4283
28.4316
28.4366
28.4415
28.4481
28.4567
28.4671
28.4777
28.488
28.5009
28.5162
28.534
28.5505
28.5679
28.5873
28.6104
28.6347
28.6579
28.682
28.7074
28.7359
28.763
28.7895
28.8145
28.8404
28.8653
28.8862
28.9014
28.9103
28.9151
28.9124
28.902
28.878
28.8409
28.7875
28.7172
28.6301
28.522
28.4126
28.4133
28.4162
28.4194
28.4237
28.4285
28.4343
28.4425
28.4516
28.4618
28.4714
28.483
28.4968
28.5129
28.5285
28.5442
28.5616
28.5819
28.6039
28.6249
28.6461
28.6678
28.6925
28.7163
28.7387
28.759
28.7791
28.7988
28.8143
28.8244
28.827
28.825
28.8156
28.7985
28.7686
28.7252
28.6668
28.5912
28.4997
28.3876
28.4008
28.4009
28.4035
28.4069
28.4105
28.4151
28.4202
28.4278
28.436
28.4454
28.4543
28.4647
28.4771
28.4913
28.5059
28.52
28.5353
28.5529
28.5725
28.5913
28.6097
28.628
28.6486
28.6689
28.6875
28.7035
28.7181
28.7322
28.7425
28.7476
28.7446
28.736
28.7203
28.6966
28.6612
28.6119
28.5485
28.4682
28.3725
28.2571
28.3886
28.3883
28.3902
28.394
28.3973
28.4014
28.4058
28.4126
28.4203
28.4285
28.4368
28.4458
28.4569
28.4695
28.4826
28.4952
28.5086
28.5237
28.5406
28.557
28.5728
28.5878
28.6045
28.6211
28.6359
28.6479
28.6573
28.6659
28.6711
28.6711
28.663
28.6483
28.6264
28.5966
28.5558
28.5011
28.4329
28.3481
28.2485
28.1301
28.3759
28.3757
28.3767
28.3805
28.3837
28.3874
28.3911
28.3968
28.4041
28.4114
28.4189
28.4266
28.4363
28.4473
28.4589
28.4701
28.4813
28.4941
28.5084
28.5223
28.5354
28.5474
28.5602
28.573
28.584
28.5922
28.5968
28.6001
28.6
28.5951
28.5822
28.5617
28.5341
28.4983
28.4524
28.3927
28.3198
28.231
28.1275
28.0065
28.3627
28.3629
28.3632
28.3665
28.3698
28.3732
28.3764
28.3808
28.3874
28.3939
28.4007
28.4071
28.4153
28.4249
28.4348
28.4444
28.4537
28.4641
28.4758
28.4872
28.4977
28.5067
28.5158
28.5247
28.5319
28.5364
28.5366
28.5347
28.5295
28.5196
28.5022
28.4765
28.4433
28.4018
28.351
28.2867
28.2093
28.1167
28.0094
27.8862
28.349
28.3498
28.3498
28.3521
28.3555
28.3585
28.3614
28.3646
28.3703
28.3762
28.382
28.3874
28.3938
28.402
28.4103
28.4184
28.4257
28.4338
28.443
28.4518
28.4596
28.4657
28.4712
28.4765
28.4798
28.4805
28.4766
28.4699
28.4596
28.4448
28.423
28.3924
28.3542
28.3072
28.2515
28.1831
28.1013
28.0052
27.8943
27.7687
28.335
28.3363
28.3364
28.3376
28.3407
28.3434
28.3462
28.3484
28.3528
28.358
28.363
28.3675
28.3722
28.3787
28.3855
28.392
28.3975
28.4031
28.4099
28.4161
28.4213
28.4245
28.4266
28.4282
28.4277
28.4247
28.4169
28.4057
28.3906
28.3708
28.3447
28.3096
28.2666
28.2146
28.154
28.0817
27.9958
27.8964
27.7822
27.6542
28.3209
28.3224
28.3228
28.3231
28.3256
28.328
28.3306
28.3321
28.3351
28.3394
28.3436
28.3473
28.3504
28.3552
28.3604
28.3653
28.3691
28.3723
28.3765
28.3802
28.3828
28.3832
28.382
28.3801
28.3758
28.3691
28.3576
28.342
28.3225
28.2978
28.2675
28.228
28.1805
28.124
28.0585
27.9825
27.8929
27.7903
27.6731
27.5424
28.3067
28.308
28.3089
28.3086
28.3103
28.3122
28.3145
28.3158
28.3173
28.3206
28.3238
28.3268
28.3285
28.3314
28.335
28.3383
28.3405
28.3413
28.343
28.3441
28.3441
28.342
28.3374
28.3321
28.3241
28.3137
28.2987
28.2789
28.2552
28.2258
28.1912
28.1478
28.0959
28.0353
27.9651
27.8854
27.7925
27.6867
27.5669
27.4335
28.2925
28.2933
28.2945
28.2941
28.2949
28.2962
28.298
28.2992
28.2995
28.3016
28.3037
28.3059
28.3066
28.3074
28.3094
28.3109
28.3116
28.3104
28.3094
28.3081
28.3053
28.3007
28.293
28.2842
28.2729
28.2586
28.2402
28.2164
28.1887
28.155
28.116
28.069
28.0128
27.9484
27.8739
27.7905
27.6945
27.5857
27.4636
27.3276
28.2782
28.2785
28.2796
28.2794
28.2794
28.2801
28.2812
28.2822
28.2817
28.2824
28.2834
28.2845
28.2844
28.2835
28.2837
28.2833
28.2824
28.2794
28.2757
28.272
28.2665
28.2594
28.2488
28.2366
28.222
28.204
28.1823
28.1548
28.123
28.0854
28.042
27.9914
27.9314
27.8632
27.785
27.6976
27.599
27.4872
27.3629
27.2247
28.2638
28.2636
28.2644
28.2645
28.2639
28.264
28.2642
28.2648
28.2638
28.2632
28.263
28.2629
28.262
28.2595
28.2578
28.2557
28.253
28.2484
28.2421
28.2359
28.2278
28.2181
28.2049
28.1893
28.1715
28.1499
28.1249
28.094
28.0582
28.017
27.9693
27.9153
27.8516
27.7798
27.6982
27.607
27.5058
27.3913
27.2648
27.1248
28.2492
28.2487
28.249
28.2493
28.2483
28.2478
28.2471
28.2471
28.2458
28.244
28.2426
28.2411
28.2394
28.2356
28.232
28.2281
28.2235
28.2173
28.2087
28.1999
28.1893
28.1769
28.1613
28.1424
28.1214
28.0965
28.0681
28.034
27.9945
27.9497
27.8982
27.8404
27.7736
27.6981
27.6135
27.5188
27.4147
27.298
27.1692
27.0276
28.2344
28.2338
28.2335
28.2338
28.2327
28.2315
28.23
28.2292
28.2276
28.2247
28.2222
28.2193
28.2165
28.2116
28.2061
28.2005
28.1939
28.186
28.1755
28.164
28.151
28.1359
28.1179
28.0961
28.0719
28.0438
28.0119
27.9749
27.9318
27.8835
27.8284
27.767
27.6973
27.6184
27.5307
27.4329
27.3259
27.2072
27.0762
26.9332
28.2194
28.2189
28.2181
28.218
28.2169
28.2151
28.213
28.2112
28.2091
28.2054
28.2017
28.1975
28.1933
28.1876
28.1804
28.173
28.1644
28.1547
28.1424
28.1284
28.1131
28.0952
28.0748
28.0504
28.0229
27.9919
27.9566
27.9166
27.8703
27.8186
27.7602
27.6952
27.6225
27.5405
27.45
27.3493
27.2394
27.1187
26.9859
26.8413
28.2043
28.204
28.2027
28.2021
28.2009
28.1987
28.1961
28.1931
28.1904
28.1861
28.1812
28.1759
28.1702
28.1635
28.1547
28.1455
28.1351
28.1235
28.1095
28.0932
28.0754
28.055
28.032
28.0051
27.9746
27.9407
27.9022
27.8592
27.8099
27.7549
27.6934
27.625
27.5494
27.4646
27.3712
27.268
27.1553
27.0326
26.898
26.752
28.189
28.1889
28.1875
28.1862
28.1849
28.1822
28.1791
28.1752
28.1716
28.1668
28.1608
28.1543
28.1471
28.1393
28.1293
28.1182
28.1061
28.0924
28.0768
28.0583
28.038
28.0153
27.9897
27.9604
27.9271
27.8903
27.8489
27.8027
27.7507
27.6925
27.6281
27.5566
27.4779
27.3906
27.2944
27.1889
27.0736
26.9488
26.8128
26.6653
28.1737
28.1737
28.1724
28.1703
28.1687
28.1657
28.1621
28.1574
28.1527
28.1474
28.1404
28.1328
28.1242
28.115
28.1039
28.0911
28.0772
28.0616
28.0442
28.0238
28.0011
27.9761
27.9479
27.9163
27.8804
27.8407
27.7965
27.7474
27.6926
27.6316
27.5642
27.4898
27.4082
27.3184
27.2198
27.1119
26.9944
26.8675
26.7299
26.5812
28.1585
28.1584
28.1573
28.1547
28.1524
28.1492
28.1451
28.1398
28.134
28.128
28.1202
28.1114
28.1015
28.0908
28.0786
28.0643
28.0486
28.0312
28.0118
27.9897
27.9647
27.9374
27.9069
27.8728
27.8345
27.792
27.7452
27.6932
27.6358
27.572
27.5019
27.4248
27.3404
27.2481
27.1471
27.0371
26.9175
26.7885
26.6495
26.4996
28.1434
28.1431
28.142
28.1392
28.1362
28.1327
28.128
28.1223
28.1155
28.1085
28.1
28.0901
28.0791
28.0669
28.0535
28.0377
28.0203
28.0011
27.9798
27.9559
27.9289
27.8992
27.8665
27.83
27.7894
27.7443
27.6949
27.6404
27.5802
27.5139
27.4411
27.3615
27.2744
27.1797
27.0766
26.9645
26.843
26.7121
26.5715
26.4205
28.1285
28.1278
28.1267
28.1239
28.1202
28.1162
28.111
28.1049
28.0972
28.0891
28.0799
28.069
28.0569
28.0432
28.0285
28.0115
27.9924
27.9715
27.9483
27.9227
27.8937
27.8617
27.8269
27.7881
27.7452
27.6977
27.6457
27.5887
27.5259
27.4572
27.3819
27.2999
27.2104
27.1133
27.008
26.894
26.7707
26.6381
26.496
26.3439
28.1138
28.1127
28.1113
28.1086
28.1044
28.0999
28.0942
28.0875
28.0792
28.07
28.06
28.0481
28.0349
28.02
28.0037
27.9856
27.9649
27.9423
27.9174
27.8899
27.8591
27.825
27.7879
27.7471
27.7019
27.6522
27.5977
27.5383
27.4732
27.4019
27.3243
27.24
27.1483
27.0489
26.9415
26.8258
26.7008
26.5666
26.423
26.2698
28.0991
28.0979
28.0961
28.0934
28.0889
28.0837
28.0775
28.0702
28.0614
28.0512
28.0402
28.0275
28.0132
27.9971
27.9793
27.96
27.9379
27.9136
27.8869
27.8576
27.8252
27.7891
27.7499
27.707
27.6597
27.6078
27.5509
27.4892
27.4219
27.3483
27.2684
27.1818
27.0881
26.9866
26.8772
26.7596
26.6332
26.4975
26.3525
26.1982
28.0844
28.0833
28.0811
28.0782
28.0736
28.0678
28.061
28.053
28.0438
28.0327
28.0207
28.0071
27.9918
27.9746
27.9555
27.9347
27.9114
27.8855
27.8572
27.8261
27.792
27.7541
27.7127
27.6678
27.6185
27.5645
27.5054
27.4415
27.372
27.2963
27.2142
27.1255
27.0298
26.9264
26.815
26.6957
26.5678
26.4308
26.2846
26.1292
28.07
28.0689
28.0664
28.0631
28.0584
28.0522
28.0448
28.0362
28.0263
28.0147
28.0015
27.9871
27.9707
27.9525
27.9321
27.9099
27.8854
27.858
27.8281
27.7952
27.7594
27.72
27.6765
27.6296
27.5784
27.5224
27.4613
27.3951
27.3236
27.2459
27.1617
27.071
26.9733
26.8682
26.7551
26.6341
26.5048
26.3666
26.2192
26.0627
28.0557
28.0546
28.052
28.0483
28.0434
28.0368
28.0289
28.0196
28.0091
27.9969
27.9828
27.9674
27.9501
27.9309
27.9093
27.8857
27.8599
27.8312
27.7997
27.7652
27.7277
27.6867
27.6414
27.5925
27.5394
27.4816
27.4186
27.3503
27.2768
27.1972
27.1111
27.0184
26.9189
26.8121
26.6974
26.5747
26.444
26.3047
26.1563
25.9989
28.0417
28.0406
28.038
28.0338
28.0286
28.0217
28.0134
28.0035
27.9922
27.9794
27.9646
27.9482
27.9299
27.9097
27.8871
27.8621
27.835
27.805
27.7721
27.7361
27.6969
27.6542
27.6074
27.5566
27.5016
27.442
27.3772
27.307
27.2315
27.1502
27.0623
26.9678
26.8664
26.758
26.6419
26.5177
26.3856
26.2452
26.0959
25.9376
28.0281
28.0269
28.0242
28.0198
28.0141
28.0069
27.9982
27.9877
27.9758
27.9623
27.9468
27.9295
27.9102
27.889
27.8654
27.8393
27.8108
27.7796
27.7453
27.7078
27.667
27.6228
27.5745
27.5219
27.4651
27.4038
27.3373
27.2653
27.1879
27.1048
27.0153
26.9191
26.8161
26.7061
26.5886
26.4631
26.3296
26.1881
26.038
25.879
28.0148
28.0135
28.0106
28.0061
28
27.9925
27.9833
27.9724
27.9598
27.9456
27.9295
27.9113
27.8911
27.8689
27.8443
27.8171
27.7873
27.7549
27.7194
27.6805
27.6382
27.5924
27.5426
27.4885
27.43
27.3669
27.2989
27.2253
27.1461
27.0613
26.9702
26.8724
26.7678
26.6563
26.5375
26.4108
26.2761
26.1335
25.9826
25.8229
28.0019
28.0004
27.9975
27.9928
27.9864
27.9785
27.9689
27.9575
27.9443
27.9294
27.9126
27.8937
27.8726
27.8494
27.8239
27.7957
27.7647
27.731
27.6943
27.6541
27.6104
27.5631
27.5119
27.4563
27.3963
27.3315
27.2619
27.1868
27.106
27.0195
26.9269
26.8278
26.7217
26.6087
26.4886
26.3608
26.2251
26.0814
25.9296
25.7694
27.9894
27.9879
27.9847
27.9799
27.9732
27.9649
27.9549
27.9431
27.9294
27.9138
27.8963
27.8767
27.8548
27.8307
27.8042
27.775
27.743
27.7081
27.6701
27.6288
27.5838
27.5351
27.4825
27.4255
27.364
27.2977
27.2266
27.15
27.0677
26.9797
26.8857
26.7851
26.6778
26.5634
26.4421
26.3132
26.1765
26.0319
25.8793
25.7184
27.9773
27.9757
27.9724
27.9674
27.9605
27.9519
27.9415
27.9292
27.915
27.8988
27.8806
27.8604
27.8377
27.8127
27.7853
27.7552
27.7222
27.6861
27.647
27.6045
27.5583
27.5083
27.4543
27.396
27.3331
27.2655
27.1928
27.115
27.0313
26.9418
26.8464
26.7446
26.636
26.5204
26.3979
26.268
26.1304
25.9849
25.8315
25.6701
27.9657
27.9641
27.9606
27.9554
27.9484
27.9394
27.9286
27.9159
27.9012
27.8845
27.8656
27.8447
27.8213
27.7955
27.7672
27.7362
27.7022
27.6652
27.6249
27.5813
27.534
27.4827
27.4275
27.368
27.3038
27.2348
27.1608
27.0816
26.9967
26.906
26.8092
26.7061
26.5964
26.4798
26.3561
26.2253
26.0868
25.9406
25.7864
25.6244
27.9546
27.953
27.9494
27.944
27.9367
27.9274
27.9163
27.9032
27.888
27.8708
27.8513
27.8297
27.8057
27.7791
27.75
27.7181
27.6833
27.6453
27.604
27.5593
27.5109
27.4585
27.4022
27.3414
27.2761
27.2059
27.1306
27.0502
26.9641
26.8721
26.7741
26.6699
26.5591
26.4415
26.3168
26.185
26.0457
25.8988
25.744
25.5814
27.9441
27.9424
27.9387
27.9331
27.9256
27.9161
27.9046
27.8911
27.8755
27.8578
27.8378
27.8156
27.7909
27.7637
27.7338
27.7011
27.6653
27.6265
27.5843
27.5386
27.4892
27.4357
27.3782
27.3164
27.2499
27.1786
27.1022
27.0206
26.9333
26.8403
26.7412
26.6359
26.5241
26.4055
26.2799
26.1472
26.0072
25.8597
25.7044
25.5412
27.9342
27.9324
27.9287
27.9229
27.9152
27.9054
27.8936
27.8797
27.8637
27.8456
27.8251
27.8022
27.777
27.7491
27.7185
27.685
27.6485
27.6088
27.5657
27.5191
27.4688
27.4144
27.3559
27.2929
27.2254
27.1531
27.0756
26.9929
26.9046
26.8106
26.7105
26.6042
26.4914
26.372
26.2456
26.1121
25.9714
25.8232
25.6674
25.5037
27.9249
27.9231
27.9192
27.9133
27.9054
27.8954
27.8833
27.8691
27.8527
27.8341
27.8132
27.7898
27.764
27.7355
27.7042
27.6701
27.6328
27.5924
27.5484
27.501
27.4498
27.3945
27.335
27.2712
27.2027
27.1294
27.0509
26.9672
26.878
26.783
26.682
26.5748
26.4611
26.3409
26.2137
26.0796
25.9382
25.7894
25.6332
25.4691
27.9163
27.9144
27.9105
27.9045
27.8963
27.8861
27.8738
27.8593
27.8425
27.8235
27.8021
27.7783
27.7519
27.7229
27.691
27.6562
27.6183
27.5771
27.5325
27.4842
27.4322
27.3761
27.3158
27.2511
27.1817
27.1075
27.0282
26.9436
26.8535
26.7576
26.6558
26.5478
26.4333
26.3124
26.1845
26.0497
25.9077
25.7584
25.6017
25.4374
27.9084
27.9065
27.9025
27.8963
27.888
27.8776
27.865
27.8502
27.8332
27.8138
27.792
27.7677
27.7409
27.7114
27.6789
27.6435
27.605
27.5632
27.5179
27.4689
27.4162
27.3593
27.2982
27.2328
27.1626
27.0876
27.0075
26.9221
26.8312
26.7345
26.6319
26.5232
26.4081
26.2864
26.1579
26.0225
25.8801
25.7303
25.5732
25.4085
27.9012
27.8993
27.8952
27.8889
27.8805
27.8699
27.8571
27.842
27.8247
27.805
27.7829
27.7582
27.7309
27.7009
27.668
27.6321
27.593
27.5506
27.5047
27.4551
27.4017
27.3442
27.2824
27.2163
27.1454
27.0697
26.9889
26.9027
26.8111
26.7138
26.6105
26.5011
26.3853
26.263
26.1341
25.9981
25.8552
25.705
25.5475
25.3826
27.8949
27.8929
27.8887
27.8824
27.8738
27.863
27.8501
27.8347
27.8171
27.7972
27.7747
27.7497
27.722
27.6917
27.6583
27.6219
27.5824
27.5394
27.493
27.4429
27.3889
27.3308
27.2684
27.2016
27.1301
27.0538
26.9723
26.8855
26.7933
26.6954
26.5915
26.4815
26.3652
26.2424
26.1129
25.9765
25.8332
25.6827
25.5248
25.3596
27.8893
27.8873
27.883
27.8766
27.8679
27.857
27.8439
27.8284
27.8106
27.7903
27.7676
27.7423
27.7143
27.6836
27.6498
27.613
27.5731
27.5297
27.4828
27.4322
27.3777
27.3191
27.2562
27.1889
27.1169
27.0399
26.958
26.8707
26.7779
26.6794
26.575
26.4646
26.3478
26.2245
26.0946
25.9578
25.8142
25.6633
25.5052
25.3398
27.8846
27.8825
27.8783
27.8718
27.863
27.852
27.8387
27.823
27.805
27.7845
27.7616
27.736
27.7078
27.6767
27.6427
27.6056
27.5652
27.5215
27.4742
27.4232
27.3682
27.3093
27.2459
27.1781
27.1056
27.0283
26.9458
26.8581
26.7649
26.666
26.5611
26.4502
26.3331
26.2094
26.0792
25.9421
25.7981
25.647
25.4886
25.323
27.8807
27.8787
27.8744
27.8678
27.859
27.8478
27.8344
27.8186
27.8005
27.7799
27.7567
27.7309
27.7024
27.6711
27.6369
27.5995
27.5588
27.5148
27.4672
27.4159
27.3606
27.3012
27.2376
27.1694
27.0966
27.0188
26.936
26.8479
26.7543
26.655
26.5499
26.4386
26.3211
26.1972
26.0667
25.9293
25.7851
25.6338
25.4752
25.3094
27.8778
27.8757
27.8714
27.8648
27.8559
27.8447
27.8312
27.8153
27.797
27.7763
27.753
27.7271
27.6984
27.6669
27.6324
27.5948
27.554
27.5097
27.4619
27.4103
27.3548
27.2951
27.2312
27.1628
27.0896
27.0116
26.9285
26.8402
26.7463
26.6468
26.5413
26.4298
26.3121
26.1879
26.0572
25.9196
25.7752
25.6237
25.4651
25.2991
27.8758
27.8738
27.8694
27.8627
27.8538
27.8426
27.829
27.8131
27.7947
27.7739
27.7505
27.7244
27.6957
27.664
27.6294
27.5917
27.5507
27.5063
27.4583
27.4065
27.3508
27.291
27.2269
27.1583
27.085
27.0068
26.9235
26.8349
26.7409
26.6411
26.5356
26.4239
26.306
26.1817
26.0507
25.9131
25.7685
25.617
25.4582
25.2922
27.8748
27.8728
27.8684
27.8617
27.8528
27.8415
27.8279
27.8119
27.7935
27.7726
27.7492
27.7231
27.6943
27.6626
27.6279
27.5901
27.549
27.5045
27.4564
27.4046
27.3488
27.2889
27.2247
27.156
27.0826
27.0043
26.9209
26.8323
26.7381
26.6383
26.5326
26.4209
26.3029
26.1785
26.0475
25.9098
25.7651
25.6135
25.4548
25.2887
39.6214
39.1258
37.3014
35.3234
33.6354
32.2982
31.2414
30.3964
29.6808
29.0672
28.5204
28.0298
27.5704
27.1357
26.7035
26.2796
25.8437
25.4156
24.9687
24.5375
24.0771
23.6484
23.1774
22.7491
22.2724
21.8332
21.3553
20.8966
20.424
19.9424
19.4717
18.961
18.4738
17.9393
17.4259
16.8585
16.3426
15.6989
15.2039
14.478
13.9697
13.2258
12.6181
11.9197
11.1988
10.5057
9.71061
9.0375
8.08405
7.54585
6.43151
5.87586
4.8716
4.13597
3.34812
2.41203
2.04893
0.775095
0.680224
-0.328523
-0.721383
-0.899507
-1.91721
-1.30903
-2.20683
-2.20512
-1.67817
-2.6827
-1.73916
-1.66299
-2.25366
-1.1801
-1.49492
-1.76209
-0.780703
-0.805775
-0.775116
-0.0394153
0.201406
0.00339403
37.641
37.564
36.6764
35.2161
33.6801
32.3089
31.1924
30.2962
29.5756
28.9732
28.4418
27.9707
27.5094
27.092
26.6433
26.2421
25.7814
25.3818
24.9049
24.5064
24.0136
23.617
23.1175
22.7127
22.223
21.7881
21.3245
20.8422
20.4091
19.8782
19.455
18.8958
18.4531
17.8779
17.415
16.7925
16.3406
15.6412
15.1894
14.4576
13.9177
13.2587
12.5459
11.9704
11.1316
10.5651
9.64135
9.10488
8.04689
7.55341
6.5185
5.80198
5.05652
4.02494
3.54734
2.32142
2.12992
0.944065
0.557123
0.0391073
-0.979059
-0.688803
-1.78534
-1.48496
-1.72098
-2.5723
-1.60076
-2.3278
-2.18819
-1.28571
-2.11832
-1.54218
-1.09065
-1.7791
-1.01429
-0.466443
-0.76733
-0.224334
0.312165
0.0501288
36.7638
36.8302
36.2951
35.1993
33.8181
32.4511
31.2608
30.3
29.5282
28.9177
28.3841
27.924
27.466
27.0516
26.604
26.1979
25.7416
25.3306
24.8658
24.4485
23.9793
23.5536
23.0892
22.6448
22.1979
21.7182
21.2953
20.7772
20.366
19.8238
19.3966
18.8522
18.3885
17.8383
17.3503
16.7623
16.2588
15.644
15.0797
14.4868
13.8118
13.2681
12.4947
11.9366
11.1385
10.5231
9.69005
9.02901
8.19806
7.43212
6.7004
5.76838
5.14033
4.15273
3.58157
2.65576
2.02412
1.36844
0.558216
0.222465
-0.579124
-0.771289
-1.15955
-1.6038
-1.51738
-1.99901
-1.91348
-1.79914
-2.05089
-1.52693
-1.53736
-1.68125
-1.23161
-1.26655
-1.19964
-0.613454
-0.438233
-0.314235
0.0753062
0.0552728
36.0682
36.1365
35.7211
34.877
33.6826
32.4374
31.2448
30.2691
29.4463
28.8219
28.2765
27.8228
27.3789
26.9666
26.5371
26.1208
25.6839
25.2526
24.8127
24.366
23.9318
23.467
23.0453
22.5579
22.1502
21.6406
21.2354
20.7167
20.2895
19.7787
19.3095
18.8111
18.3014
17.7951
17.2634
16.7265
16.1649
15.6226
14.9911
14.4624
13.7607
13.2155
12.4871
11.862
11.1617
10.4544
9.73617
8.97968
8.27914
7.41948
6.76824
5.85398
5.15694
4.35737
3.61237
2.89193
2.08872
1.59029
0.782776
0.30868
-0.207462
-0.680528
-0.878824
-1.38052
-1.48082
-1.6154
-1.88253
-1.66589
-1.70477
-1.61978
-1.35651
-1.47321
-1.33574
-1.06828
-1.04013
-0.747374
-0.332174
-0.249794
-0.0880978
0.0314971
35.4625
35.5099
35.1686
34.4979
33.4903
32.377
31.2437
30.2664
29.4279
28.7627
28.2104
27.7345
27.3095
26.8878
26.4824
26.0552
25.6366
25.1914
24.7657
24.3041
23.8834
23.4056
22.9923
22.5016
22.0882
21.595
21.1634
20.6811
20.213
19.7445
19.2375
18.7684
18.2376
17.7455
17.2
16.6812
16.1037
15.5762
14.9516
14.4057
13.7545
13.1484
12.499
11.8126
11.1655
10.4316
9.75222
8.98835
8.30356
7.49048
6.77939
5.99001
5.2059
4.50124
3.714
3.04704
2.28776
1.71016
1.05984
0.469579
0.0486008
-0.443709
-0.732021
-1.06743
-1.33012
-1.3794
-1.59378
-1.58743
-1.4743
-1.48952
-1.31104
-1.26929
-1.26022
-1.02789
-0.865138
-0.727474
-0.37404
-0.196529
-0.134932
0.0015404
34.9308
34.953
34.6663
34.1068
33.263
32.2681
31.2264
30.2561
29.4286
28.7181
28.1572
27.6531
27.2325
26.8072
26.412
25.9885
25.5755
25.1324
24.7081
24.2477
23.8235
23.3528
22.9256
22.4543
22.0142
21.5524
21.087
20.6364
20.1426
19.6916
19.1787
18.7078
18.1862
17.6844
17.1481
16.6248
16.0574
15.5153
14.9235
14.3404
13.7376
13.0964
12.4806
11.7909
11.1438
10.4344
9.7489
9.01548
8.30662
7.56147
6.80486
6.08398
5.29545
4.59868
3.85164
3.17085
2.48184
1.8457
1.27511
0.680725
0.237027
-0.201233
-0.550288
-0.822533
-1.10781
-1.22429
-1.35019
-1.44319
-1.33698
-1.30469
-1.23594
-1.14613
-1.11868
-0.984301
-0.776264
-0.642698
-0.413
-0.194887
-0.123751
-0.0243503
34.4614
34.4549
34.2115
33.7213
33.0103
32.1163
31.1744
30.2306
29.4204
28.685
28.1057
27.5826
27.1491
26.7277
26.3292
25.9189
25.5047
25.0718
24.6441
24.1921
23.7587
23.3014
22.8562
22.4056
21.9432
21.5016
21.0208
20.5783
20.0855
19.6269
19.1285
18.6422
18.1369
17.623
17.0988
16.5671
16.0144
15.4573
14.8899
14.2894
13.7036
13.0663
12.4458
11.7824
11.1187
10.4431
9.74607
9.04043
8.32373
7.61451
6.85929
6.15017
5.40231
4.68666
3.99075
3.30243
2.64916
2.00855
1.45742
0.906195
0.423423
0.0140985
-0.340828
-0.617156
-0.877367
-1.05605
-1.15309
-1.25014
-1.20891
-1.1492
-1.12401
-1.05099
-0.993845
-0.907048
-0.72623
-0.56461
-0.405891
-0.207695
-0.102774
-0.0286868
34.0384
34.0055
33.7936
33.3518
32.7398
31.9361
31.0849
30.1889
29.3942
28.6592
28.0545
27.5225
27.0662
26.6495
26.2423
25.8439
25.43
25.0072
24.5782
24.1353
23.6942
23.2481
22.7916
22.3512
21.8815
21.4419
20.9651
20.5131
20.0343
19.5607
19.0782
18.5808
18.0843
17.568
17.0473
16.5142
15.9693
15.4081
14.848
14.2509
13.6628
13.0434
12.4121
11.7727
11.1044
10.4445
9.7525
9.06077
8.35408
7.65659
6.9236
6.21193
5.5046
4.78632
4.11692
3.43975
2.80231
2.182
1.6311
1.11107
0.620701
0.2134
-0.129731
-0.418506
-0.672001
-0.870552
-0.9758
-1.05694
-1.06742
-1.02069
-0.999007
-0.951608
-0.891561
-0.812422
-0.670156
-0.507508
-0.370924
-0.211141
-0.0941367
-0.0292575
33.6496
33.5968
33.404
33.0021
32.4604
31.7403
30.9622
30.1287
29.3506
28.6326
28.0057
27.4688
26.99
26.5708
26.1581
25.7637
25.3546
24.938
24.5117
24.0759
23.6314
23.1916
22.732
22.2922
21.8259
21.3788
20.9125
20.4485
19.9814
19.4993
19.0233
18.525
18.0289
17.5164
16.9952
16.4642
15.9233
15.3641
14.8029
14.2184
13.6228
13.0197
12.3861
11.7581
11.0986
10.4409
9.7658
9.08006
8.38961
7.69425
6.98884
6.2807
5.59608
4.89487
4.23325
3.57697
2.94997
2.35387
1.80231
1.29712
0.819915
0.407842
0.0712854
-0.223416
-0.481278
-0.677552
-0.802637
-0.883189
-0.920502
-0.900289
-0.876466
-0.845588
-0.796541
-0.720018
-0.605676
-0.463069
-0.333397
-0.202713
-0.0935936
-0.0293454
33.2876
33.2221
33.0382
32.6717
32.18
31.5353
30.816
30.0482
29.2929
28.5972
27.96
27.4166
26.9224
26.4926
26.0778
25.6813
25.2778
24.8661
24.4435
24.0135
23.5697
23.132
22.6753
22.231
21.7721
21.3163
20.8582
20.3881
19.9245
19.443
18.9652
18.4723
17.9734
17.4655
16.9445
16.4157
15.8778
15.3214
14.7602
14.1853
13.5881
12.9928
12.3664
11.7423
11.0948
10.4399
9.78048
9.10096
8.42408
7.73505
7.05229
6.3543
5.68167
5.00263
4.34673
3.71229
3.09561
2.5186
1.97143
1.47304
1.01389
0.602138
0.260647
-0.0350843
-0.29448
-0.488724
-0.631543
-0.724859
-0.773136
-0.775521
-0.758932
-0.737643
-0.702391
-0.63558
-0.539097
-0.420379
-0.299302
-0.187441
-0.093093
-0.0280126
32.9486
32.8754
32.6938
32.3593
31.9041
31.3243
30.6557
29.9478
29.2231
28.5491
27.9155
27.3635
26.8616
26.4173
26.0003
25.5996
25.1992
24.7925
24.373
23.9486
23.5078
23.0703
22.6188
22.17
21.7169
21.2564
20.8013
20.3309
19.866
19.3882
18.9076
18.4196
17.9196
17.4144
16.8956
16.3684
15.8323
15.2805
14.7204
14.1509
13.558
12.9652
12.3504
11.7271
11.0918
10.4427
9.79437
9.12395
8.45746
7.78153
7.11189
6.42947
5.76508
5.10691
4.46206
3.84371
3.23848
2.67525
2.13799
1.64451
1.20038
0.792284
0.441402
0.147852
-0.109827
-0.308726
-0.46382
-0.573117
-0.627919
-0.647227
-0.644968
-0.632337
-0.61051
-0.556429
-0.472425
-0.374972
-0.267929
-0.168636
-0.0880876
-0.0263223
32.6303
32.5516
32.3697
32.0623
31.6364
31.1093
30.4877
29.8301
29.1424
28.4887
27.8678
27.3094
26.8035
26.3466
25.9243
25.5201
25.1196
24.7171
24.3012
23.8806
23.4452
23.0072
22.5612
22.1102
21.6596
21.1993
20.7428
20.2754
19.8081
19.3331
18.8522
18.3656
17.8679
17.3633
16.848
16.3218
15.788
15.2411
14.6822
14.1168
13.5303
12.9401
12.3343
11.7145
11.0899
10.4476
9.80846
9.1483
8.49217
7.83019
7.16885
6.50467
5.84869
5.20922
4.57683
3.96999
3.37872
2.82561
2.30173
1.81352
1.37763
0.975025
0.618425
0.326584
0.0701871
-0.137185
-0.299888
-0.423408
-0.487424
-0.518953
-0.533105
-0.531627
-0.52046
-0.478502
-0.406543
-0.327356
-0.237002
-0.148218
-0.0799416
-0.0250113
32.3301
32.2471
32.0644
31.7782
31.3785
30.8924
30.3156
29.6991
29.0513
28.4178
27.8135
27.2541
26.7453
26.2802
25.8497
25.443
25.04
24.6402
24.2282
23.8102
23.3813
22.9433
22.502
22.051
21.6014
21.1431
20.6847
20.2202
19.7514
19.278
18.7981
18.312
17.8171
17.3133
16.801
16.2764
15.7453
15.2023
14.6458
14.084
13.5043
12.9175
12.3177
11.7055
11.0887
10.4541
9.82303
9.17442
8.52818
7.8783
7.22599
6.57889
5.93376
5.30851
4.68847
4.09321
3.51674
2.97148
2.4611
1.97876
1.54625
1.15094
0.793815
0.500868
0.243484
0.0272877
-0.140574
-0.274686
-0.351002
-0.392902
-0.423531
-0.434199
-0.430483
-0.401197
-0.342421
-0.278542
-0.205748
-0.128578
-0.0702913
-0.0226037
32.0464
31.9589
31.7765
31.5056
31.1303
30.6762
30.1408
29.5595
28.9496
28.3383
27.751
27.1966
26.6857
26.2163
25.7776
25.3672
24.962
24.5623
24.1547
23.7385
23.3153
22.8795
22.4409
21.9923
21.5428
21.0866
20.628
20.1641
19.6964
19.2228
18.7448
18.2594
17.7664
17.2649
16.754
16.2329
15.7036
15.1641
14.6113
14.0529
13.4795
12.8961
12.3029
11.6985
11.0883
10.4617
9.83857
9.20258
8.56407
7.92607
7.28446
6.65194
6.01902
5.40399
4.79824
4.21477
3.65128
3.11356
2.61451
2.13966
1.70911
1.32116
0.966616
0.669211
0.409372
0.186484
0.0145674
-0.126502
-0.217865
-0.271908
-0.316408
-0.337247
-0.340638
-0.325508
-0.280452
-0.229895
-0.174358
-0.109346
-0.0588104
-0.0188611
31.7776
31.6849
31.5043
31.2437
30.8914
30.4628
29.9641
29.4147
28.8383
28.2517
27.6803
27.1356
26.6242
26.1528
25.7081
25.2925
24.886
24.4842
24.0808
23.666
23.2476
22.8151
22.3784
21.9335
21.4838
21.0302
20.5718
20.1082
19.6422
19.1684
18.6922
18.2078
17.7164
17.2174
16.7079
16.1907
15.6627
15.1273
14.5784
14.0234
13.4552
12.8766
12.2904
11.6919
11.089
10.4707
9.85575
9.23137
8.59975
7.97443
7.34402
6.72338
6.10306
5.49731
4.90688
4.33374
3.78126
3.25256
2.76222
2.29632
1.86807
1.48568
1.13424
0.831235
0.569745
0.342494
0.165947
0.0190777
-0.089222
-0.156518
-0.209723
-0.239353
-0.252426
-0.252071
-0.221163
-0.182105
-0.141424
-0.0891609
-0.0464573
-0.0146553
31.5224
31.4235
31.2459
30.9925
30.6606
30.2538
29.7863
29.2667
28.7194
28.1583
27.6027
27.0698
26.5607
26.0886
25.6406
25.2193
24.8114
24.4072
24.0063
23.5934
23.1784
22.7498
22.3152
21.8736
21.4252
20.9732
20.5161
20.053
19.5881
19.1155
18.6396
18.1575
17.6672
17.1704
16.6635
16.149
15.6234
15.0915
14.5467
13.9952
13.432
12.8593
12.2792
11.686
11.0912
10.4817
9.87368
9.2597
8.63666
8.02329
7.40374
6.79293
6.18587
5.58999
5.01318
4.44945
3.90724
3.38882
2.90507
2.4483
2.02345
1.64393
1.29557
0.989067
0.726156
0.49522
0.312445
0.159123
0.0356292
-0.0433189
-0.102331
-0.142446
-0.167622
-0.181081
-0.163894
-0.134124
-0.10639
-0.0683648
-0.0342654
-0.0103373
31.2796
31.1736
30.9993
30.752
30.4366
30.0504
29.608
29.1169
28.5947
28.0586
27.5195
26.9983
26.4952
26.0228
25.5741
25.1475
24.738
24.3319
23.9313
23.5212
23.1078
22.6837
22.2513
21.8128
21.3668
20.9158
20.4609
19.9984
19.5344
19.0636
18.5876
18.1084
17.6185
17.1245
16.6201
16.1078
15.5859
15.0565
14.5165
13.9681
13.4105
12.8434
12.2687
11.6818
11.0947
10.4942
9.89154
9.28836
8.67546
8.07149
7.46293
6.86119
6.26791
5.68217
5.11576
4.5625
4.03014
3.52165
3.0439
2.59518
2.17468
1.79647
1.45173
1.14354
0.877763
0.643824
0.453537
0.293394
0.159301
0.0698953
0.00318773
-0.0493
-0.0862422
-0.111225
-0.106515
-0.0859193
-0.0706772
-0.0472326
-0.022417
-0.00612269
31.0476
30.9347
30.763
30.5215
30.2193
29.8522
29.4308
28.9659
28.4663
27.9532
27.4313
26.922
26.4269
25.9555
25.5075
25.0771
24.6657
24.2578
23.8567
23.4488
23.0367
22.6168
22.1868
21.7516
21.3079
20.8585
20.4056
19.9444
19.4812
19.0122
18.5369
18.0595
17.571
17.0795
16.5773
16.0678
15.5495
15.0226
14.4874
13.9423
13.3906
12.8281
12.2593
11.6796
11.0987
10.5072
9.91028
9.31791
8.71509
8.11847
7.52173
6.92931
6.34888
5.77278
5.21478
4.67368
4.15014
3.65053
3.17926
2.7367
2.32154
1.94496
1.60288
1.29337
1.02471
0.788238
0.589703
0.423408
0.28244
0.181724
0.104257
0.0401621
-0.00649947
-0.0407917
-0.0484619
-0.0390983
-0.0356547
-0.0259079
-0.0108036
-0.00176625
30.8248
30.7065
30.5356
30.3006
30.0086
29.6588
29.2559
28.8138
28.3357
27.843
27.3389
26.8412
26.3552
25.8867
25.4398
25.0079
24.5939
24.1849
23.7828
23.3765
22.9659
22.5491
22.1221
21.6897
21.2487
20.8014
20.3501
19.8911
19.4285
18.9614
18.4871
18.011
17.5251
17.035
16.5356
16.0289
15.514
14.9901
14.4592
13.9183
13.3714
12.8139
12.2514
11.6788
11.103
10.5207
9.93099
9.34748
8.75449
8.16509
7.58057
6.9976
6.42745
5.86136
5.31188
4.7826
4.26717
3.77535
3.3108
2.87355
2.46448
2.08961
1.74817
1.43874
1.168
0.927736
0.721831
0.550347
0.40341
0.290472
0.201395
0.12763
0.0728706
0.0301115
0.00879708
0.00519547
-0.00194766
-0.00410728
0.00159569
0.00296371
30.6104
30.4881
30.3165
30.0882
29.8043
29.4702
29.0837
28.6615
28.2038
27.729
27.2427
26.7565
26.2803
25.816
25.371
24.939
24.5228
24.1132
23.7096
23.3046
22.8954
22.4811
22.0571
21.6272
21.1893
20.7441
20.2947
19.838
19.3762
18.9112
18.4381
17.9634
17.4799
16.9912
16.4952
15.9907
15.4797
14.9586
14.432
13.8956
13.3529
12.8013
12.2445
11.6788
11.1082
10.5351
9.95326
9.37628
8.79374
8.21254
7.63894
7.06507
6.50331
5.94879
5.40793
4.88813
4.38124
3.89613
3.43863
3.00708
2.60294
2.22954
1.88852
1.58045
1.30693
1.06216
0.851118
0.674222
0.520509
0.396048
0.296362
0.214012
0.151656
0.0998076
0.0638934
0.0473757
0.0311584
0.0193041
0.0151745
0.00739301
30.4036
30.2784
30.1057
29.8831
29.6067
29.2857
28.9146
28.5096
28.0707
27.6126
27.1428
26.6686
26.2021
25.7433
25.3011
24.8697
24.4524
24.0421
23.6373
23.2335
22.8251
22.4132
21.9918
21.5644
21.1296
20.6866
20.2394
19.7848
19.3248
18.8613
18.3899
17.9168
17.4354
16.9487
16.4556
15.9535
15.4463
14.9283
14.4059
13.8741
13.3354
12.7902
12.2384
11.6795
11.115
10.5498
9.9761
9.40497
8.83327
8.26074
7.69571
7.13126
6.57795
6.03522
5.5022
4.98984
4.4924
4.01369
3.56328
3.13705
2.7361
2.36518
2.02538
1.71764
1.44099
1.19287
0.977564
0.794278
0.633365
0.499168
0.390166
0.299276
0.228699
0.166689
0.11717
0.0891545
0.064976
0.0440447
0.0285934
0.0110777
30.2041
30.0768
29.9027
29.6847
29.4157
29.1054
28.7488
28.3587
27.9372
27.4945
27.0399
26.5781
26.1207
25.6687
25.2297
24.8
24.3824
23.9716
23.5662
23.1629
22.7553
22.3454
21.9263
21.5015
21.0695
20.6291
20.1843
19.7318
19.2738
18.8119
18.3426
17.871
17.3917
16.9072
16.4168
15.9172
15.4137
14.8995
14.3806
13.8536
13.3191
12.78
12.2331
11.6809
11.1233
10.5643
9.99925
9.43463
8.87261
8.30873
7.75093
7.19686
6.65224
6.11942
5.59398
5.08864
4.60094
4.12881
3.68415
3.26254
2.86486
2.49739
2.1585
1.84962
1.57109
1.32038
1.10011
0.910495
0.742715
0.600248
0.482777
0.382869
0.302776
0.230822
0.170221
0.131748
0.0992887
0.0681157
0.0408686
0.0146604
30.0118
29.8823
29.7072
29.4927
29.2305
28.9295
28.5861
28.2092
27.8037
27.3752
26.9349
26.4849
26.0369
25.592
25.1567
24.7298
24.3123
23.9018
23.4958
23.0927
22.6863
22.2776
21.861
21.4385
21.0092
20.5717
20.129
19.6791
19.2231
18.7631
18.2959
17.8259
17.3491
16.8664
16.3792
15.882
15.382
14.872
14.3559
13.8344
13.3041
12.7703
12.2289
11.6832
11.1324
10.579
10.0229
9.4653
8.91114
8.35602
7.80581
7.26201
6.72545
6.20058
5.68381
5.18577
4.70657
4.24097
3.80065
3.384
2.99058
2.62571
2.28715
1.9771
1.69768
1.44412
1.2187
1.02346
0.849069
0.69912
0.573604
0.464198
0.37389
0.29357
0.223772
0.174664
0.132683
0.0903039
0.0527088
0.0189025
29.8263
29.6942
29.5188
29.3067
29.0508
28.7579
28.4264
28.0617
27.6704
27.2554
26.8281
26.3895
25.9509
25.5133
25.0825
24.6589
24.2421
23.8325
23.426
23.0233
22.6179
22.2101
21.7961
21.3753
20.9491
20.5142
20.0739
19.6267
19.1726
18.7151
18.2498
17.7816
17.3074
16.8264
16.3425
15.8479
15.351
14.8455
14.3322
13.8162
13.2902
12.7611
12.2261
11.6859
11.142
10.5946
10.0465
9.4965
8.949
8.40279
7.86103
7.32576
6.79675
6.27963
5.77237
5.28108
4.80848
4.34972
3.91362
3.50243
3.11297
2.74935
2.41158
2.1009
1.82049
1.56405
1.33386
1.1331
0.952527
0.795607
0.662103
0.543269
0.443013
0.355602
0.277122
0.216826
0.164292
0.11131
0.0653232
0.0237447
29.6471
29.5123
29.337
29.1265
28.8764
28.5906
28.2697
27.9162
27.5377
27.1353
26.72
26.2926
25.8629
25.4328
25.007
24.5871
24.1718
23.7632
23.3569
22.9545
22.55
22.1431
21.7316
21.3126
20.8891
20.4568
20.0188
19.5745
19.1224
18.6675
18.2043
17.7379
17.2666
16.7873
16.3064
15.8152
15.3207
14.8198
14.3098
13.7985
13.2773
12.7527
12.2242
11.6891
11.1519
10.6112
10.0699
9.52787
8.98669
8.44924
7.91598
7.38749
6.86663
6.35773
5.85897
5.37366
4.90698
4.4555
4.02412
3.61749
3.23098
2.86879
2.53243
2.22128
1.93939
1.68027
1.44555
1.23927
1.05348
0.889607
0.747971
0.620371
0.510793
0.416674
0.32946
0.257532
0.194431
0.132624
0.0789229
0.0285241
29.4737
29.3363
29.1611
28.952
28.7069
28.4273
28.1161
27.7728
27.406
27.0154
26.611
26.1944
25.7731
25.3509
24.9301
24.5143
24.1013
23.6939
23.2883
22.8861
22.4828
22.0768
21.6673
21.2503
20.829
20.3996
19.9639
19.5225
19.0727
18.6201
18.1597
17.695
17.2265
16.7493
16.271
15.7836
15.2911
14.795
14.2888
13.7811
13.2656
12.7452
12.2227
11.6932
11.1622
10.6286
10.0932
9.55895
9.02473
8.49513
7.96963
7.448
6.93571
6.43444
5.94268
5.46371
5.00315
4.5585
4.13191
3.72835
3.34483
2.9851
2.64984
2.33807
2.05417
1.79273
1.55388
1.34252
1.15202
0.980711
0.831133
0.69574
0.577649
0.476434
0.380054
0.296678
0.224242
0.154978
0.0926263
0.0327373
29.3057
29.1658
28.9908
28.7829
28.5422
28.2683
27.9654
27.6317
27.2754
26.8959
26.5017
26.0953
25.6821
25.2675
24.852
24.4407
24.0304
23.6244
23.2203
22.8181
22.4163
22.0112
21.6033
21.1886
20.7691
20.3428
19.9092
19.4706
19.0236
18.5728
18.1157
17.6527
17.187
16.7125
16.2362
15.753
15.2626
14.7709
14.2689
13.7644
13.255
12.7386
12.2216
11.698
11.1729
10.6463
10.1166
9.5897
9.06321
8.53996
8.02197
7.50833
7.00344
6.50896
6.02396
5.55187
5.09727
4.65827
4.23626
3.83545
3.45556
3.0983
2.76342
2.45094
2.16503
1.90182
1.65928
1.44306
1.24745
1.06876
0.912007
0.769796
0.643658
0.534
0.428531
0.335145
0.25464
0.177754
0.105447
0.0364184
29.1429
29.0003
28.8259
28.6189
28.3821
28.1133
27.8176
27.493
27.1459
26.777
26.3922
25.9955
25.5902
25.1829
24.7731
24.3661
23.9593
23.5549
23.1526
22.7507
22.3503
21.9464
21.5397
21.1275
20.7095
20.2862
19.8549
19.4188
18.9749
18.526
18.0722
17.6111
17.148
16.6767
16.2022
15.723
15.2355
14.7472
14.2499
13.7488
13.2448
12.7329
12.2209
11.7037
11.1839
10.6639
10.1404
9.62038
9.10142
8.58389
8.07365
7.56813
7.06915
6.58153
6.10358
5.63805
5.18886
4.75457
4.33727
3.93988
3.56322
3.20764
2.8731
2.56015
2.27263
2.00779
1.76162
1.54045
1.33945
1.15444
0.991165
0.8425
0.707858
0.588848
0.475842
0.373907
0.285239
0.19974
0.11719
0.0399856
28.9848
28.8398
28.6658
28.4598
28.2264
27.9623
27.6729
27.3566
27.0179
26.659
26.2829
25.8953
25.4977
25.0972
24.6934
24.2905
23.8877
23.4853
23.085
22.6841
22.2846
21.8823
21.4767
21.0669
20.6506
20.2297
19.8012
19.3673
18.9265
18.4797
18.029
17.5705
17.1096
16.6418
16.1691
15.6937
15.2097
14.7241
14.2318
13.7342
13.2349
12.7281
12.2206
11.7099
11.1952
10.6814
10.1649
9.6507
9.1388
8.6277
8.12463
7.62648
7.13326
6.6526
6.18151
5.72182
5.27764
4.84788
4.4355
4.04178
3.66718
3.31295
2.97947
2.66626
2.37713
2.11024
1.86068
1.63462
1.42863
1.23832
1.06841
0.913001
0.769599
0.642116
0.522995
0.412556
0.3149
0.22036
0.128533
0.0438519
28.8311
28.684
28.5102
28.3055
28.0748
27.8152
27.5312
27.2225
26.8916
26.5418
26.1741
25.7949
25.4048
25.0107
24.613
24.2143
23.8158
23.4156
23.0175
22.6181
22.2193
21.8189
21.4143
21.0066
20.5925
20.1735
19.748
19.3162
18.8784
18.4342
17.9859
17.5307
17.0719
16.6075
16.1372
15.6648
15.1848
14.7018
14.2144
13.7206
13.2254
12.7242
12.2211
11.7162
11.2068
10.6991
10.1895
9.68047
9.17564
8.67157
8.17442
7.68319
7.19641
6.72209
6.25743
5.80306
5.3638
4.93889
4.53096
4.14047
3.76742
3.4149
3.08295
2.7692
2.4781
2.20909
1.95668
1.72597
1.51548
1.32005
1.14311
0.980958
0.829723
0.694924
0.56936
0.450097
0.343117
0.240062
0.140354
0.0480495
28.6817
28.5328
28.3589
28.1557
27.9272
27.672
27.3926
27.0907
26.767
26.4255
26.066
25.6945
25.3118
24.9237
24.532
24.1376
23.7433
23.3461
22.9499
22.5527
22.1545
21.7559
21.3527
20.9467
20.535
20.1178
19.6952
19.2656
18.8306
18.3893
17.9432
17.4916
17.0349
16.5736
16.1064
15.6365
15.1606
14.6806
14.1974
13.7078
13.2166
12.7208
12.2222
11.7227
11.219
10.7171
10.2137
9.71014
9.21216
8.7149
8.22297
7.73859
7.25865
6.7898
6.33115
5.88192
5.4478
5.0277
4.62314
4.23573
3.86473
3.51399
3.18311
2.86864
2.57567
2.30479
2.04989
1.81467
1.59979
1.39908
1.21534
1.04699
0.888991
0.746746
0.613949
0.486381
0.37024
0.25967
0.152881
0.0522195
28.5364
28.3858
28.2117
28.0101
27.7835
27.5324
27.2571
26.9614
26.6443
26.3102
25.9587
25.5942
25.219
24.8365
24.4506
24.0606
23.6702
23.2767
22.8823
22.4876
22.0905
21.6934
21.292
20.8872
20.4782
20.0628
19.6427
19.2158
18.7831
18.3449
17.9013
17.4528
16.9988
16.5403
16.0764
15.609
15.137
14.6604
14.1808
13.6958
13.2086
12.7179
12.2238
11.7294
11.2316
10.7348
10.2376
9.74006
9.24805
8.75726
8.2707
7.79294
7.31965
6.85563
6.40269
5.95885
5.52977
5.11376
4.712
4.32808
3.95961
3.60991
3.2795
2.96488
2.67033
2.39751
2.14017
1.90066
1.68133
1.4755
1.28561
1.11146
0.946978
0.796794
0.656862
0.521747
0.39686
0.279536
0.165503
0.0560454
28.395
28.2431
28.0684
27.8684
27.6436
27.3962
27.1249
26.8345
26.5236
26.1962
25.8523
25.4944
25.1262
24.7493
24.3688
23.9836
23.5967
23.2072
22.8149
22.4226
22.0272
21.6312
21.232
20.8284
20.4217
20.0085
19.5906
19.1667
18.7361
18.3009
17.86
17.4142
16.9634
16.5076
16.047
15.5825
15.1139
14.6411
14.165
13.6843
13.2014
12.7152
12.2259
11.7366
11.2443
10.7524
10.2614
9.76991
9.28312
8.79873
8.31793
7.84616
7.37891
6.91974
6.47245
6.034
5.6092
5.19686
4.79828
4.41784
4.05168
3.70233
3.37246
3.05842
2.76218
2.48709
2.22746
1.98399
1.76017
1.54969
1.35412
1.17403
1.00318
0.845236
0.698534
0.556355
0.423379
0.299228
0.177461
0.0596005
28.2574
28.1043
27.9289
27.7304
27.5074
27.2633
26.9959
26.7101
26.405
26.0835
25.7468
25.3953
25.0337
24.6624
24.2867
23.9065
23.5231
23.1375
22.7479
22.3577
21.9646
21.5696
21.1725
20.7705
20.3657
19.9551
19.5391
19.1181
18.6899
18.2573
17.8193
17.3761
16.9287
16.4757
16.0183
15.557
15.0915
14.6224
14.1499
13.6734
13.1947
12.713
12.2284
11.744
11.2569
10.7701
10.2852
9.79928
9.31754
8.83955
8.36456
7.89794
7.43639
6.98254
6.5406
6.10693
5.68584
5.2776
4.88245
4.50464
4.14052
3.79166
3.46259
3.1491
2.85099
2.57357
2.31186
2.06477
1.8365
1.62179
1.4206
1.23447
1.05774
0.892465
0.739019
0.590283
0.449716
0.318041
0.188613
0.0631871
28.1237
27.9693
27.7932
27.596
27.3747
27.1335
26.87
26.5881
26.2886
25.9723
25.6423
25.2971
24.9413
24.5759
24.2047
23.8294
23.4496
23.0675
22.6811
22.293
21.9025
21.5088
21.1135
20.7135
20.3102
19.9023
19.4883
19.0698
18.6445
18.2141
17.7792
17.3386
16.8943
16.4446
15.9901
15.5322
15.0698
14.6043
14.1356
13.663
13.1884
12.7112
12.2313
11.7516
11.2697
10.7879
10.3085
9.82812
9.35159
8.87971
8.41014
7.94828
7.49256
7.04407
6.60675
6.17741
5.76019
5.3564
4.96417
4.58812
4.22634
3.87856
3.54992
3.23647
2.93689
2.65723
2.39346
2.1431
1.91047
1.6916
1.48487
1.29301
1.11086
0.938494
0.778287
0.623505
0.475426
0.335781
0.199378
0.0669498
27.9937
27.8381
27.6611
27.465
27.2455
27.0067
26.747
26.4686
26.1743
25.8629
25.5387
25.1998
24.8495
24.4899
24.1229
23.7523
23.3763
22.9975
22.6147
22.2286
21.8407
21.4488
21.055
20.6572
20.2554
19.85
19.4383
19.0221
18.5997
18.1716
17.7397
17.3019
16.8605
16.4141
15.9626
15.508
15.0489
14.5866
14.122
13.6532
13.1825
12.7101
12.2345
11.7593
11.2827
10.8057
10.3314
9.85661
9.3853
8.91891
8.45454
7.9976
7.54758
7.10387
6.67072
6.24592
5.8327
5.43286
5.04302
4.66868
4.30962
3.96308
3.63405
3.32055
3.02022
2.73821
2.47234
2.219
1.98202
1.759
1.5472
1.34994
1.16238
0.983244
0.816429
0.655788
0.500243
0.35286
0.210107
0.0707549
27.8673
27.7104
27.5327
27.3371
27.1197
26.8829
26.6269
26.3518
26.062
25.7555
25.4363
25.1035
24.7583
24.4043
24.0418
23.6752
23.3035
22.9276
22.5484
22.1647
21.7791
21.3896
20.9972
20.6016
20.2014
19.7982
19.3891
18.975
18.5555
18.1299
17.7006
17.2659
16.8271
16.3842
15.9357
15.4843
15.0287
14.5696
14.1088
13.6439
13.1771
12.7092
12.2379
11.7672
11.2958
10.8233
10.3539
9.8848
9.41841
8.95706
8.49801
8.04604
7.60111
7.16171
6.73292
6.31284
5.90309
5.50645
5.11933
4.747
4.39032
4.04473
3.71505
3.40182
3.10105
2.81657
2.54852
2.29233
2.05115
1.8242
1.60786
1.40507
1.21207
1.02687
0.853499
0.686881
0.524319
0.369724
0.220712
0.0743952
27.7445
27.5862
27.408
27.2124
26.9971
26.7621
26.5095
26.2377
25.9518
25.6501
25.3352
25.0081
24.668
24.3191
23.9613
23.5984
23.2308
22.8581
22.4821
22.1014
21.7179
21.331
20.9402
20.5466
20.1484
19.7469
19.3406
18.9287
18.5119
18.0889
17.6622
17.2305
16.7944
16.3547
15.9095
15.4611
15.0091
14.5533
14.0961
13.6352
13.1721
12.7085
12.2417
11.7752
11.3088
10.8408
10.3761
9.91255
9.45075
8.99438
8.5407
8.09328
7.65299
7.21797
6.79358
6.37791
5.97105
5.5774
5.19366
4.82315
4.46794
4.12339
3.79357
3.4805
3.17914
2.89234
2.62196
2.36309
2.11818
1.88743
1.66662
1.45814
1.26014
1.06953
0.889385
0.716762
0.547921
0.386426
0.230911
0.0778005
27.6252
27.4653
27.2867
27.091
26.8775
26.6444
26.3947
26.1263
25.8436
25.5465
25.2358
24.9138
24.5787
24.2345
23.8815
23.5221
23.1585
22.7891
22.4161
22.0385
21.6571
21.2728
20.884
20.4921
20.0962
19.6964
19.2926
18.8831
18.4689
18.0487
17.6243
17.1957
16.7623
16.3257
15.8839
15.4385
14.9902
14.5376
14.0838
13.627
13.1675
12.708
12.2458
11.7833
11.3217
10.8583
10.3981
9.93966
9.48242
9.03098
8.58241
8.13914
7.70345
7.27294
6.85249
6.44077
6.0368
5.64625
5.26596
4.89668
4.54244
4.19959
3.86992
3.55633
3.25434
2.9656
2.69278
2.43162
2.18323
1.94842
1.72323
1.50949
1.30691
1.11097
0.924021
0.745622
0.571081
0.402792
0.24058
0.0810144
27.5091
27.3477
27.1689
26.9728
26.7607
26.5297
26.2824
26.0175
25.7377
25.4448
25.1381
24.8206
24.4905
24.1505
23.8023
23.4466
23.0866
22.7206
22.3504
21.976
21.597
21.2151
20.8286
20.4384
20.0447
19.6467
19.2452
18.8383
18.4265
18.0092
17.5872
17.1615
16.7309
16.2972
15.8588
15.4165
14.9717
14.5226
14.0719
13.6192
13.1634
12.7077
12.2501
11.7915
11.3343
10.8758
10.4198
9.96612
9.51355
9.06675
8.62299
8.1838
7.75265
7.32652
6.90942
6.5015
6.10085
5.71307
5.33566
4.96758
4.61453
4.27352
3.94374
3.6292
3.32682
3.03648
2.76131
2.49794
2.24596
2.00708
1.77801
1.55954
1.35214
1.15086
0.957662
0.773629
0.593634
0.418704
0.249776
0.0840877
27.3961
27.2333
27.0542
26.858
26.6466
26.4178
26.1726
25.9111
25.6341
25.3449
25.0422
24.7287
24.4033
24.0675
23.7237
23.3718
23.0151
22.6527
22.2852
21.9139
21.5375
21.1579
20.7739
20.3855
19.9939
19.598
19.1985
18.7943
18.3848
17.9703
17.5509
17.1278
16.7002
16.2693
15.8343
15.3952
14.9536
14.5081
14.0606
13.6116
13.1596
12.7077
12.2544
11.7998
11.3469
10.8931
10.441
9.99202
9.54411
9.10153
8.66248
8.22739
7.80049
7.37856
6.96447
6.56039
6.16326
5.77755
5.40258
5.0364
4.68453
4.34471
4.01482
3.69951
3.39682
3.10513
2.82758
2.56173
2.30635
2.06384
1.83125
1.60806
1.39544
1.18938
0.990607
0.800741
0.615395
0.434116
0.258629
0.0870759
27.286
27.122
26.9426
26.7464
26.5355
26.3087
26.0656
25.807
25.533
25.2469
24.9481
24.6382
24.3173
23.9855
23.6457
23.2979
22.9443
22.5854
22.2207
21.8522
21.4787
21.1012
20.7198
20.3335
19.9438
19.5501
19.1526
18.7509
18.3439
17.9321
17.5153
17.0948
16.6702
16.242
15.8103
15.3744
14.9359
14.4941
14.0498
13.6044
13.1562
12.7078
12.2587
11.8082
11.3594
10.9101
10.462
10.0174
9.574
9.13535
8.70096
8.26993
7.84687
7.42898
7.01794
6.61751
6.22367
5.83965
5.46718
5.10337
4.75213
4.41296
4.08348
3.7676
3.46438
3.17139
2.89138
2.62307
2.36486
2.11891
1.88263
1.6547
1.43709
1.22686
1.02274
0.826856
0.63626
0.44905
0.267332
0.0900164
27.1787
27.0139
26.8339
26.638
26.4273
26.2021
25.9611
25.7051
25.4342
25.1508
24.8557
24.5494
24.2325
23.9047
23.5686
23.2247
22.8744
22.5187
22.157
21.7911
21.4205
21.0453
20.6663
20.2823
19.8946
19.503
19.1075
18.7081
18.3037
17.8945
17.4804
17.0625
16.6408
16.2154
15.7868
15.354
14.9188
14.4805
14.0395
13.5975
13.1532
12.7082
12.2631
11.8167
11.3717
10.9268
10.4826
10.0423
9.60316
9.16828
8.7384
8.31139
7.89176
7.47784
7.07004
6.67268
6.28187
5.8998
5.52977
5.16808
4.81716
4.47871
4.15001
3.83347
3.52938
3.2351
2.95287
2.68242
2.42158
2.17194
1.93188
1.69975
1.4776
1.26313
1.05377
0.852046
0.656259
0.463636
0.276003
0.0928593
27.0741
26.9088
26.7281
26.5326
26.3222
26.0982
25.8593
25.6057
25.3376
25.0569
24.7651
24.4622
24.149
23.8251
23.4925
23.1524
22.8053
22.4528
22.094
21.7306
21.3628
20.9901
20.6135
20.2319
19.8461
19.4567
19.0632
18.6661
18.2643
17.8576
17.4463
17.031
16.6119
16.1894
15.7637
15.3342
14.9021
14.4673
14.0296
13.591
13.1503
12.7087
12.2675
11.8251
11.3838
10.9432
10.503
10.0665
9.6316
9.2004
8.77474
8.35169
7.93521
7.52525
7.12072
6.72579
6.33805
5.95832
5.59017
5.23021
4.87998
4.54233
4.21423
3.89691
3.59181
3.29646
3.0124
2.73979
2.47614
2.22283
1.97935
1.74358
1.51685
1.29782
1.08373
0.876498
0.675529
0.477925
0.284534
0.095545
26.9722
26.8064
26.6254
26.43
26.2201
25.9968
25.7599
25.5085
25.2432
24.9652
24.6762
24.3767
24.0669
23.7466
23.4175
23.0808
22.7371
22.3876
22.0319
21.671
21.3057
20.9356
20.5614
20.1822
19.7985
19.4112
19.0199
18.6249
18.2255
17.8214
17.4128
17.0001
16.5838
16.1641
15.7412
15.3149
14.8859
14.4543
14.0202
13.5847
13.1476
12.7095
12.2719
11.8333
11.3957
10.9593
10.5229
10.0901
9.65935
9.23175
8.80992
8.39075
7.97741
7.57122
7.16975
6.77702
6.39247
6.01506
5.64819
5.28998
4.94091
4.60378
4.27592
3.95795
3.65197
3.35575
3.06988
2.79488
2.52854
2.27198
2.02533
1.78598
1.55454
1.33105
1.11278
0.900299
0.694164
0.491738
0.292761
0.0981296
26.8733
26.7067
26.5255
26.3302
26.1209
25.8983
25.663
25.4138
25.151
24.8756
24.5892
24.2928
23.9863
23.6695
23.3437
23.0103
22.6698
22.3233
21.9705
21.6122
21.2495
20.8819
20.51
20.1333
19.7518
19.3665
18.9774
18.5845
18.1876
17.786
17.3799
16.9699
16.5563
16.1393
15.7193
15.2961
14.8701
14.4418
14.011
13.5788
13.1451
12.7104
12.2763
11.8415
11.4075
10.975
10.5424
10.1131
9.68641
9.26231
8.84391
8.42863
8.01849
7.61556
7.21708
6.82674
6.44507
6.06969
5.70404
5.34771
4.99984
4.66284
4.33516
4.01687
3.71008
3.41288
3.12507
2.84777
2.57914
2.3196
2.06961
1.82662
1.59086
1.36315
1.14085
0.923412
0.712137
0.504895
0.30071
0.100711
26.7772
26.6097
26.4284
26.2332
26.0245
25.8025
25.5685
25.3215
25.061
24.7882
24.5043
24.2106
23.9073
23.5938
23.2712
22.9408
22.6035
22.26
21.9101
21.5544
21.194
20.8289
20.4595
20.0851
19.7059
19.3227
18.9357
18.545
18.1504
17.7512
17.3478
16.9404
16.5294
16.1152
15.698
15.2777
14.8547
14.4296
14.0021
13.5731
13.1429
12.7115
12.2807
11.8496
11.4191
10.9902
10.5615
10.1356
9.71271
9.29202
8.8768
8.46542
8.05834
7.65821
7.26292
6.87505
6.49562
6.12225
5.7581
5.40344
5.0565
4.71959
4.39226
4.07378
3.76606
3.46768
3.17807
2.89877
2.62804
2.3655
2.11199
1.86564
1.62611
1.39417
1.16776
0.945777
0.729436
0.517456
0.308484
0.103286
26.684
26.5154
26.334
26.1389
25.9307
25.7095
25.4765
25.2314
24.9732
24.7028
24.4213
24.1302
23.8298
23.5195
23.2
22.8726
22.5382
22.1977
21.8506
21.4975
21.1394
20.7768
20.4097
20.0378
19.6608
19.2798
18.8949
18.5063
18.114
17.7172
17.3164
16.9116
16.5032
16.0917
15.6772
15.2598
14.8398
14.4178
13.9935
13.5677
13.1408
12.7127
12.2851
11.8576
11.4304
11.0051
10.5801
10.1575
9.7382
9.3209
8.90876
8.50099
8.09681
7.69941
7.30736
6.92167
6.54415
6.17302
5.81041
5.45697
5.11087
4.77431
4.44736
4.12859
3.81978
3.52026
3.2292
2.94799
2.67502
2.40953
2.1527
1.90332
1.66025
1.42396
1.1935
0.967365
0.746172
0.529568
0.316035
0.10578
26.5936
26.4238
26.2422
26.0473
25.8397
25.6192
25.3871
25.1437
24.8876
24.6195
24.3404
24.0516
23.754
23.4467
23.1302
22.8056
22.474
22.1363
21.7921
21.4415
21.0859
20.7255
20.3608
19.9913
19.6166
19.2377
18.8549
18.4685
18.0784
17.684
17.2856
16.8834
16.4777
16.0688
15.657
15.2424
14.8253
14.4063
13.9851
13.5625
13.1389
12.714
12.2895
11.8654
11.4415
11.0196
10.5983
10.1788
9.76286
9.34899
8.9398
8.53523
8.134
7.73934
7.35017
6.96653
6.59098
6.22209
5.86078
5.5083
5.16321
4.82714
4.50034
4.18118
3.87135
3.57089
3.27854
2.99523
2.71997
2.45188
2.19204
1.93961
1.69301
1.4526
1.21821
0.988175
0.762439
0.541244
0.323233
0.108168
26.5059
26.3351
26.1531
25.9584
25.7512
25.5315
25.3003
25.0583
24.8042
24.5383
24.2615
23.9749
23.6798
23.3754
23.0618
22.74
22.411
22.076
21.7346
21.3866
21.0333
20.6751
20.3127
19.9457
19.5733
19.1966
18.8159
18.4315
18.0437
17.6517
17.2556
16.8559
16.4528
16.0465
15.6374
15.2255
14.8112
14.3951
13.9771
13.5575
13.137
12.7153
12.2938
11.873
11.4524
11.0336
10.6159
10.1996
9.78675
9.37625
8.96983
8.5682
8.17004
7.77791
7.39126
7.00983
6.63628
6.2693
5.90914
5.55765
5.21369
4.87798
4.5511
4.23166
3.92102
3.61965
3.3259
3.04043
2.76309
2.49276
2.23002
1.97432
1.72435
1.48027
1.24201
1.00816
0.778182
0.552441
0.330065
0.110476
26.4209
26.2491
26.0666
25.8721
25.6654
25.4465
25.216
24.9752
24.723
24.4593
24.1847
23.9002
23.6074
23.3057
22.9948
22.6758
22.3493
22.0168
21.6781
21.3328
20.9819
20.6259
20.2656
19.9009
19.5309
19.1563
18.7777
18.3954
18.0098
17.6201
17.2263
16.8291
16.4285
16.0248
15.6183
15.2091
14.7976
14.3843
13.9693
13.5527
13.1352
12.7167
12.2982
11.8805
11.463
11.0473
10.6329
10.2198
9.80989
9.4026
8.99885
8.60007
8.20488
7.815
7.43078
7.05169
6.67991
6.31457
5.95565
5.60522
5.26223
4.9267
4.59973
4.28023
3.96891
3.66641
3.37116
3.08385
2.80463
2.53208
2.26642
2.00748
1.75448
1.50705
1.26488
1.02725
0.793315
0.563225
0.336611
0.112697
26.3384
26.1659
25.9828
25.7884
25.5822
25.364
25.1344
24.8946
24.6441
24.3823
24.1099
23.8275
23.5367
23.2376
22.9294
22.613
22.289
21.9588
21.6228
21.28
20.9314
20.5777
20.2194
19.8571
19.4894
19.117
18.7405
18.3602
17.9767
17.5893
17.1979
16.803
16.4048
16.0037
15.5998
15.1932
14.7844
14.3738
13.9617
13.548
13.1335
12.7181
12.3025
11.8877
11.4734
11.0606
10.6494
10.2393
9.8323
9.42803
9.02694
8.63086
8.23839
7.85071
7.46888
7.092
6.72178
6.35804
6.00048
5.65098
5.30868
4.97339
4.64647
4.32697
4.01487
3.71105
3.41456
3.12572
2.84452
2.56964
2.30123
2.03941
1.78352
1.53277
1.28679
1.04547
0.80785
0.573692
0.342899
0.114793
26.2585
26.0853
25.9017
25.7073
25.5015
25.2841
25.0553
24.8164
24.5674
24.3076
24.0372
23.7568
23.468
23.1712
22.8655
22.5517
22.2301
21.9022
21.5686
21.2284
20.8822
20.5306
20.1743
19.8141
19.4488
19.0786
18.7042
18.3259
17.9445
17.5594
17.1702
16.7776
16.3818
15.9832
15.5818
15.1778
14.7716
14.3637
13.9543
13.5435
13.1319
12.7195
12.3068
11.8948
11.4835
11.0735
10.6652
10.2582
9.85397
9.45254
9.05412
8.66053
8.2706
7.88515
7.50555
7.13069
6.76198
6.39984
6.04362
5.69481
5.35313
5.01827
4.69142
4.37172
4.05878
3.75384
3.45635
3.16592
2.8826
2.60548
2.33469
2.07025
1.81129
1.55727
1.30787
1.06296
0.821812
0.583806
0.348901
0.116766
26.1812
26.0074
25.8232
25.6287
25.4234
25.2067
24.9788
24.7407
24.493
24.2349
23.9665
23.6881
23.4011
23.1065
22.8033
22.4919
22.1727
21.8469
21.5156
21.1779
20.834
20.4846
20.1303
19.7721
19.4092
19.0411
18.6688
18.2925
17.9131
17.5303
17.1433
16.753
16.3595
15.9632
15.5644
15.163
14.7592
14.3539
13.9472
13.5392
13.1304
12.7208
12.3109
11.9017
11.4932
11.0859
10.6806
10.2765
9.87486
9.47618
9.08037
8.68905
8.30158
7.91833
7.54072
7.16778
6.80062
6.44
6.08498
5.73678
5.39576
5.0614
4.73446
4.41439
4.10084
3.79505
3.4964
3.20424
2.91895
2.63988
2.36691
2.0998
1.83771
1.5807
1.32821
1.07978
0.835132
0.593458
0.354657
0.118672
26.1064
25.9322
25.7475
25.5528
25.3477
25.1318
24.9048
24.6675
24.421
24.1644
23.8979
23.6215
23.3363
23.0436
22.7426
22.4336
22.1169
21.7931
21.4639
21.1286
20.787
20.4399
20.0875
19.7312
19.3705
19.0046
18.6344
18.2601
17.8826
17.5019
17.1172
16.7291
16.3379
15.9438
15.5475
15.1486
14.7473
14.3445
13.9402
13.535
13.1289
12.7221
12.315
11.9084
11.5027
11.098
10.6954
10.2941
9.895
9.49898
9.10563
8.71646
8.33137
7.95021
7.57442
7.20336
6.83774
6.47847
6.12454
5.77705
5.43668
5.10265
4.77552
4.45518
4.14126
3.83456
3.53454
3.24079
2.95386
2.67295
2.39765
2.12788
1.86302
1.60324
1.34774
1.09588
0.847761
0.602659
0.360259
0.120529
26.0342
25.8595
25.6745
25.4796
25.2747
25.0594
24.8332
24.5968
24.3513
24.0962
23.8314
23.5569
23.2735
22.9825
22.6837
22.3769
22.0625
21.7408
21.4136
21.0806
20.7412
20.3963
20.0459
19.6914
19.3328
18.9691
18.601
18.2287
17.853
17.4744
17.0919
16.7059
16.3169
15.9251
15.5311
15.1346
14.7358
14.3354
13.9336
13.5309
13.1275
12.7233
12.3189
11.9149
11.5118
11.1098
10.7096
10.3109
9.9144
9.52086
9.12986
8.74282
8.35997
7.98077
7.60672
7.23748
6.87331
6.51524
6.16241
5.81569
5.47582
5.14198
4.81476
4.49432
4.17994
3.87217
3.57091
3.27585
2.98734
2.7045
2.42682
2.15469
1.88746
1.6248
1.3663
1.11127
0.859806
0.6115
0.365692
0.122299
25.9644
25.7894
25.6041
25.409
25.2042
24.9895
24.7642
24.5287
24.284
24.0302
23.7671
23.4944
23.2127
22.9234
22.6265
22.3219
22.0097
21.6901
21.3648
21.0338
20.6967
20.3539
20.0055
19.6527
19.2961
18.9346
18.5685
18.1982
17.8243
17.4477
17.0674
16.6835
16.2967
15.907
15.5152
15.1212
14.7247
14.3266
13.9273
13.527
13.1261
12.7246
12.3226
11.9212
11.5206
11.1211
10.7233
10.3272
9.93305
9.54181
9.15313
8.76818
8.38736
8.01005
7.63767
7.27013
6.90731
6.55037
6.19866
5.85265
5.51315
5.17952
4.85233
4.53172
4.21675
3.908
3.60576
3.30944
3.01923
2.73446
2.45465
2.18046
1.91085
1.64526
1.38393
1.12603
0.871405
0.619954
0.370839
0.123971
25.8971
25.7218
25.5363
25.3411
25.1363
24.922
24.6977
24.463
24.2192
23.9665
23.7048
23.434
23.154
22.8663
22.5712
22.2685
21.9585
21.641
21.3174
20.9884
20.6534
20.3127
19.9664
19.6153
19.2606
18.901
18.537
18.1688
17.7966
17.4218
17.0437
16.6619
16.2772
15.8895
15.4998
15.1082
14.714
14.3182
13.9212
13.5232
13.1248
12.7257
12.3263
11.9273
11.529
11.1319
10.7365
10.3428
9.9509
9.56186
9.17547
8.79247
8.41354
8.03809
7.66729
7.30131
6.93977
6.58393
6.2333
5.88789
5.54875
5.21542
4.88819
4.5673
4.25176
3.94224
3.6391
3.34142
3.04946
2.76301
2.4814
2.20503
1.93297
1.66474
1.40079
1.14019
0.88253
0.627914
0.375676
0.12559
25.8325
25.6568
25.4712
25.2759
25.0711
24.8571
24.6335
24.3998
24.1568
23.9052
23.6448
23.3756
23.0973
22.8111
22.5178
22.2169
21.9089
21.5935
21.2717
20.9445
20.6114
20.2728
19.9285
19.5792
19.2261
18.8686
18.5065
18.1403
17.77
17.3969
17.0207
16.641
16.2584
15.8728
15.485
15.0956
14.7037
14.3102
13.9153
13.5195
13.1234
12.7268
12.3298
11.9331
11.5372
11.1423
10.7492
10.3577
9.96799
9.58106
9.19683
8.81569
8.43856
8.0649
7.69556
7.33102
6.97076
6.61595
6.26629
5.92146
5.58272
5.24967
4.9223
4.60108
4.28516
3.97493
3.67079
3.37175
3.07824
2.79033
2.50694
2.22821
1.95394
1.68346
1.41691
1.15365
0.89308
0.635423
0.380293
0.127167
25.7704
25.5943
25.4086
25.2133
25.0086
24.7948
24.5719
24.3391
24.097
23.8463
23.5871
23.3194
23.0428
22.7581
22.4663
22.1671
21.861
21.5476
21.2275
20.9021
20.5709
20.2342
19.8919
19.5444
19.1929
18.8372
18.477
18.1128
17.7443
17.3728
16.9986
16.6209
16.2402
15.8567
15.4708
15.0834
14.6938
14.3024
13.9098
13.516
13.1221
12.7279
12.3332
11.9387
11.545
11.1523
10.7613
10.372
9.98436
9.59941
9.21717
8.83785
8.46246
8.09047
7.72249
7.35931
7.00031
6.64643
6.29764
5.95344
5.61506
5.28225
4.9547
4.63319
4.31699
4.006
3.70077
3.40061
3.10574
2.81633
2.53107
2.25016
1.97398
1.70136
1.43218
1.16635
0.903097
0.642636
0.384714
0.128647
25.7111
25.5345
25.3486
25.1533
24.9487
24.7351
24.5127
24.2808
24.0396
23.7898
23.5317
23.2653
22.9903
22.7071
22.4167
22.1192
21.8148
21.5034
21.185
20.8613
20.5318
20.1969
19.8566
19.5108
19.1609
18.807
18.4486
18.0863
17.7197
17.3498
16.9773
16.6015
16.2228
15.8412
15.4572
15.0717
14.6843
14.295
13.9045
13.5128
13.1208
12.7288
12.3364
11.944
11.5524
11.1618
10.7728
10.3856
10
9.6169
9.23652
8.85898
8.4852
8.11482
7.74814
7.38621
7.02843
6.67537
6.32741
5.98387
5.64576
5.31315
4.98548
4.66369
4.3472
4.0354
3.72917
3.42812
3.1319
2.84082
2.55388
2.27116
1.99305
1.71826
1.44662
1.17836
0.912696
0.649572
0.388853
0.130005
25.6544
25.4772
25.2912
25.096
24.8915
24.6781
24.4561
24.225
23.9847
23.7358
23.4786
23.2135
22.94
22.6582
22.3692
22.0732
21.7705
21.4608
21.1442
20.822
20.4943
20.161
19.8226
19.4786
19.1302
18.7779
18.4213
18.0607
17.696
17.3277
16.9569
16.5829
16.206
15.8265
15.4442
15.0605
14.6751
14.2878
13.8994
13.5097
13.1196
12.7297
12.3394
11.9491
11.5595
11.1708
10.7838
10.3986
10.0149
9.63352
9.25492
8.87906
8.50678
8.13796
7.77254
7.41172
7.05508
6.7028
6.35563
6.01275
5.67483
5.34239
5.01472
4.69261
4.37572
4.06322
3.75614
3.45421
3.15662
2.8639
2.57557
2.29118
2.01098
1.73415
1.46035
1.18981
0.921847
0.656117
0.392702
0.131287
25.6003
25.4227
25.2365
25.0413
24.837
24.6238
24.4021
24.1717
23.9322
23.6842
23.4279
23.1639
22.8918
22.6114
22.3238
22.0292
21.7279
21.42
21.1051
20.7844
20.4583
20.1266
19.7899
19.4477
19.1008
18.7501
18.3951
18.0362
17.6733
17.3066
16.9373
16.5651
16.19
15.8123
15.4319
15.0498
14.6663
14.281
13.8945
13.5068
13.1185
12.7305
12.3422
11.954
11.5663
11.1795
10.7942
10.4109
10.0291
9.64932
9.27237
8.89807
8.52722
8.15989
7.7957
7.43586
7.08027
6.72879
6.38231
6.04006
5.70232
5.37003
5.04244
4.71992
4.40258
4.0896
3.78168
3.47875
3.17992
2.88578
2.59616
2.31005
2.0278
1.74918
1.47342
1.20065
0.930423
0.662251
0.396368
0.132523
25.5489
25.3709
25.1844
24.9892
24.7851
24.5722
24.3507
24.1209
23.8823
23.6351
23.3797
23.1166
22.8458
22.5669
22.2805
21.9873
21.6873
21.381
21.0677
20.7485
20.4239
20.0937
19.7586
19.4181
19.0728
18.7236
18.3701
18.0127
17.6516
17.2866
16.9187
16.5481
16.1746
15.7988
15.4202
15.0396
14.6579
14.2745
13.8898
13.5041
13.1175
12.7312
12.3449
11.9585
11.5728
11.1877
10.8041
10.4225
10.0424
9.66431
9.28887
8.91606
8.54654
8.18058
7.81761
7.45866
7.10404
6.75336
6.40745
6.06581
5.7283
5.39608
5.06857
4.74563
4.4279
4.11454
3.80569
3.50177
3.20195
2.90653
2.61547
2.32771
2.04371
1.76342
1.48576
1.21082
0.938418
0.668083
0.399908
0.133687
25.5002
25.3218
25.135
24.9398
24.7359
24.5232
24.3021
24.0727
23.8348
23.5885
23.334
23.0718
22.8021
22.5245
22.2394
21.9474
21.6487
21.3438
21.0321
20.7143
20.3911
20.0625
19.7288
19.3899
19.0461
18.6983
18.3463
17.9904
17.6309
17.2675
16.9011
16.532
16.1601
15.7859
15.4091
15.0301
14.65
14.2683
13.8853
13.5015
13.1166
12.7318
12.3474
11.9628
11.5788
11.1955
10.8134
10.4334
10.055
9.67846
9.30443
8.93304
8.56473
8.20002
7.83828
7.48017
7.12641
6.7765
6.43107
6.09002
5.75279
5.42057
5.09307
4.76986
4.45175
4.13794
3.82821
3.5234
3.22276
2.92604
2.63347
2.34436
2.0588
1.77675
1.49729
1.22034
0.945957
0.673654
0.403254
0.134754
25.4541
25.2755
25.0884
24.8931
24.6893
24.477
24.2561
24.0272
23.79
23.5445
23.2908
23.0294
22.7606
22.4843
22.2004
21.9096
21.6121
21.3085
20.9984
20.6819
20.3601
20.0328
19.7005
19.3632
19.0208
18.6743
18.3238
17.9693
17.6113
17.2494
16.8844
16.5168
16.1463
15.7736
15.3985
15.0211
14.6424
14.2624
13.8811
13.499
13.1157
12.7325
12.3497
11.9668
11.5845
11.2029
10.8222
10.4436
10.0669
9.69177
9.31909
8.94899
8.58181
8.21824
7.85769
7.50041
7.14739
6.7982
6.45323
6.11268
5.7758
5.4435
5.11599
4.79265
4.47407
4.15978
3.84937
3.54371
3.24222
2.94424
2.65032
2.36006
2.07295
1.78914
1.50804
1.22931
0.953103
0.678867
0.406343
0.135751
25.4108
25.2319
25.0447
24.8492
24.6455
24.4335
24.213
23.9843
23.7477
23.5029
23.2501
22.9895
22.7216
22.4463
22.1636
21.874
21.5776
21.2752
20.9664
20.6513
20.3307
20.0047
19.6737
19.3378
18.9969
18.6517
18.3025
17.9493
17.5927
17.2323
16.8687
16.5024
16.1334
15.762
15.3885
15.0126
14.6354
14.2568
13.877
13.4965
13.115
12.7332
12.3518
11.9705
11.5898
11.2097
10.8305
10.4532
10.0779
9.70422
9.33283
8.96392
8.5978
8.23526
7.8758
7.51939
7.16701
6.81847
6.47394
6.13381
5.7973
5.46493
5.13739
4.81395
4.49485
4.18014
3.86921
3.56266
3.26025
2.96123
2.66617
2.37471
2.08606
1.80067
1.51809
1.23777
0.959765
0.683639
0.409231
0.13672
25.3701
25.191
25.0037
24.8082
24.6045
24.3927
24.1725
23.9442
23.7081
23.464
23.2119
22.9521
22.685
22.4107
22.1291
21.8405
21.5453
21.2439
20.9364
20.6226
20.3032
19.9784
19.6486
19.314
18.9744
18.6304
18.2825
17.9306
17.5752
17.2162
16.8539
16.4889
16.1212
15.7512
15.3791
15.0047
14.6288
14.2516
13.8732
13.4942
13.1143
12.7338
12.3538
11.974
11.5947
11.2161
10.8383
10.4622
10.0882
9.71582
9.34561
8.97784
8.61275
8.25108
7.89262
7.53708
7.18527
6.83732
6.49321
6.1534
5.81727
5.48494
5.15728
4.83368
4.51418
4.19908
3.88766
3.58022
3.27692
2.97711
2.68095
2.38819
2.09824
1.81144
1.52747
1.24564
0.965863
0.688041
0.411993
0.137648
25.3323
25.153
24.9655
24.77
24.5663
24.3547
24.1349
23.9069
23.6712
23.4276
23.1763
22.9173
22.6509
22.3775
22.0969
21.8093
21.5151
21.2147
20.9083
20.5958
20.2774
19.9538
19.6251
19.2917
18.9534
18.6105
18.2638
17.9131
17.5589
17.2012
16.8401
16.4764
16.1099
15.7411
15.3703
14.9973
14.6226
14.2468
13.8697
13.492
13.1136
12.7345
12.3556
11.9772
11.5992
11.2221
10.8456
10.4705
10.0976
9.72655
9.35745
8.99075
8.62662
8.26572
7.90815
7.55346
7.2022
6.85476
6.51105
6.1715
5.83571
5.5035
5.17564
4.85188
4.5321
4.21658
3.90468
3.59645
3.29235
2.99182
2.69455
2.4006
2.10958
1.82144
1.53609
1.25283
0.971483
0.692185
0.414579
0.138483
25.2974
25.1178
24.9302
24.7346
24.531
24.3195
24.1
23.8724
23.6371
23.394
23.1434
22.8851
22.6193
22.3467
22.067
21.7804
21.4872
21.1876
20.8823
20.5708
20.2536
19.931
19.6034
19.271
18.9339
18.5921
18.2465
17.8969
17.5437
17.1872
16.8274
16.4647
16.0995
15.7317
15.3621
14.9905
14.617
14.2423
13.8665
13.4899
13.1129
12.7351
12.3574
11.9801
11.6034
11.2275
10.8523
10.4783
10.1064
9.73639
9.36835
9.00266
8.63941
8.27921
7.92239
7.56851
7.21782
6.87082
6.52748
6.18812
5.85264
5.5206
5.19252
4.8686
4.54859
4.23261
3.9203
3.61144
3.30655
3.00525
2.70701
2.41207
2.12003
1.83063
1.54394
1.2594
0.976755
0.69604
0.416878
0.139223
25.2653
25.0855
24.8978
24.7022
24.4987
24.2872
24.068
23.8408
23.6058
23.3632
23.113
22.8554
22.5904
22.3184
22.0395
21.7538
21.4615
21.1628
20.8583
20.5479
20.2316
19.9101
19.5834
19.252
18.916
18.5752
18.2305
17.882
17.5298
17.1744
16.8156
16.454
16.0899
15.7232
15.3546
14.9841
14.6118
14.2382
13.8636
13.488
13.1122
12.7357
12.359
11.9828
11.6072
11.2323
10.8584
10.4854
10.1144
9.74536
9.37831
9.01352
8.65112
8.29157
7.93535
7.58222
7.2321
6.88549
6.54248
6.20328
5.86804
5.53618
5.20793
4.88385
4.56361
4.24721
3.93454
3.62515
3.31946
3.01741
2.71843
2.42257
2.12951
1.83897
1.55106
1.26542
0.981634
0.699491
0.418909
0.139913
25.2361
25.0561
24.8683
24.6727
24.4693
24.2579
24.0389
23.812
23.5773
23.3351
23.0855
22.8284
22.5641
22.2927
22.0145
21.7296
21.4381
21.1402
20.8364
20.5269
20.2116
19.891
19.5652
19.2346
18.8996
18.5598
18.216
17.8684
17.5172
17.1627
16.8049
16.4442
16.0811
15.7154
15.3478
14.9783
14.607
14.2345
13.8609
13.4863
13.1115
12.7361
12.3605
11.9853
11.6106
11.2367
10.8639
10.4919
10.1216
9.75348
9.38729
9.02333
8.66173
8.30276
7.94708
7.59461
7.24502
6.89877
6.55605
6.21701
5.88193
5.55023
5.22191
4.89763
4.57716
4.26042
3.94738
3.63753
3.33112
3.02839
2.72877
2.43203
2.13803
1.84652
1.55754
1.2709
0.985965
0.702549
0.420788
0.140563
25.21
25.0298
24.8419
24.6463
24.4429
24.2316
24.0127
23.7861
23.5518
23.31
23.0607
22.8042
22.5404
22.2696
21.992
21.7077
21.417
21.1199
20.8168
20.5081
20.1936
19.8738
19.5488
19.219
18.8848
18.5459
18.203
17.8562
17.5058
17.1522
16.7953
16.4354
16.0732
15.7085
15.3416
14.9731
14.6028
14.2312
13.8585
13.4848
13.1109
12.7365
12.3618
11.9875
11.6137
11.2407
10.8688
10.4977
10.1281
9.76074
9.3953
9.0321
8.67122
8.31278
7.95759
7.60565
7.25654
6.91067
6.56818
6.22929
5.89431
5.56274
5.23444
4.90995
4.58925
4.27223
3.95882
3.64856
3.34158
3.03822
2.73797
2.44044
2.14565
1.8533
1.56338
1.27574
0.989734
0.705335
0.422536
0.141132
25.1868
25.0065
24.8185
24.6228
24.4195
24.2084
23.9896
23.7632
23.5292
23.2877
23.0388
22.7827
22.5195
22.2492
21.9721
21.6884
21.3983
21.1019
20.7995
20.4914
20.1777
19.8586
19.5343
19.2052
18.8717
18.5337
18.1914
17.8454
17.4957
17.1428
16.7868
16.4277
16.0662
15.7023
15.3363
14.9685
14.599
14.2282
13.8564
13.4835
13.1103
12.7368
12.363
11.9895
11.6164
11.2441
10.873
10.5028
10.1339
9.76714
9.40233
9.03981
8.67956
8.32164
7.96689
7.61534
7.26667
6.92114
6.57887
6.24013
5.90521
5.57372
5.24546
4.92082
4.59991
4.28261
3.96885
3.65824
3.35082
3.04688
2.74599
2.44783
2.15238
1.85928
1.5685
1.27991
0.993071
0.707855
0.424051
0.141605
25.1668
24.9863
24.7983
24.6026
24.3993
24.1882
23.9696
23.7434
23.5096
23.2684
23.0199
22.7641
22.5013
22.2314
21.9548
21.6717
21.3821
21.0863
20.7845
20.4769
20.1638
19.8454
19.5217
19.1932
18.8603
18.523
18.1814
17.836
17.487
17.1347
16.7794
16.421
16.0601
15.6969
15.3316
14.9645
14.5957
14.2256
13.8545
13.4824
13.1098
12.7371
12.3641
11.9912
11.6188
11.2471
10.8767
10.5072
10.139
9.77268
9.40842
9.04646
8.68674
8.32934
7.97493
7.62369
7.27539
6.93016
6.58812
6.24952
5.91462
5.58316
5.25494
4.93023
4.60911
4.29155
3.97748
3.66658
3.35884
3.05434
2.75287
2.45423
2.15818
1.86444
1.5729
1.28352
0.996009
0.709999
0.425292
0.142016
25.1499
24.9694
24.7812
24.5855
24.3822
24.1713
23.9527
23.7267
23.4931
23.2522
23.0039
22.7484
22.486
22.2165
21.9403
21.6576
21.3684
21.0732
20.7718
20.4647
20.1521
19.8342
19.5111
19.1832
18.8507
18.5139
18.1729
17.8281
17.4796
17.1279
16.7731
16.4153
16.055
15.6924
15.3276
14.9611
14.5929
14.2235
13.853
13.4815
13.1095
12.7372
12.3649
11.9927
11.6208
11.2497
10.8797
10.5109
10.1432
9.77737
9.41356
9.05201
8.69275
8.33582
7.98172
7.6307
7.28268
6.93773
6.59591
6.25744
5.92253
5.59104
5.26289
4.93816
4.61685
4.29906
3.9847
3.67357
3.36557
3.06061
2.75867
2.45959
2.16302
1.86875
1.57662
1.28659
0.998443
0.711724
0.426341
0.142389
25.1363
24.9556
24.7674
24.5717
24.3684
24.1575
23.9391
23.7131
23.4798
23.239
22.991
22.7357
22.4735
22.2044
21.9286
21.6462
21.3574
21.0625
20.7615
20.4548
20.1426
19.8251
19.5025
19.175
18.8429
18.5066
18.1661
17.8217
17.4737
17.1224
16.768
16.4107
16.0508
15.6887
15.3244
14.9584
14.5907
14.2217
13.8517
13.4807
13.1092
12.7374
12.3656
11.9938
11.6225
11.2518
10.8822
10.5138
10.1467
9.78119
9.41772
9.05648
8.69757
8.34107
7.98724
7.63636
7.28854
6.94383
6.60222
6.26386
5.9289
5.59738
5.26931
4.94455
4.62311
4.30512
3.99052
3.67921
3.37099
3.06569
2.76337
2.46387
2.16689
1.87223
1.57967
1.28909
1.00031
0.713085
0.427254
0.142708
25.1259
24.9452
24.757
24.5612
24.3579
24.1471
23.9287
23.7029
23.4696
23.229
22.9811
22.7261
22.4641
22.1952
21.9196
21.6375
21.349
21.0544
20.7537
20.4473
20.1354
19.8182
19.496
19.1688
18.8371
18.501
18.1609
17.8168
17.4692
17.1181
16.7641
16.4073
16.0477
15.6859
15.322
14.9563
14.589
14.2204
13.8507
13.4802
13.109
12.7375
12.366
11.9947
11.6237
11.2534
10.884
10.516
10.1493
9.78411
9.42089
9.05984
8.7012
8.34506
7.99144
7.64065
7.29298
6.94843
6.60701
6.26874
5.93371
5.60218
5.27416
4.94938
4.62787
4.30972
3.9949
3.68346
3.37508
3.06957
2.76693
2.46707
2.16981
1.87488
1.58199
1.29097
1.00169
0.714121
0.427965
0.142949
25.1189
24.9381
24.7499
24.5542
24.3508
24.1401
23.9218
23.6959
23.4628
23.2223
22.9745
22.7197
22.4577
22.189
21.9136
21.6316
21.3433
21.0489
20.7484
20.4423
20.1306
19.8136
19.4915
19.1647
18.8331
18.4973
18.1573
17.8135
17.4661
17.1153
16.7615
16.4049
16.0456
15.684
15.3204
14.9549
14.5879
14.2195
13.85
13.4798
13.1088
12.7376
12.3664
11.9952
11.6246
11.2545
10.8853
10.5174
10.151
9.78607
9.42305
9.0621
8.70362
8.34776
7.99428
7.64354
7.29598
6.95151
6.61024
6.27205
5.93694
5.60542
5.27743
4.95264
4.6311
4.31281
3.99785
3.68633
3.37784
3.07217
2.76933
2.46924
2.17177
1.87667
1.58354
1.29221
1.00266
0.714819
0.42839
0.143103
25.1154
24.9346
24.7463
24.5506
24.3472
24.1365
23.9182
23.6924
23.4593
23.2188
22.9711
22.7164
22.4545
22.1859
21.9106
21.6286
21.3405
21.0461
20.7458
20.4397
20.1281
19.8112
19.4893
19.1625
18.8311
18.4953
18.1555
17.8119
17.4646
17.1139
16.7602
16.4037
16.0445
15.6831
15.3195
14.9541
14.5873
14.219
13.8496
13.4796
13.1088
12.7377
12.3665
11.9955
11.625
11.2551
10.8859
10.5182
10.1519
9.78707
9.42415
9.06324
8.70483
8.34915
7.99572
7.64501
7.29749
6.95306
6.61189
6.27372
5.93857
5.60706
5.27907
4.95429
4.63274
4.31437
3.99933
3.68778
3.37925
3.07348
2.77054
2.47035
2.17276
1.87757
1.5843
1.29282
1.0032
0.715164
0.428555
0.143176
)
;

boundaryField
{
    top
    {
        type            symmetryPlane;
    }
    bottom
    {
        type            symmetryPlane;
    }
    plate
    {
        type            zeroGradient;
    }
    left
    {
        type            zeroGradient;
    }
    right
    {
        type            fixedValue;
        value           uniform 0;
    }
    frontAndBack
    {
        type            empty;
    }
}


// ************************************************************************* //
