/*--------------------------------*- C++ -*----------------------------------*\
| =========                 |                                                 |
| \\      /  F ield         | OpenFOAM: The Open Source CFD Toolbox           |
|  \\    /   O peration     | Version:  v2012                                 |
|   \\  /    A nd           | Website:  www.openfoam.com                      |
|    \\/     M anipulation  |                                                 |
\*---------------------------------------------------------------------------*/
FoamFile
{
    version     2.0;
    format      ascii;
    class       labelList;
    note        "nPoints:5002  nCells:2400  nFaces:9700  nInternalFaces:4700";
    location    "constant/polyMesh";
    object      neighbour;
}
// * * * * * * * * * * * * * * * * * * * * * * * * * * * * * * * * * * * * * //


4700
(
1
20
2
21
3
22
4
23
5
24
6
25
7
26
8
27
9
28
10
29
11
30
12
31
13
32
14
33
15
34
16
35
17
36
18
37
19
38
39
800
21
40
22
41
23
42
24
43
25
44
26
45
27
46
28
47
29
48
30
49
31
50
32
51
33
52
34
53
35
54
36
55
37
56
38
57
39
58
59
840
41
60
42
61
43
62
44
63
45
64
46
65
47
66
48
67
49
68
50
69
51
70
52
71
53
72
54
73
55
74
56
75
57
76
58
77
59
78
79
880
61
80
62
81
63
82
64
83
65
84
66
85
67
86
68
87
69
88
70
89
71
90
72
91
73
92
74
93
75
94
76
95
77
96
78
97
79
98
99
920
81
100
82
101
83
102
84
103
85
104
86
105
87
106
88
107
89
108
90
109
91
110
92
111
93
112
94
113
95
114
96
115
97
116
98
117
99
118
119
960
101
120
102
121
103
122
104
123
105
124
106
125
107
126
108
127
109
128
110
129
111
130
112
131
113
132
114
133
115
134
116
135
117
136
118
137
119
138
139
1000
121
140
122
141
123
142
124
143
125
144
126
145
127
146
128
147
129
148
130
149
131
150
132
151
133
152
134
153
135
154
136
155
137
156
138
157
139
158
159
1040
141
160
142
161
143
162
144
163
145
164
146
165
147
166
148
167
149
168
150
169
151
170
152
171
153
172
154
173
155
174
156
175
157
176
158
177
159
178
179
1080
161
180
162
181
163
182
164
183
165
184
166
185
167
186
168
187
169
188
170
189
171
190
172
191
173
192
174
193
175
194
176
195
177
196
178
197
179
198
199
1120
181
200
182
201
183
202
184
203
185
204
186
205
187
206
188
207
189
208
190
209
191
210
192
211
193
212
194
213
195
214
196
215
197
216
198
217
199
218
219
1160
201
220
202
221
203
222
204
223
205
224
206
225
207
226
208
227
209
228
210
229
211
230
212
231
213
232
214
233
215
234
216
235
217
236
218
237
219
238
239
1200
221
240
222
241
223
242
224
243
225
244
226
245
227
246
228
247
229
248
230
249
231
250
232
251
233
252
234
253
235
254
236
255
237
256
238
257
239
258
259
1240
241
260
242
261
243
262
244
263
245
264
246
265
247
266
248
267
249
268
250
269
251
270
252
271
253
272
254
273
255
274
256
275
257
276
258
277
259
278
279
1280
261
280
262
281
263
282
264
283
265
284
266
285
267
286
268
287
269
288
270
289
271
290
272
291
273
292
274
293
275
294
276
295
277
296
278
297
279
298
299
1320
281
300
282
301
283
302
284
303
285
304
286
305
287
306
288
307
289
308
290
309
291
310
292
311
293
312
294
313
295
314
296
315
297
316
298
317
299
318
319
1360
301
320
302
321
303
322
304
323
305
324
306
325
307
326
308
327
309
328
310
329
311
330
312
331
313
332
314
333
315
334
316
335
317
336
318
337
319
338
339
1400
321
340
322
341
323
342
324
343
325
344
326
345
327
346
328
347
329
348
330
349
331
350
332
351
333
352
334
353
335
354
336
355
337
356
338
357
339
358
359
1440
341
360
342
361
343
362
344
363
345
364
346
365
347
366
348
367
349
368
350
369
351
370
352
371
353
372
354
373
355
374
356
375
357
376
358
377
359
378
379
1480
361
380
362
381
363
382
364
383
365
384
366
385
367
386
368
387
369
388
370
389
371
390
372
391
373
392
374
393
375
394
376
395
377
396
378
397
379
398
399
1520
381
400
382
401
383
402
384
403
385
404
386
405
387
406
388
407
389
408
390
409
391
410
392
411
393
412
394
413
395
414
396
415
397
416
398
417
399
418
419
1560
401
420
402
421
403
422
404
423
405
424
406
425
407
426
408
427
409
428
410
429
411
430
412
431
413
432
414
433
415
434
416
435
417
436
418
437
419
438
439
1600
421
440
422
441
423
442
424
443
425
444
426
445
427
446
428
447
429
448
430
449
431
450
432
451
433
452
434
453
435
454
436
455
437
456
438
457
439
458
459
1640
441
460
442
461
443
462
444
463
445
464
446
465
447
466
448
467
449
468
450
469
451
470
452
471
453
472
454
473
455
474
456
475
457
476
458
477
459
478
479
1680
461
480
462
481
463
482
464
483
465
484
466
485
467
486
468
487
469
488
470
489
471
490
472
491
473
492
474
493
475
494
476
495
477
496
478
497
479
498
499
1720
481
500
482
501
483
502
484
503
485
504
486
505
487
506
488
507
489
508
490
509
491
510
492
511
493
512
494
513
495
514
496
515
497
516
498
517
499
518
519
1760
501
520
502
521
503
522
504
523
505
524
506
525
507
526
508
527
509
528
510
529
511
530
512
531
513
532
514
533
515
534
516
535
517
536
518
537
519
538
539
1800
521
540
522
541
523
542
524
543
525
544
526
545
527
546
528
547
529
548
530
549
531
550
532
551
533
552
534
553
535
554
536
555
537
556
538
557
539
558
559
1840
541
560
542
561
543
562
544
563
545
564
546
565
547
566
548
567
549
568
550
569
551
570
552
571
553
572
554
573
555
574
556
575
557
576
558
577
559
578
579
1880
561
580
562
581
563
582
564
583
565
584
566
585
567
586
568
587
569
588
570
589
571
590
572
591
573
592
574
593
575
594
576
595
577
596
578
597
579
598
599
1920
581
600
582
601
583
602
584
603
585
604
586
605
587
606
588
607
589
608
590
609
591
610
592
611
593
612
594
613
595
614
596
615
597
616
598
617
599
618
619
1960
601
620
602
621
603
622
604
623
605
624
606
625
607
626
608
627
609
628
610
629
611
630
612
631
613
632
614
633
615
634
616
635
617
636
618
637
619
638
639
2000
621
640
622
641
623
642
624
643
625
644
626
645
627
646
628
647
629
648
630
649
631
650
632
651
633
652
634
653
635
654
636
655
637
656
638
657
639
658
659
2040
641
660
642
661
643
662
644
663
645
664
646
665
647
666
648
667
649
668
650
669
651
670
652
671
653
672
654
673
655
674
656
675
657
676
658
677
659
678
679
2080
661
680
662
681
663
682
664
683
665
684
666
685
667
686
668
687
669
688
670
689
671
690
672
691
673
692
674
693
675
694
676
695
677
696
678
697
679
698
699
2120
681
700
682
701
683
702
684
703
685
704
686
705
687
706
688
707
689
708
690
709
691
710
692
711
693
712
694
713
695
714
696
715
697
716
698
717
699
718
719
2160
701
720
702
721
703
722
704
723
705
724
706
725
707
726
708
727
709
728
710
729
711
730
712
731
713
732
714
733
715
734
716
735
717
736
718
737
719
738
739
2200
721
740
722
741
723
742
724
743
725
744
726
745
727
746
728
747
729
748
730
749
731
750
732
751
733
752
734
753
735
754
736
755
737
756
738
757
739
758
759
2240
741
760
742
761
743
762
744
763
745
764
746
765
747
766
748
767
749
768
750
769
751
770
752
771
753
772
754
773
755
774
756
775
757
776
758
777
759
778
779
2280
761
780
762
781
763
782
764
783
765
784
766
785
767
786
768
787
769
788
770
789
771
790
772
791
773
792
774
793
775
794
776
795
777
796
778
797
779
798
799
2320
781
782
783
784
785
786
787
788
789
790
791
792
793
794
795
796
797
798
799
2360
801
840
802
841
803
842
804
843
805
844
806
845
807
846
808
847
809
848
810
849
811
850
812
851
813
852
814
853
815
854
816
855
817
856
818
857
819
858
820
859
821
860
822
861
823
862
824
863
825
864
826
865
827
866
828
867
829
868
830
869
831
870
832
871
833
872
834
873
835
874
836
875
837
876
838
877
839
878
879
841
880
842
881
843
882
844
883
845
884
846
885
847
886
848
887
849
888
850
889
851
890
852
891
853
892
854
893
855
894
856
895
857
896
858
897
859
898
860
899
861
900
862
901
863
902
864
903
865
904
866
905
867
906
868
907
869
908
870
909
871
910
872
911
873
912
874
913
875
914
876
915
877
916
878
917
879
918
919
881
920
882
921
883
922
884
923
885
924
886
925
887
926
888
927
889
928
890
929
891
930
892
931
893
932
894
933
895
934
896
935
897
936
898
937
899
938
900
939
901
940
902
941
903
942
904
943
905
944
906
945
907
946
908
947
909
948
910
949
911
950
912
951
913
952
914
953
915
954
916
955
917
956
918
957
919
958
959
921
960
922
961
923
962
924
963
925
964
926
965
927
966
928
967
929
968
930
969
931
970
932
971
933
972
934
973
935
974
936
975
937
976
938
977
939
978
940
979
941
980
942
981
943
982
944
983
945
984
946
985
947
986
948
987
949
988
950
989
951
990
952
991
953
992
954
993
955
994
956
995
957
996
958
997
959
998
999
961
1000
962
1001
963
1002
964
1003
965
1004
966
1005
967
1006
968
1007
969
1008
970
1009
971
1010
972
1011
973
1012
974
1013
975
1014
976
1015
977
1016
978
1017
979
1018
980
1019
981
1020
982
1021
983
1022
984
1023
985
1024
986
1025
987
1026
988
1027
989
1028
990
1029
991
1030
992
1031
993
1032
994
1033
995
1034
996
1035
997
1036
998
1037
999
1038
1039
1001
1040
1002
1041
1003
1042
1004
1043
1005
1044
1006
1045
1007
1046
1008
1047
1009
1048
1010
1049
1011
1050
1012
1051
1013
1052
1014
1053
1015
1054
1016
1055
1017
1056
1018
1057
1019
1058
1020
1059
1021
1060
1022
1061
1023
1062
1024
1063
1025
1064
1026
1065
1027
1066
1028
1067
1029
1068
1030
1069
1031
1070
1032
1071
1033
1072
1034
1073
1035
1074
1036
1075
1037
1076
1038
1077
1039
1078
1079
1041
1080
1042
1081
1043
1082
1044
1083
1045
1084
1046
1085
1047
1086
1048
1087
1049
1088
1050
1089
1051
1090
1052
1091
1053
1092
1054
1093
1055
1094
1056
1095
1057
1096
1058
1097
1059
1098
1060
1099
1061
1100
1062
1101
1063
1102
1064
1103
1065
1104
1066
1105
1067
1106
1068
1107
1069
1108
1070
1109
1071
1110
1072
1111
1073
1112
1074
1113
1075
1114
1076
1115
1077
1116
1078
1117
1079
1118
1119
1081
1120
1082
1121
1083
1122
1084
1123
1085
1124
1086
1125
1087
1126
1088
1127
1089
1128
1090
1129
1091
1130
1092
1131
1093
1132
1094
1133
1095
1134
1096
1135
1097
1136
1098
1137
1099
1138
1100
1139
1101
1140
1102
1141
1103
1142
1104
1143
1105
1144
1106
1145
1107
1146
1108
1147
1109
1148
1110
1149
1111
1150
1112
1151
1113
1152
1114
1153
1115
1154
1116
1155
1117
1156
1118
1157
1119
1158
1159
1121
1160
1122
1161
1123
1162
1124
1163
1125
1164
1126
1165
1127
1166
1128
1167
1129
1168
1130
1169
1131
1170
1132
1171
1133
1172
1134
1173
1135
1174
1136
1175
1137
1176
1138
1177
1139
1178
1140
1179
1141
1180
1142
1181
1143
1182
1144
1183
1145
1184
1146
1185
1147
1186
1148
1187
1149
1188
1150
1189
1151
1190
1152
1191
1153
1192
1154
1193
1155
1194
1156
1195
1157
1196
1158
1197
1159
1198
1199
1161
1200
1162
1201
1163
1202
1164
1203
1165
1204
1166
1205
1167
1206
1168
1207
1169
1208
1170
1209
1171
1210
1172
1211
1173
1212
1174
1213
1175
1214
1176
1215
1177
1216
1178
1217
1179
1218
1180
1219
1181
1220
1182
1221
1183
1222
1184
1223
1185
1224
1186
1225
1187
1226
1188
1227
1189
1228
1190
1229
1191
1230
1192
1231
1193
1232
1194
1233
1195
1234
1196
1235
1197
1236
1198
1237
1199
1238
1239
1201
1240
1202
1241
1203
1242
1204
1243
1205
1244
1206
1245
1207
1246
1208
1247
1209
1248
1210
1249
1211
1250
1212
1251
1213
1252
1214
1253
1215
1254
1216
1255
1217
1256
1218
1257
1219
1258
1220
1259
1221
1260
1222
1261
1223
1262
1224
1263
1225
1264
1226
1265
1227
1266
1228
1267
1229
1268
1230
1269
1231
1270
1232
1271
1233
1272
1234
1273
1235
1274
1236
1275
1237
1276
1238
1277
1239
1278
1279
1241
1280
1242
1281
1243
1282
1244
1283
1245
1284
1246
1285
1247
1286
1248
1287
1249
1288
1250
1289
1251
1290
1252
1291
1253
1292
1254
1293
1255
1294
1256
1295
1257
1296
1258
1297
1259
1298
1260
1299
1261
1300
1262
1301
1263
1302
1264
1303
1265
1304
1266
1305
1267
1306
1268
1307
1269
1308
1270
1309
1271
1310
1272
1311
1273
1312
1274
1313
1275
1314
1276
1315
1277
1316
1278
1317
1279
1318
1319
1281
1320
1282
1321
1283
1322
1284
1323
1285
1324
1286
1325
1287
1326
1288
1327
1289
1328
1290
1329
1291
1330
1292
1331
1293
1332
1294
1333
1295
1334
1296
1335
1297
1336
1298
1337
1299
1338
1300
1339
1301
1340
1302
1341
1303
1342
1304
1343
1305
1344
1306
1345
1307
1346
1308
1347
1309
1348
1310
1349
1311
1350
1312
1351
1313
1352
1314
1353
1315
1354
1316
1355
1317
1356
1318
1357
1319
1358
1359
1321
1360
1322
1361
1323
1362
1324
1363
1325
1364
1326
1365
1327
1366
1328
1367
1329
1368
1330
1369
1331
1370
1332
1371
1333
1372
1334
1373
1335
1374
1336
1375
1337
1376
1338
1377
1339
1378
1340
1379
1341
1380
1342
1381
1343
1382
1344
1383
1345
1384
1346
1385
1347
1386
1348
1387
1349
1388
1350
1389
1351
1390
1352
1391
1353
1392
1354
1393
1355
1394
1356
1395
1357
1396
1358
1397
1359
1398
1399
1361
1400
1362
1401
1363
1402
1364
1403
1365
1404
1366
1405
1367
1406
1368
1407
1369
1408
1370
1409
1371
1410
1372
1411
1373
1412
1374
1413
1375
1414
1376
1415
1377
1416
1378
1417
1379
1418
1380
1419
1381
1420
1382
1421
1383
1422
1384
1423
1385
1424
1386
1425
1387
1426
1388
1427
1389
1428
1390
1429
1391
1430
1392
1431
1393
1432
1394
1433
1395
1434
1396
1435
1397
1436
1398
1437
1399
1438
1439
1401
1440
1402
1441
1403
1442
1404
1443
1405
1444
1406
1445
1407
1446
1408
1447
1409
1448
1410
1449
1411
1450
1412
1451
1413
1452
1414
1453
1415
1454
1416
1455
1417
1456
1418
1457
1419
1458
1420
1459
1421
1460
1422
1461
1423
1462
1424
1463
1425
1464
1426
1465
1427
1466
1428
1467
1429
1468
1430
1469
1431
1470
1432
1471
1433
1472
1434
1473
1435
1474
1436
1475
1437
1476
1438
1477
1439
1478
1479
1441
1480
1442
1481
1443
1482
1444
1483
1445
1484
1446
1485
1447
1486
1448
1487
1449
1488
1450
1489
1451
1490
1452
1491
1453
1492
1454
1493
1455
1494
1456
1495
1457
1496
1458
1497
1459
1498
1460
1499
1461
1500
1462
1501
1463
1502
1464
1503
1465
1504
1466
1505
1467
1506
1468
1507
1469
1508
1470
1509
1471
1510
1472
1511
1473
1512
1474
1513
1475
1514
1476
1515
1477
1516
1478
1517
1479
1518
1519
1481
1520
1482
1521
1483
1522
1484
1523
1485
1524
1486
1525
1487
1526
1488
1527
1489
1528
1490
1529
1491
1530
1492
1531
1493
1532
1494
1533
1495
1534
1496
1535
1497
1536
1498
1537
1499
1538
1500
1539
1501
1540
1502
1541
1503
1542
1504
1543
1505
1544
1506
1545
1507
1546
1508
1547
1509
1548
1510
1549
1511
1550
1512
1551
1513
1552
1514
1553
1515
1554
1516
1555
1517
1556
1518
1557
1519
1558
1559
1521
1560
1522
1561
1523
1562
1524
1563
1525
1564
1526
1565
1527
1566
1528
1567
1529
1568
1530
1569
1531
1570
1532
1571
1533
1572
1534
1573
1535
1574
1536
1575
1537
1576
1538
1577
1539
1578
1540
1579
1541
1580
1542
1581
1543
1582
1544
1583
1545
1584
1546
1585
1547
1586
1548
1587
1549
1588
1550
1589
1551
1590
1552
1591
1553
1592
1554
1593
1555
1594
1556
1595
1557
1596
1558
1597
1559
1598
1599
1561
1600
1562
1601
1563
1602
1564
1603
1565
1604
1566
1605
1567
1606
1568
1607
1569
1608
1570
1609
1571
1610
1572
1611
1573
1612
1574
1613
1575
1614
1576
1615
1577
1616
1578
1617
1579
1618
1580
1619
1581
1620
1582
1621
1583
1622
1584
1623
1585
1624
1586
1625
1587
1626
1588
1627
1589
1628
1590
1629
1591
1630
1592
1631
1593
1632
1594
1633
1595
1634
1596
1635
1597
1636
1598
1637
1599
1638
1639
1601
1640
1602
1641
1603
1642
1604
1643
1605
1644
1606
1645
1607
1646
1608
1647
1609
1648
1610
1649
1611
1650
1612
1651
1613
1652
1614
1653
1615
1654
1616
1655
1617
1656
1618
1657
1619
1658
1620
1659
1621
1660
1622
1661
1623
1662
1624
1663
1625
1664
1626
1665
1627
1666
1628
1667
1629
1668
1630
1669
1631
1670
1632
1671
1633
1672
1634
1673
1635
1674
1636
1675
1637
1676
1638
1677
1639
1678
1679
1641
1680
1642
1681
1643
1682
1644
1683
1645
1684
1646
1685
1647
1686
1648
1687
1649
1688
1650
1689
1651
1690
1652
1691
1653
1692
1654
1693
1655
1694
1656
1695
1657
1696
1658
1697
1659
1698
1660
1699
1661
1700
1662
1701
1663
1702
1664
1703
1665
1704
1666
1705
1667
1706
1668
1707
1669
1708
1670
1709
1671
1710
1672
1711
1673
1712
1674
1713
1675
1714
1676
1715
1677
1716
1678
1717
1679
1718
1719
1681
1720
1682
1721
1683
1722
1684
1723
1685
1724
1686
1725
1687
1726
1688
1727
1689
1728
1690
1729
1691
1730
1692
1731
1693
1732
1694
1733
1695
1734
1696
1735
1697
1736
1698
1737
1699
1738
1700
1739
1701
1740
1702
1741
1703
1742
1704
1743
1705
1744
1706
1745
1707
1746
1708
1747
1709
1748
1710
1749
1711
1750
1712
1751
1713
1752
1714
1753
1715
1754
1716
1755
1717
1756
1718
1757
1719
1758
1759
1721
1760
1722
1761
1723
1762
1724
1763
1725
1764
1726
1765
1727
1766
1728
1767
1729
1768
1730
1769
1731
1770
1732
1771
1733
1772
1734
1773
1735
1774
1736
1775
1737
1776
1738
1777
1739
1778
1740
1779
1741
1780
1742
1781
1743
1782
1744
1783
1745
1784
1746
1785
1747
1786
1748
1787
1749
1788
1750
1789
1751
1790
1752
1791
1753
1792
1754
1793
1755
1794
1756
1795
1757
1796
1758
1797
1759
1798
1799
1761
1800
1762
1801
1763
1802
1764
1803
1765
1804
1766
1805
1767
1806
1768
1807
1769
1808
1770
1809
1771
1810
1772
1811
1773
1812
1774
1813
1775
1814
1776
1815
1777
1816
1778
1817
1779
1818
1780
1819
1781
1820
1782
1821
1783
1822
1784
1823
1785
1824
1786
1825
1787
1826
1788
1827
1789
1828
1790
1829
1791
1830
1792
1831
1793
1832
1794
1833
1795
1834
1796
1835
1797
1836
1798
1837
1799
1838
1839
1801
1840
1802
1841
1803
1842
1804
1843
1805
1844
1806
1845
1807
1846
1808
1847
1809
1848
1810
1849
1811
1850
1812
1851
1813
1852
1814
1853
1815
1854
1816
1855
1817
1856
1818
1857
1819
1858
1820
1859
1821
1860
1822
1861
1823
1862
1824
1863
1825
1864
1826
1865
1827
1866
1828
1867
1829
1868
1830
1869
1831
1870
1832
1871
1833
1872
1834
1873
1835
1874
1836
1875
1837
1876
1838
1877
1839
1878
1879
1841
1880
1842
1881
1843
1882
1844
1883
1845
1884
1846
1885
1847
1886
1848
1887
1849
1888
1850
1889
1851
1890
1852
1891
1853
1892
1854
1893
1855
1894
1856
1895
1857
1896
1858
1897
1859
1898
1860
1899
1861
1900
1862
1901
1863
1902
1864
1903
1865
1904
1866
1905
1867
1906
1868
1907
1869
1908
1870
1909
1871
1910
1872
1911
1873
1912
1874
1913
1875
1914
1876
1915
1877
1916
1878
1917
1879
1918
1919
1881
1920
1882
1921
1883
1922
1884
1923
1885
1924
1886
1925
1887
1926
1888
1927
1889
1928
1890
1929
1891
1930
1892
1931
1893
1932
1894
1933
1895
1934
1896
1935
1897
1936
1898
1937
1899
1938
1900
1939
1901
1940
1902
1941
1903
1942
1904
1943
1905
1944
1906
1945
1907
1946
1908
1947
1909
1948
1910
1949
1911
1950
1912
1951
1913
1952
1914
1953
1915
1954
1916
1955
1917
1956
1918
1957
1919
1958
1959
1921
1960
1922
1961
1923
1962
1924
1963
1925
1964
1926
1965
1927
1966
1928
1967
1929
1968
1930
1969
1931
1970
1932
1971
1933
1972
1934
1973
1935
1974
1936
1975
1937
1976
1938
1977
1939
1978
1940
1979
1941
1980
1942
1981
1943
1982
1944
1983
1945
1984
1946
1985
1947
1986
1948
1987
1949
1988
1950
1989
1951
1990
1952
1991
1953
1992
1954
1993
1955
1994
1956
1995
1957
1996
1958
1997
1959
1998
1999
1961
2000
1962
2001
1963
2002
1964
2003
1965
2004
1966
2005
1967
2006
1968
2007
1969
2008
1970
2009
1971
2010
1972
2011
1973
2012
1974
2013
1975
2014
1976
2015
1977
2016
1978
2017
1979
2018
1980
2019
1981
2020
1982
2021
1983
2022
1984
2023
1985
2024
1986
2025
1987
2026
1988
2027
1989
2028
1990
2029
1991
2030
1992
2031
1993
2032
1994
2033
1995
2034
1996
2035
1997
2036
1998
2037
1999
2038
2039
2001
2040
2002
2041
2003
2042
2004
2043
2005
2044
2006
2045
2007
2046
2008
2047
2009
2048
2010
2049
2011
2050
2012
2051
2013
2052
2014
2053
2015
2054
2016
2055
2017
2056
2018
2057
2019
2058
2020
2059
2021
2060
2022
2061
2023
2062
2024
2063
2025
2064
2026
2065
2027
2066
2028
2067
2029
2068
2030
2069
2031
2070
2032
2071
2033
2072
2034
2073
2035
2074
2036
2075
2037
2076
2038
2077
2039
2078
2079
2041
2080
2042
2081
2043
2082
2044
2083
2045
2084
2046
2085
2047
2086
2048
2087
2049
2088
2050
2089
2051
2090
2052
2091
2053
2092
2054
2093
2055
2094
2056
2095
2057
2096
2058
2097
2059
2098
2060
2099
2061
2100
2062
2101
2063
2102
2064
2103
2065
2104
2066
2105
2067
2106
2068
2107
2069
2108
2070
2109
2071
2110
2072
2111
2073
2112
2074
2113
2075
2114
2076
2115
2077
2116
2078
2117
2079
2118
2119
2081
2120
2082
2121
2083
2122
2084
2123
2085
2124
2086
2125
2087
2126
2088
2127
2089
2128
2090
2129
2091
2130
2092
2131
2093
2132
2094
2133
2095
2134
2096
2135
2097
2136
2098
2137
2099
2138
2100
2139
2101
2140
2102
2141
2103
2142
2104
2143
2105
2144
2106
2145
2107
2146
2108
2147
2109
2148
2110
2149
2111
2150
2112
2151
2113
2152
2114
2153
2115
2154
2116
2155
2117
2156
2118
2157
2119
2158
2159
2121
2160
2122
2161
2123
2162
2124
2163
2125
2164
2126
2165
2127
2166
2128
2167
2129
2168
2130
2169
2131
2170
2132
2171
2133
2172
2134
2173
2135
2174
2136
2175
2137
2176
2138
2177
2139
2178
2140
2179
2141
2180
2142
2181
2143
2182
2144
2183
2145
2184
2146
2185
2147
2186
2148
2187
2149
2188
2150
2189
2151
2190
2152
2191
2153
2192
2154
2193
2155
2194
2156
2195
2157
2196
2158
2197
2159
2198
2199
2161
2200
2162
2201
2163
2202
2164
2203
2165
2204
2166
2205
2167
2206
2168
2207
2169
2208
2170
2209
2171
2210
2172
2211
2173
2212
2174
2213
2175
2214
2176
2215
2177
2216
2178
2217
2179
2218
2180
2219
2181
2220
2182
2221
2183
2222
2184
2223
2185
2224
2186
2225
2187
2226
2188
2227
2189
2228
2190
2229
2191
2230
2192
2231
2193
2232
2194
2233
2195
2234
2196
2235
2197
2236
2198
2237
2199
2238
2239
2201
2240
2202
2241
2203
2242
2204
2243
2205
2244
2206
2245
2207
2246
2208
2247
2209
2248
2210
2249
2211
2250
2212
2251
2213
2252
2214
2253
2215
2254
2216
2255
2217
2256
2218
2257
2219
2258
2220
2259
2221
2260
2222
2261
2223
2262
2224
2263
2225
2264
2226
2265
2227
2266
2228
2267
2229
2268
2230
2269
2231
2270
2232
2271
2233
2272
2234
2273
2235
2274
2236
2275
2237
2276
2238
2277
2239
2278
2279
2241
2280
2242
2281
2243
2282
2244
2283
2245
2284
2246
2285
2247
2286
2248
2287
2249
2288
2250
2289
2251
2290
2252
2291
2253
2292
2254
2293
2255
2294
2256
2295
2257
2296
2258
2297
2259
2298
2260
2299
2261
2300
2262
2301
2263
2302
2264
2303
2265
2304
2266
2305
2267
2306
2268
2307
2269
2308
2270
2309
2271
2310
2272
2311
2273
2312
2274
2313
2275
2314
2276
2315
2277
2316
2278
2317
2279
2318
2319
2281
2320
2282
2321
2283
2322
2284
2323
2285
2324
2286
2325
2287
2326
2288
2327
2289
2328
2290
2329
2291
2330
2292
2331
2293
2332
2294
2333
2295
2334
2296
2335
2297
2336
2298
2337
2299
2338
2300
2339
2301
2340
2302
2341
2303
2342
2304
2343
2305
2344
2306
2345
2307
2346
2308
2347
2309
2348
2310
2349
2311
2350
2312
2351
2313
2352
2314
2353
2315
2354
2316
2355
2317
2356
2318
2357
2319
2358
2359
2321
2360
2322
2361
2323
2362
2324
2363
2325
2364
2326
2365
2327
2366
2328
2367
2329
2368
2330
2369
2331
2370
2332
2371
2333
2372
2334
2373
2335
2374
2336
2375
2337
2376
2338
2377
2339
2378
2340
2379
2341
2380
2342
2381
2343
2382
2344
2383
2345
2384
2346
2385
2347
2386
2348
2387
2349
2388
2350
2389
2351
2390
2352
2391
2353
2392
2354
2393
2355
2394
2356
2395
2357
2396
2358
2397
2359
2398
2399
2361
2362
2363
2364
2365
2366
2367
2368
2369
2370
2371
2372
2373
2374
2375
2376
2377
2378
2379
2380
2381
2382
2383
2384
2385
2386
2387
2388
2389
2390
2391
2392
2393
2394
2395
2396
2397
2398
2399
)


// ************************************************************************* //
