/*--------------------------------*- C++ -*----------------------------------*\
| =========                 |                                                 |
| \\      /  F ield         | OpenFOAM: The Open Source CFD Toolbox           |
|  \\    /   O peration     | Version:  v2012                                 |
|   \\  /    A nd           | Website:  www.openfoam.com                      |
|    \\/     M anipulation  |                                                 |
\*---------------------------------------------------------------------------*/
FoamFile
{
    version     2.0;
    format      ascii;
    class       volScalarField;
    location    "0.2";
    object      p;
}
// * * * * * * * * * * * * * * * * * * * * * * * * * * * * * * * * * * * * * //

dimensions      [0 2 -2 0 0 0 0];


internalField   nonuniform List<scalar> 
9600
(
28.5641
28.6244
28.6529
28.6619
28.6599
28.6609
28.6649
28.6776
28.6959
28.7233
28.755
28.7942
28.8345
28.8772
28.9198
28.967
29.0193
29.0813
29.1489
29.2278
29.3111
29.4091
29.5113
29.6317
29.7564
29.9043
30.063
30.2544
30.4625
30.7108
30.9838
31.311
31.6796
32.1338
32.6597
33.3224
34.1214
35.1592
36.4464
38.0408
28.5947
28.6153
28.6349
28.6463
28.6577
28.662
28.6721
28.68
28.6995
28.721
28.7561
28.7908
28.8355
28.8744
28.9211
28.9646
29.0204
29.0789
29.1496
29.2252
29.3115
29.4064
29.5114
29.6285
29.7562
29.9002
30.0626
30.2488
30.462
30.7029
30.9836
31.3012
31.681
32.1217
32.6598
33.2934
34.0719
34.9715
35.9915
36.9656
28.612
28.6094
28.6212
28.6348
28.6539
28.6635
28.6769
28.6839
28.7019
28.7205
28.7553
28.7888
28.8342
28.8726
28.9201
28.9631
29.0194
29.0771
29.1483
29.223
29.3096
29.4043
29.509
29.6259
29.753
29.8972
30.0583
30.245
30.456
30.6981
30.9746
31.2929
31.6676
32.103
32.6223
33.2252
33.9252
34.6999
35.5128
36.2476
28.6223
28.6072
28.6132
28.6273
28.649
28.6628
28.6778
28.6863
28.7031
28.7209
28.7536
28.7872
28.8317
28.8707
28.9179
28.9609
29.0178
29.0741
29.146
29.2188
29.3066
29.398
29.506
29.6196
29.7489
29.8907
30.0521
30.2369
30.4469
30.6881
30.9599
31.2781
31.6405
32.0687
32.5541
33.1236
33.7386
34.4202
35.0814
35.6872
28.6279
28.6062
28.609
28.6218
28.6442
28.6597
28.6766
28.6865
28.7035
28.7208
28.7523
28.7853
28.829
28.8684
28.915
28.9585
29.0146
29.0714
29.1418
29.2156
29.3012
29.3945
29.4992
29.615
29.7405
29.8846
30.0411
30.2284
30.4322
30.675
30.9387
31.2551
31.6017
32.017
32.4681
32.9956
33.5422
34.1369
34.6882
35.18
28.6293
28.6048
28.6066
28.6174
28.6406
28.6561
28.6747
28.6846
28.7033
28.7195
28.7514
28.7826
28.8265
28.8644
28.9116
28.9554
29.0099
29.0686
29.1358
29.2124
29.2936
29.3909
29.4895
29.6101
29.7282
29.8776
30.0256
30.2177
30.4121
30.6577
30.9104
31.2222
31.5524
31.9487
32.3689
32.8495
33.3412
33.853
34.3224
34.7143
28.6314
28.6019
28.6028
28.6138
28.6376
28.6537
28.6722
28.6825
28.7009
28.7184
28.7485
28.781
28.8222
28.8624
28.9064
28.953
29.0033
29.0656
29.1279
29.2086
29.2843
29.3856
29.4784
29.6025
29.7154
29.8665
30.0104
30.2011
30.3917
30.6316
30.8794
31.1776
31.4968
31.865
32.261
32.6904
33.1377
33.573
33.9796
34.2877
28.6346
28.5973
28.5971
28.6104
28.6344
28.6525
28.669
28.681
28.6964
28.7171
28.744
28.78
28.8165
28.8608
28.8994
28.9504
28.9952
29.0614
29.1191
29.2028
29.2751
29.3775
29.4682
29.5912
29.7034
29.8506
29.995
30.1783
30.3699
30.5977
30.8443
31.1225
31.4336
31.7696
32.1444
32.5246
32.9317
33.3018
33.6547
33.8987
28.6356
28.5942
28.5892
28.6068
28.63
28.6527
28.6655
28.6801
28.6902
28.7151
28.7379
28.7782
28.8104
28.8579
28.8931
28.946
28.9885
29.0546
29.1119
29.1937
29.2671
29.3657
29.4589
29.5759
29.6915
29.8304
29.9784
30.1506
30.3447
30.5579
30.8028
31.0608
31.3616
31.6681
32.0192
32.3572
32.7236
33.0419
33.344
33.5425
28.6316
28.5958
28.5825
28.602
28.6233
28.6525
28.6626
28.6798
28.685
28.7111
28.732
28.7738
28.8059
28.8528
28.8886
28.9389
28.9832
29.0452
29.1055
29.1818
29.2592
29.3511
29.4489
29.558
29.6777
29.8077
29.9582
30.1205
30.3137
30.515
30.7536
30.9953
31.2809
31.5631
31.8862
32.1905
32.5148
32.7932
33.0463
33.213
28.6198
28.6015
28.5821
28.597
28.6142
28.6482
28.6604
28.6788
28.6825
28.7053
28.7268
28.7664
28.8024
28.8456
28.885
28.9298
28.9781
29.0339
29.0985
29.1685
29.2498
29.3355
29.4361
29.5395
29.6601
29.7844
29.9332
30.0891
30.2768
30.4697
30.6974
30.9262
31.1925
31.455
31.7476
32.0248
32.3074
32.5543
32.762
32.9038
28.6025
28.6072
28.5879
28.5933
28.6048
28.6389
28.6584
28.6764
28.6827
28.6983
28.7216
28.7566
28.798
28.8373
28.8809
28.9201
28.9715
29.0222
29.0892
29.1553
29.2375
29.3204
29.4198
29.5211
29.6384
29.7604
29.9037
30.0559
30.235
30.421
30.6357
30.8528
31.0987
31.3436
31.6061
31.8597
32.1035
32.3232
32.4915
32.6104
28.5849
28.6087
28.597
28.5919
28.5975
28.6255
28.6529
28.6723
28.6841
28.6926
28.7165
28.7456
28.7912
28.8286
28.8753
28.9117
28.9631
29.0113
29.0771
29.1425
29.2223
29.3053
29.4008
29.502
29.6138
29.7345
29.8709
30.0196
30.1896
30.3684
30.5698
30.7753
31.0012
31.2292
31.4636
31.6947
31.9047
32.0983
32.2349
32.3301
28.5721
28.6043
28.6046
28.5929
28.5933
28.6108
28.6438
28.6659
28.6846
28.6894
28.7114
28.7353
28.7814
28.8195
28.8674
28.9043
28.9531
29.0011
29.0626
29.1293
29.2048
29.2894
29.3798
29.4811
29.5875
29.7057
29.836
29.9794
30.1414
30.3118
30.5005
30.694
30.9007
31.1122
31.321
31.5302
31.7114
31.8789
31.9909
32.0619
28.5656
28.5944
28.6048
28.5951
28.5922
28.5992
28.6317
28.6568
28.6818
28.6882
28.7069
28.7268
28.7694
28.8093
28.857
28.8971
28.9422
28.9911
29.0468
29.1148
29.1858
29.2714
29.3579
29.4575
29.5601
29.6737
29.7992
29.9358
30.0903
30.2519
30.4281
30.6096
30.798
30.993
31.1792
31.3662
31.5238
31.6653
31.7577
31.8057
28.5636
28.5823
28.5986
28.5954
28.5933
28.5931
28.619
28.6452
28.6748
28.6866
28.703
28.7203
28.7566
28.7979
28.8443
28.8887
28.9307
28.9806
29.0309
29.0983
29.1661
29.2504
29.3355
29.4313
29.5318
29.6392
29.7601
29.8893
30.036
30.1892
30.3528
30.5227
30.6938
30.8721
31.0385
31.2032
31.3412
31.4579
31.5337
31.5612
28.5636
28.5717
28.5874
28.5915
28.5936
28.5919
28.6088
28.6325
28.664
28.6823
28.699
28.7155
28.7448
28.7856
28.8297
28.8779
28.9186
28.969
29.0159
29.0802
29.1459
29.2267
29.3116
29.4031
29.5018
29.603
29.7184
29.8407
29.9785
30.1237
30.2751
30.4333
30.589
30.7499
30.8993
31.0422
31.1628
31.2574
31.3171
31.3281
28.5626
28.5634
28.5753
28.584
28.5909
28.5913
28.6019
28.621
28.6505
28.6746
28.6936
28.7114
28.7347
28.773
28.8139
28.8642
28.9057
28.9559
29.0016
29.0607
29.1251
29.2008
29.2857
29.3731
29.4693
29.5658
29.6742
29.7903
29.9183
30.0556
30.1956
30.3415
30.4839
30.6271
30.7613
30.8837
30.9879
31.0635
31.1074
31.1055
28.5589
28.5572
28.565
28.5745
28.585
28.5891
28.5976
28.612
28.637
28.6639
28.6856
28.7066
28.7261
28.7609
28.7981
28.8479
28.8914
28.9407
28.9872
29.0408
29.1034
29.1738
29.2571
29.3417
29.4344
29.5272
29.6281
29.7379
29.8563
29.9847
30.1147
30.248
30.3783
30.5046
30.6241
30.7285
30.8163
30.8761
30.9044
30.8916
28.553
28.5518
28.5569
28.5647
28.5765
28.5842
28.5933
28.6051
28.6247
28.6515
28.6749
28.6996
28.7184
28.7493
28.7832
28.8297
28.8754
28.9235
28.9716
29.021
29.0806
29.1463
29.226
29.3088
29.3971
29.4868
29.5806
29.6833
29.7931
29.9114
30.0325
30.1531
30.2721
30.3833
30.4878
30.5768
30.6479
30.6944
30.708
30.6855
28.5456
28.5456
28.5504
28.5559
28.5668
28.5768
28.5874
28.5993
28.6143
28.6389
28.6622
28.6896
28.7103
28.738
28.7694
28.8109
28.8576
28.9046
28.9541
29.0011
29.0569
29.1186
29.193
29.2738
29.3578
29.4443
29.532
29.6269
29.7288
29.8365
29.9487
30.0575
30.1652
30.2632
30.3528
30.4281
30.4834
30.5175
30.5182
30.4864
28.5378
28.5383
28.5438
28.5482
28.5569
28.5677
28.5793
28.593
28.6053
28.6268
28.6488
28.677
28.7007
28.7264
28.7563
28.7926
28.8382
28.8844
28.9338
28.9806
29.0323
29.0906
29.1591
29.2366
29.317
29.3992
29.4822
29.5689
29.6632
29.7606
29.8633
29.9617
30.0575
30.1445
30.2196
30.2822
30.3231
30.345
30.3348
30.2934
28.5301
28.5301
28.5359
28.5412
28.5476
28.558
28.5695
28.5851
28.5971
28.6154
28.6358
28.6624
28.6891
28.7141
28.743
28.7752
28.8176
28.863
28.9113
28.9587
29.0069
29.0619
29.1248
29.1976
29.2746
29.352
29.4309
29.5099
29.5964
29.6844
29.7767
29.8658
29.9496
30.0265
30.0884
30.139
30.1671
30.1768
30.1572
30.1066
28.5223
28.5215
28.5268
28.5338
28.5388
28.5482
28.5587
28.5751
28.5887
28.6044
28.6233
28.6471
28.6754
28.7008
28.7289
28.7586
28.7966
28.8407
28.8871
28.9347
28.9807
29.0322
29.0904
29.1572
29.2306
29.303
29.3777
29.4502
29.5284
29.6079
29.6894
29.7695
29.8421
29.9091
29.9595
29.9983
30.0151
30.013
29.9849
29.9258
28.514
28.5131
28.5167
28.5252
28.5304
28.5385
28.5479
28.5635
28.5792
28.5936
28.6112
28.6319
28.6598
28.6864
28.7135
28.742
28.7755
28.8177
28.8619
28.9086
28.9535
29.0011
29.0557
29.1161
29.1851
29.2527
29.3225
29.3897
29.4594
29.5312
29.602
29.6731
29.7352
29.7921
29.8327
29.8602
29.8671
29.8536
29.8174
29.7508
28.505
28.5048
28.5066
28.5152
28.5218
28.5289
28.5375
28.5509
28.568
28.5825
28.5989
28.6174
28.643
28.6706
28.6969
28.7248
28.7547
28.7938
28.836
28.8808
28.9249
28.9689
29.02
29.0746
29.1382
29.2012
29.2656
29.328
29.3898
29.454
29.515
29.5767
29.6292
29.6761
29.7078
29.7247
29.7227
29.6988
29.6546
29.5812
28.4951
28.4962
28.497
28.5042
28.5123
28.519
28.5272
28.5382
28.5553
28.5708
28.5862
28.6033
28.6256
28.6534
28.6794
28.7065
28.7341
28.7692
28.8096
28.8516
28.8948
28.9357
28.9831
29.033
29.0904
29.1489
29.2072
29.2652
29.3198
29.3765
29.4285
29.4804
29.5241
29.561
29.5846
29.5919
29.5815
29.5485
29.4964
29.4168
28.4847
28.4868
28.4879
28.4928
28.5017
28.5087
28.5168
28.5259
28.5414
28.558
28.573
28.5893
28.6083
28.6349
28.6608
28.6872
28.7132
28.7443
28.7824
28.8216
28.8633
28.9015
28.945
28.9908
29.0421
29.0958
29.1479
29.201
29.2492
29.2986
29.3425
29.3848
29.4202
29.4473
29.4631
29.4615
29.4434
29.4024
29.3426
29.2574
28.4742
28.4766
28.4786
28.4817
28.4901
28.4977
28.5057
28.5142
28.5271
28.5441
28.559
28.5748
28.5914
28.6155
28.6413
28.6666
28.6918
28.7191
28.7545
28.791
28.8303
28.8664
28.9056
28.9478
28.9933
29.042
29.0881
29.1357
29.1782
29.2205
29.2571
29.2901
29.3172
29.3351
29.3432
29.3337
29.3083
29.2601
29.1932
29.1028
28.4637
28.4656
28.4687
28.471
28.478
28.486
28.4939
28.5024
28.5129
28.5292
28.5441
28.5596
28.5748
28.5957
28.6208
28.645
28.6695
28.6938
28.7258
28.7598
28.7963
28.8304
28.8653
28.9039
28.9441
28.9877
29.0281
29.0696
29.1067
29.1421
29.1721
29.1964
29.2154
29.2247
29.2251
29.2084
29.1759
29.1216
29.048
28.9526
28.4531
28.4542
28.4577
28.4604
28.4658
28.4738
28.4814
28.4901
28.499
28.5137
28.5285
28.5435
28.5581
28.5758
28.5995
28.6225
28.6463
28.6683
28.6965
28.7278
28.7614
28.7934
28.8243
28.8591
28.8944
28.933
28.9679
29.0031
29.0348
29.0636
29.0876
29.1037
29.1149
29.1161
29.1088
29.0856
29.0461
28.9865
28.9067
28.8069
28.4422
28.4427
28.4458
28.4494
28.4536
28.4611
28.4683
28.4771
28.4852
28.4978
28.5122
28.5265
28.5408
28.556
28.5775
28.5993
28.6219
28.6424
28.6669
28.6953
28.7257
28.7555
28.7829
28.8134
28.8442
28.8778
28.9077
28.9365
28.9626
28.985
29.0033
29.0123
29.0158
29.0093
28.9945
28.9651
28.9192
28.8546
28.7693
28.6653
28.4309
28.4312
28.4335
28.4376
28.4414
28.448
28.4548
28.4632
28.4712
28.4818
28.4954
28.5087
28.5228
28.5362
28.5551
28.5754
28.5965
28.6159
28.6369
28.6623
28.6893
28.7168
28.7409
28.767
28.7935
28.822
28.8474
28.87
28.8905
28.9067
28.9192
28.9219
28.9181
28.9044
28.8821
28.847
28.795
28.7257
28.6356
28.5275
28.4189
28.4196
28.4211
28.4251
28.4289
28.4347
28.4411
28.4487
28.4566
28.4657
28.4782
28.4905
28.5039
28.5162
28.5324
28.5509
28.5703
28.5885
28.6067
28.6288
28.6525
28.6772
28.6984
28.7203
28.7424
28.7659
28.787
28.8038
28.8186
28.8286
28.8354
28.8326
28.8218
28.8015
28.7719
28.7312
28.6737
28.5997
28.5054
28.3933
28.4064
28.4077
28.4088
28.4121
28.416
28.4211
28.4272
28.4338
28.4414
28.4495
28.4606
28.4719
28.4842
28.4956
28.5095
28.5261
28.5434
28.5603
28.5761
28.5949
28.6153
28.637
28.6554
28.6732
28.691
28.7095
28.7264
28.738
28.747
28.7511
28.7521
28.7441
28.727
28.7006
28.6639
28.6176
28.555
28.4766
28.3785
28.2627
28.3935
28.3952
28.3965
28.3989
28.4025
28.4072
28.4129
28.4187
28.4256
28.4328
28.4427
28.453
28.464
28.4745
28.4863
28.5009
28.5161
28.5314
28.545
28.5607
28.5778
28.5961
28.612
28.6258
28.6395
28.653
28.6655
28.6725
28.676
28.6743
28.6693
28.6564
28.6336
28.6014
28.5583
28.5063
28.4391
28.3563
28.2549
28.1354
28.3805
28.3822
28.3839
28.3855
28.3887
28.3928
28.3982
28.4035
28.4094
28.4158
28.4243
28.4337
28.4434
28.4528
28.4628
28.4753
28.4884
28.5019
28.5135
28.5262
28.5401
28.5549
28.568
28.5783
28.5879
28.5966
28.6046
28.6072
28.6055
28.5984
28.5874
28.5697
28.5416
28.5041
28.455
28.3973
28.3258
28.2388
28.1344
28.0115
28.3675
28.3688
28.3708
28.3722
28.3746
28.3781
28.383
28.388
28.393
28.3985
28.4057
28.414
28.4225
28.4306
28.439
28.4493
28.4604
28.4719
28.4815
28.4913
28.5021
28.5135
28.5236
28.5305
28.5362
28.5403
28.5437
28.5421
28.5355
28.5234
28.5064
28.4838
28.4509
28.4085
28.3541
28.2907
28.215
28.124
28.0169
27.891
28.3543
28.3551
28.357
28.3586
28.3604
28.3632
28.3674
28.372
28.3764
28.3808
28.3867
28.3938
28.4012
28.4081
28.4147
28.4231
28.4321
28.4414
28.4491
28.4562
28.464
28.472
28.479
28.4827
28.4845
28.4843
28.4831
28.4773
28.4662
28.4492
28.4267
28.3991
28.3616
28.3145
28.2555
28.1865
28.1068
28.0119
27.9021
27.7738
28.341
28.3412
28.3428
28.3447
28.3461
28.3482
28.3514
28.3556
28.3596
28.363
28.3675
28.3733
28.3796
28.3853
28.3902
28.3965
28.4034
28.4107
28.4163
28.4208
28.4256
28.4303
28.4342
28.4347
28.4328
28.4286
28.4227
28.413
28.3974
28.376
28.3482
28.3156
28.2737
28.2221
28.159
28.0849
28.001
27.9026
27.7901
27.6598
28.3273
28.3273
28.3282
28.3303
28.3315
28.333
28.3353
28.3388
28.3423
28.3449
28.3481
28.3524
28.3576
28.3622
28.3655
28.3697
28.3745
28.3797
28.3833
28.3853
28.3871
28.3886
28.3894
28.3868
28.3813
28.3732
28.3628
28.3491
28.3292
28.3036
28.2711
28.2333
28.1873
28.1313
28.0645
27.9858
27.8977
27.7961
27.6807
27.5488
28.3133
28.3133
28.3136
28.3154
28.3167
28.3177
28.3191
28.3216
28.3247
28.3267
28.3286
28.3314
28.3352
28.3387
28.3406
28.3428
28.3453
28.3484
28.3501
28.3496
28.3486
28.3468
28.3445
28.3389
28.3299
28.3181
28.3034
28.2858
28.2618
28.2321
28.1953
28.1525
28.1025
28.0422
27.9718
27.8892
27.7969
27.6923
27.574
27.4406
28.2989
28.2991
28.299
28.3003
28.3016
28.3022
28.3029
28.3042
28.3066
28.3081
28.309
28.3103
28.3124
28.3149
28.3155
28.3158
28.3161
28.3168
28.3167
28.3139
28.3101
28.3052
28.2997
28.2913
28.2788
28.2635
28.2447
28.223
28.1954
28.1614
28.1207
28.0732
28.0191
27.955
27.881
27.795
27.6986
27.5911
27.4701
27.3351
28.2843
28.2848
28.2844
28.2849
28.2861
28.2864
28.2866
28.2868
28.2883
28.2892
28.2892
28.2892
28.2896
28.2907
28.2902
28.2887
28.2869
28.2851
28.2831
28.2781
28.2717
28.2638
28.2549
28.2438
28.228
28.2093
28.1866
28.1609
28.1298
28.0918
28.0474
27.9955
27.9373
27.8697
27.792
27.703
27.6029
27.4925
27.3689
27.2321
28.2695
28.2701
28.2698
28.2695
28.2703
28.2703
28.2702
28.2694
28.2697
28.2701
28.2692
28.2681
28.2667
28.2663
28.2646
28.2614
28.2577
28.2534
28.2493
28.2424
28.2333
28.2226
28.2104
28.1965
28.1777
28.1556
28.1293
28.0995
28.065
28.0233
27.9752
27.9195
27.8571
27.7861
27.7049
27.6131
27.5098
27.3963
27.2706
27.1318
28.2546
28.2552
28.2551
28.2541
28.2543
28.2541
28.2535
28.2521
28.251
28.2507
28.249
28.2468
28.2439
28.2417
28.2389
28.2341
28.2286
28.2219
28.2154
28.2067
28.1951
28.1818
28.1662
28.1494
28.1279
28.1023
28.0729
28.039
28.0011
27.956
27.9043
27.8451
27.7786
27.7044
27.6199
27.5253
27.4192
27.3026
27.1748
27.0342
28.2397
28.24
28.2401
28.2388
28.2382
28.2376
28.2365
28.2348
28.2324
28.231
28.2286
28.2254
28.2212
28.2171
28.213
28.2067
28.1994
28.1906
28.1816
28.171
28.157
28.1412
28.1226
28.1025
28.0786
28.0498
28.0171
27.9796
27.9381
27.8899
27.8346
27.7722
27.7019
27.6244
27.537
27.4395
27.331
27.2116
27.0817
26.9394
28.2248
28.2247
28.2249
28.2235
28.2221
28.221
28.2194
28.2173
28.2139
28.2113
28.2081
28.2039
28.1986
28.1926
28.1869
28.1794
28.1703
28.1596
28.1479
28.1353
28.1192
28.1008
28.0795
28.0562
28.0297
27.9979
27.9622
27.9213
27.8762
27.825
27.7664
27.7008
27.6271
27.5462
27.4561
27.3558
27.245
27.1232
26.991
26.8472
28.2099
28.2094
28.2093
28.2081
28.2061
28.2044
28.2021
28.1996
28.1956
28.1916
28.1875
28.1822
28.176
28.1683
28.1608
28.152
28.1412
28.1287
28.1146
28.0998
28.0817
28.0608
28.037
28.0105
27.9813
27.9468
27.908
27.8641
27.8154
27.7613
27.6995
27.6309
27.5542
27.4699
27.3772
27.2743
27.1613
27.0373
26.903
26.7577
28.1949
28.1942
28.1937
28.1926
28.1902
28.1878
28.1848
28.1817
28.1773
28.172
28.1668
28.1605
28.1533
28.1443
28.1349
28.1247
28.1122
28.098
28.0817
28.0644
28.0445
28.0212
27.995
27.9656
27.9335
27.8965
27.8547
27.8079
27.7559
27.6987
27.6342
27.5626
27.4831
27.3956
27.3003
27.195
27.0798
26.954
26.8175
26.6708
28.1799
28.1791
28.178
28.1769
28.1743
28.1712
28.1676
28.1637
28.1589
28.1526
28.1462
28.1389
28.1305
28.1204
28.1091
28.0974
28.0835
28.0675
28.0492
28.0295
28.0076
27.9821
27.9535
27.9214
27.8864
27.847
27.8024
27.7529
27.6978
27.6375
27.5703
27.4958
27.4137
27.3234
27.2254
27.1179
27.0006
26.873
26.7347
26.5864
28.1647
28.164
28.1624
28.161
28.1584
28.1548
28.1505
28.1458
28.1405
28.1334
28.1257
28.1173
28.1078
28.0967
28.0838
28.0702
28.0549
28.0372
28.0171
27.995
27.971
27.9435
27.9125
27.878
27.8402
27.7983
27.7511
27.6989
27.641
27.5778
27.5079
27.4307
27.3461
27.2533
27.1526
27.0429
26.9236
26.7944
26.6545
26.5046
28.1495
28.149
28.1472
28.1451
28.1425
28.1384
28.1335
28.1279
28.1219
28.1143
28.1054
28.0959
28.0852
28.073
28.0588
28.0433
28.0265
28.0073
27.9855
27.9612
27.9349
27.9055
27.8723
27.8354
27.7949
27.7506
27.7009
27.646
27.5855
27.5195
27.4471
27.3673
27.2802
27.1851
27.0819
26.9701
26.8489
26.7181
26.5768
26.4255
28.1344
28.1339
28.1321
28.1294
28.1265
28.1221
28.1167
28.1103
28.1034
28.0953
28.0854
28.0746
28.0628
28.0495
28.0341
28.0169
27.9984
27.9777
27.9542
27.928
27.8994
27.8681
27.8328
27.7936
27.7506
27.7037
27.6518
27.5944
27.5314
27.4627
27.3878
27.3057
27.2162
27.1188
27.0134
26.8996
26.7765
26.6441
26.5016
26.349
28.1194
28.1189
28.1171
28.1139
28.1105
28.1059
28.1
28.0929
28.085
28.0763
28.0657
28.0537
28.0407
28.0261
28.0097
27.991
27.9707
27.9484
27.9234
27.8954
27.8647
27.8312
27.7941
27.7527
27.7073
27.658
27.6038
27.5441
27.4786
27.4075
27.3302
27.2458
27.154
27.0545
26.947
26.8313
26.7064
26.5725
26.4288
26.2751
28.1046
28.1039
28.1022
28.0988
28.0947
28.0898
28.0834
28.0758
28.067
28.0574
28.0461
28.0331
28.0189
28.0031
27.9855
27.9655
27.9435
27.9197
27.893
27.8634
27.8307
27.7951
27.7561
27.7127
27.6651
27.6134
27.557
27.4952
27.4274
27.3538
27.2742
27.1877
27.0937
26.9922
26.8828
26.7652
26.6387
26.5032
26.3584
26.2037
28.0901
28.0891
28.0872
28.0838
28.0791
28.0738
28.067
28.0589
28.0493
28.0387
28.0268
28.0128
27.9974
27.9804
27.9616
27.9405
27.9169
27.8914
27.8632
27.832
27.7975
27.7598
27.7189
27.6737
27.624
27.57
27.5114
27.4475
27.3776
27.3017
27.2199
27.1313
27.0354
26.9319
26.8206
26.7014
26.5733
26.4364
26.2904
26.1348
28.0757
28.0745
28.0724
28.069
28.0639
28.058
28.0508
28.0421
28.0319
28.0204
28.0077
27.9929
27.9764
27.9582
27.9382
27.9159
27.891
27.8638
27.8341
27.8013
27.7651
27.7255
27.6826
27.6356
27.584
27.5279
27.4671
27.4012
27.3294
27.2513
27.1674
27.0768
26.9791
26.8737
26.7606
26.6398
26.5103
26.372
26.2249
26.0684
28.0616
28.0603
28.0579
28.0543
28.049
28.0425
28.0348
28.0256
28.0149
28.0025
27.9888
27.9734
27.9559
27.9366
27.9152
27.8918
27.8656
27.8369
27.8056
27.7713
27.7336
27.6922
27.6473
27.5986
27.5452
27.4871
27.4242
27.3563
27.2826
27.2026
27.1166
27.0242
26.9247
26.8176
26.7028
26.5804
26.4496
26.3101
26.1619
26.0046
28.0476
28.0463
28.0436
28.0399
28.0343
28.0274
28.0192
28.0094
27.9982
27.985
27.9704
27.9542
27.9358
27.9154
27.8928
27.8682
27.8409
27.8107
27.7779
27.742
27.7028
27.6599
27.6131
27.5626
27.5075
27.4476
27.3828
27.3129
27.2375
27.1557
27.0677
26.9734
26.8723
26.7637
26.6473
26.5233
26.3913
26.2507
26.1014
25.9432
28.0339
28.0327
28.0298
28.0257
28.02
28.0126
28.0039
27.9936
27.9818
27.968
27.9525
27.9354
27.9161
27.8948
27.8711
27.8452
27.8168
27.7853
27.7511
27.7137
27.673
27.6286
27.5801
27.5278
27.4711
27.4095
27.3428
27.2711
27.1939
27.1105
27.0207
26.9247
26.8219
26.7118
26.594
26.4685
26.3354
26.1937
26.0434
25.8844
28.0206
28.0193
28.0163
28.0119
28.006
27.9983
27.9891
27.9782
27.9657
27.9514
27.9352
27.9172
27.8971
27.8748
27.8501
27.8229
27.7934
27.7607
27.7251
27.6863
27.6441
27.5983
27.5483
27.4943
27.436
27.3727
27.3045
27.2309
27.152
27.067
26.9757
26.8779
26.7735
26.6621
26.543
26.4161
26.2818
26.1391
25.988
25.8283
28.0077
28.0063
28.0032
27.9985
27.9923
27.9843
27.9747
27.9633
27.9502
27.9353
27.9184
27.8995
27.8786
27.8554
27.8297
27.8014
27.7707
27.737
27.7001
27.6599
27.6163
27.5691
27.5177
27.4621
27.4022
27.3374
27.2676
27.1924
27.1118
27.0254
26.9325
26.8332
26.7273
26.6145
26.4942
26.3662
26.2306
26.0871
25.9352
25.7748
27.9952
27.9937
27.9905
27.9856
27.9791
27.9708
27.9607
27.9489
27.9352
27.9197
27.9021
27.8825
27.8607
27.8366
27.8101
27.7808
27.7489
27.714
27.676
27.6346
27.5896
27.541
27.4883
27.4312
27.3698
27.3036
27.2323
27.1556
27.0734
26.9856
26.8913
26.7906
26.6833
26.5692
26.4478
26.3186
26.1819
26.0375
25.8849
25.7239
27.9831
27.9815
27.9782
27.9732
27.9663
27.9577
27.9473
27.935
27.9208
27.9047
27.8865
27.8661
27.8435
27.8186
27.7912
27.761
27.728
27.6921
27.6529
27.6103
27.5641
27.5142
27.4602
27.4018
27.3389
27.2713
27.1987
27.1206
27.0369
26.9476
26.8521
26.7501
26.6415
26.5261
26.4036
26.2735
26.1358
25.9905
25.8371
25.6756
27.9715
27.9699
27.9665
27.9612
27.9541
27.9452
27.9344
27.9217
27.907
27.8903
27.8715
27.8505
27.8271
27.8014
27.7731
27.742
27.708
27.6711
27.6309
27.5872
27.5398
27.4886
27.4334
27.3737
27.3096
27.2407
27.1667
27.0873
27.0023
26.9117
26.8149
26.7117
26.6019
26.4853
26.3618
26.2308
26.0922
25.946
25.792
25.6299
27.9604
27.9588
27.9552
27.9498
27.9425
27.9332
27.9221
27.909
27.8938
27.8766
27.8572
27.8356
27.8115
27.785
27.7559
27.724
27.6891
27.6512
27.6099
27.5652
27.5167
27.4644
27.4081
27.3472
27.2818
27.2117
27.1364
27.0559
26.9697
26.8777
26.7799
26.6755
26.5646
26.447
26.3224
26.1906
26.0512
25.9042
25.7496
25.587
27.9499
27.9482
27.9445
27.9389
27.9314
27.9219
27.9104
27.897
27.8813
27.8636
27.8437
27.8214
27.7968
27.7695
27.7397
27.707
27.6712
27.6323
27.5902
27.5445
27.495
27.4416
27.3841
27.3222
27.2557
27.1844
27.108
27.0263
26.939
26.8459
26.7469
26.6415
26.5296
26.411
26.2855
26.1528
26.0127
25.8651
25.7098
25.5467
27.94
27.9382
27.9344
27.9287
27.921
27.9112
27.8994
27.8856
27.8696
27.8514
27.8309
27.8081
27.7829
27.7549
27.7244
27.6909
27.6544
27.6147
27.5716
27.525
27.4746
27.4202
27.3617
27.2988
27.2312
27.1588
27.0814
26.9987
26.9103
26.8162
26.7161
26.6098
26.497
26.3775
26.2511
26.1177
25.9769
25.8286
25.6728
25.5092
27.9307
27.9289
27.925
27.9191
27.9112
27.9012
27.8891
27.875
27.8586
27.8399
27.819
27.7957
27.7699
27.7413
27.7101
27.676
27.6387
27.5982
27.5543
27.5069
27.4556
27.4003
27.3409
27.277
27.2085
27.1351
27.0567
26.973
26.8837
26.7886
26.6876
26.5804
26.4667
26.3464
26.2192
26.0851
25.9437
25.7949
25.6386
25.4746
27.9221
27.9202
27.9163
27.9102
27.9022
27.8919
27.8796
27.8651
27.8484
27.8294
27.808
27.7842
27.7578
27.7287
27.6969
27.6621
27.6242
27.583
27.5384
27.4901
27.4381
27.382
27.3216
27.2569
27.1876
27.1133
27.034
26.9494
26.8592
26.7633
26.6614
26.5534
26.4389
26.3179
26.19
26.0552
25.9132
25.7639
25.6071
25.4428
27.9142
27.9123
27.9083
27.9021
27.8938
27.8834
27.8708
27.856
27.839
27.8196
27.7979
27.7736
27.7468
27.7172
27.6848
27.6494
27.6109
27.5691
27.5238
27.4748
27.4221
27.3652
27.3041
27.2386
27.1684
27.0934
27.0132
26.9278
26.8369
26.7402
26.6375
26.5288
26.4136
26.2919
26.1634
26.028
25.8855
25.7358
25.5786
25.4139
27.907
27.9051
27.901
27.8947
27.8863
27.8757
27.8629
27.8478
27.8305
27.8108
27.7887
27.764
27.7368
27.7068
27.6739
27.638
27.5989
27.5565
27.5106
27.461
27.4076
27.3501
27.2883
27.2221
27.1512
27.0754
26.9946
26.9084
26.8168
26.7194
26.6161
26.5067
26.3909
26.2686
26.1395
26.0036
25.8607
25.7105
25.5529
25.388
27.9006
27.8986
27.8945
27.8881
27.8795
27.8689
27.8558
27.8405
27.823
27.803
27.7806
27.7556
27.7279
27.6976
27.6641
27.6278
27.5883
27.5453
27.4989
27.4487
27.3948
27.3367
27.2742
27.2075
27.1359
27.0595
26.9781
26.8913
26.799
26.701
26.5971
26.4871
26.3707
26.2479
26.1184
25.982
25.8387
25.6881
25.5303
25.3651
27.8951
27.893
27.8888
27.8824
27.8737
27.8629
27.8497
27.8342
27.8164
27.7962
27.7735
27.7482
27.7202
27.6895
27.6557
27.619
27.579
27.5356
27.4887
27.4381
27.3836
27.325
27.262
27.1947
27.1227
27.0457
26.9637
26.8763
26.7836
26.6851
26.5806
26.4701
26.3533
26.23
26.1001
25.9633
25.8196
25.6687
25.5106
25.3452
27.8903
27.8883
27.884
27.8775
27.8687
27.8578
27.8445
27.8288
27.8108
27.7904
27.7675
27.7419
27.7136
27.6826
27.6486
27.6115
27.5711
27.5274
27.4801
27.4291
27.3742
27.3151
27.2517
27.184
27.1115
27.0341
26.9516
26.8638
26.7705
26.6716
26.5667
26.4558
26.3386
26.2149
26.0846
25.9475
25.8035
25.6524
25.494
25.3285
27.8865
27.8844
27.8801
27.8736
27.8647
27.8536
27.8402
27.8244
27.8063
27.7857
27.7626
27.7368
27.7083
27.677
27.6428
27.6054
27.5648
27.5207
27.4731
27.4218
27.3665
27.3071
27.2434
27.1752
27.1024
27.0246
26.9418
26.8536
26.76
26.6607
26.5554
26.4442
26.3267
26.2027
26.0721
25.9347
25.7905
25.6392
25.4806
25.3149
27.8836
27.8815
27.8772
27.8706
27.8617
27.8505
27.837
27.8211
27.8029
27.7821
27.7588
27.7329
27.7043
27.6728
27.6383
27.6007
27.5599
27.5156
27.4678
27.4162
27.3607
27.301
27.2371
27.1686
27.0955
27.0174
26.9343
26.8459
26.7519
26.6524
26.5469
26.4353
26.3176
26.1934
26.0626
25.9251
25.7806
25.6291
25.4705
25.3046
27.8816
27.8795
27.8752
27.8685
27.8596
27.8484
27.8348
27.8189
27.8005
27.7797
27.7563
27.7303
27.7016
27.6699
27.6354
27.5976
27.5566
27.5122
27.4642
27.4125
27.3567
27.2969
27.2328
27.1641
27.0908
27.0126
26.9292
26.8407
26.7465
26.6468
26.5412
26.4294
26.3115
26.1871
26.0562
25.9185
25.7739
25.6224
25.4636
25.2976
27.8806
27.8785
27.8741
27.8675
27.8586
27.8473
27.8337
27.8177
27.7993
27.7785
27.755
27.729
27.7002
27.6684
27.6338
27.596
27.5549
27.5105
27.4624
27.4106
27.3547
27.2948
27.2306
27.1618
27.0884
27.0101
26.9267
26.838
26.7438
26.6439
26.5382
26.4264
26.3084
26.184
26.0529
25.9152
25.7705
25.6189
25.4602
25.2941
39.6284
39.1357
37.3064
35.3317
33.6373
32.3028
31.2447
30.4016
29.6886
29.0761
28.5274
28.0375
27.5731
27.1432
26.7057
26.2871
25.8482
25.4203
24.9742
24.5343
24.085
23.6365
23.1891
22.7353
22.2884
21.8283
21.3761
20.9055
20.4423
19.9535
19.4819
18.9627
18.4931
17.9214
17.4597
16.8331
16.3533
15.7117
15.1631
14.5503
13.9098
13.2971
12.5993
11.9569
11.1784
10.5793
9.64233
9.10228
8.09597
7.44755
6.55199
5.75092
4.98576
4.00577
3.55074
2.29466
2.00157
0.95336
0.444481
-0.0138167
-0.993769
-0.67668
-1.83963
-1.66533
-1.7193
-2.56108
-1.59922
-2.32646
-2.3809
-1.4787
-2.31046
-1.57079
-0.852349
-1.45799
-0.832653
-0.459088
-0.905796
-0.576032
-0.0855231
-0.0193761
37.6443
37.5774
36.6791
35.2274
33.678
32.3188
31.1884
30.3094
29.5749
28.9901
28.44
27.9853
27.5051
27.1037
26.6413
26.2497
25.7865
25.3819
24.9195
24.4922
24.0417
23.5881
23.1578
22.6784
22.264
21.765
21.3511
20.8406
20.4155
19.8893
19.4606
18.8957
18.477
17.8622
17.4343
16.8027
16.3021
15.7222
15.0927
14.5726
13.8434
13.3209
12.5351
11.997
11.1155
10.6079
9.63437
9.06393
8.18875
7.36663
6.69756
5.65643
5.13704
3.94098
3.60769
2.43856
1.90591
1.26794
0.235638
0.221766
-0.98414
-0.767094
-1.39186
-2.03998
-1.42012
-2.42017
-1.84988
-1.82129
-2.653
-1.53432
-1.79179
-2.04775
-0.76457
-1.09972
-1.20601
-0.357626
-0.631356
-0.765828
-0.139079
0.0422144
36.7702
36.8403
36.3004
35.2086
33.8175
32.4577
31.2606
30.3099
29.5319
28.9294
28.3873
27.9323
27.4697
27.0549
26.6123
26.1959
25.7584
25.3229
24.8909
24.4318
24.0101
23.5306
23.1189
22.6248
22.2142
21.7159
21.2921
20.7942
20.3533
19.8452
19.3959
18.8612
18.3983
17.8502
17.3355
16.8076
16.2031
15.712
15.027
14.5291
13.8229
13.2637
12.5307
11.9321
11.1648
10.4978
9.75357
8.9506
8.29238
7.35989
6.7227
5.76346
5.13565
4.21691
3.49981
2.79042
1.89725
1.43594
0.528971
0.214939
-0.415777
-0.906908
-1.06619
-1.69286
-1.55413
-1.75193
-2.0264
-1.69505
-2.0517
-1.90632
-1.4989
-1.63488
-1.16737
-0.8106
-0.977281
-0.695669
-0.456559
-0.564066
-0.321817
-0.00551278
36.073
36.1447
35.7289
34.8838
33.6864
32.4373
31.2522
30.2713
29.4584
28.8246
28.2881
27.8237
27.3905
26.9619
26.5532
26.1104
25.7081
25.2391
24.8401
24.3523
23.9526
23.4613
23.0509
22.568
22.1359
21.6669
21.2088
20.746
20.2702
19.7976
19.3093
18.8213
18.303
17.8189
17.2423
16.7701
16.1384
15.6498
14.9991
14.4436
13.8112
13.176
12.5307
11.8559
11.191
10.4312
9.79395
8.93901
8.29997
7.43603
6.69862
5.92125
5.14085
4.40568
3.54275
2.96863
2.08396
1.51125
0.871523
0.299319
-0.0972863
-0.757565
-0.942302
-1.27323
-1.53122
-1.49121
-1.78926
-1.73126
-1.69291
-1.86528
-1.4843
-1.34238
-1.25431
-0.842152
-0.759718
-0.785875
-0.502784
-0.41446
-0.363725
-0.0603889
35.4716
35.5141
35.1821
34.4993
33.5004
32.3732
31.2558
30.2648
29.4414
28.7633
28.2224
27.7364
27.32
26.8838
26.4956
26.047
25.656
25.1847
24.7835
24.3045
23.8875
23.4201
22.9798
22.5307
22.0642
21.6261
21.1416
20.6982
20.2067
19.7464
19.2436
18.7723
18.2379
17.766
17.1927
16.7054
16.1143
15.5741
14.9895
14.3738
13.7922
13.1276
12.5128
11.82
11.1816
10.4288
9.78333
8.9964
8.28012
7.52915
6.72539
6.02196
5.20983
4.52054
3.70094
3.05992
2.32613
1.64536
1.11021
0.493184
0.0763751
-0.448271
-0.777284
-0.993918
-1.31969
-1.37521
-1.49465
-1.61661
-1.51874
-1.5857
-1.4363
-1.19083
-1.09646
-0.87013
-0.66768
-0.674676
-0.550282
-0.358249
-0.289356
-0.0789506
34.9465
34.9521
34.6825
34.1056
33.2754
32.2661
31.2361
30.2588
29.4345
28.7237
28.164
27.6599
27.2409
26.8067
26.4215
25.9848
25.5875
25.1351
24.7138
24.2609
23.8146
23.3763
22.9084
22.4814
21.9997
21.5686
21.0846
20.6362
20.1517
19.6852
19.1869
18.7119
18.1859
17.6986
17.1548
16.6305
16.085
15.5056
14.9551
14.3269
13.75
13.1014
12.4769
11.803
11.1549
10.4445
9.75761
9.04092
8.28347
7.58212
6.78982
6.08099
5.31322
4.60411
3.86321
3.16143
2.51263
1.82758
1.281
0.716338
0.250195
-0.183561
-0.568908
-0.812042
-1.07032
-1.22262
-1.27942
-1.41997
-1.40107
-1.38008
-1.32775
-1.12373
-0.973842
-0.83362
-0.66252
-0.588679
-0.534729
-0.359051
-0.230506
-0.0816488
34.4789
34.4534
34.2258
33.7236
33.0183
32.1209
31.1767
30.2404
29.4179
28.6961
28.1091
27.5917
27.1569
26.7285
26.3362
25.9188
25.51
25.082
24.6417
24.2118
23.7469
23.322
22.8474
22.4195
21.9455
21.5018
21.0326
20.5701
20.0978
19.6222
19.1325
18.6489
18.1368
17.6331
17.1119
16.5679
16.0398
15.4569
14.9045
14.2943
13.7022
13.079
12.4418
11.7898
11.1347
10.452
9.74978
9.06327
8.31484
7.61686
6.86388
6.13886
5.41575
4.69883
4.00078
3.28996
2.66942
2.02298
1.448
0.921079
0.450363
0.0388849
-0.349623
-0.630429
-0.849954
-1.0287
-1.11189
-1.22033
-1.25878
-1.22289
-1.18162
-1.03742
-0.880329
-0.753141
-0.635601
-0.534719
-0.4763
-0.345072
-0.196597
-0.0687752
34.0519
34.009
33.8012
33.3611
32.7405
31.9486
31.0805
30.2023
29.3899
28.6709
28.0593
27.5295
27.0754
26.6498
26.2482
25.8466
25.4313
25.0207
24.5745
24.1532
23.6884
23.2594
22.7944
22.3531
21.8941
21.4359
20.9788
20.5081
20.0412
19.563
19.0772
18.589
18.0862
17.5745
17.0618
16.5171
15.9865
15.4171
14.8522
14.2637
13.6604
13.0522
12.4161
11.7745
11.1222
10.4507
9.75747
9.07674
8.35721
7.64956
6.93253
6.2084
5.50831
4.80312
4.12164
3.43433
2.81435
2.20573
1.62459
1.11073
0.653392
0.238693
-0.136954
-0.43318
-0.651349
-0.826873
-0.949664
-1.04574
-1.10062
-1.08102
-1.04052
-0.935219
-0.802484
-0.679388
-0.587654
-0.501277
-0.422701
-0.315837
-0.179201
-0.0603378
33.6566
33.6074
33.4042
33.0171
32.4559
31.7565
30.9565
30.1406
29.3512
28.6395
28.0145
27.4721
27.0004
26.5723
26.1621
25.7694
25.3537
24.9512
24.5109
24.0876
23.6343
23.1939
22.7427
22.2888
21.8399
21.3753
20.9208
20.4509
19.9821
19.5069
19.0208
18.5323
18.0333
17.5212
17.0083
16.4713
15.9336
15.3764
14.8069
14.2277
13.627
13.0218
12.3966
11.7584
11.1123
10.4496
9.77101
9.09171
8.39495
7.69057
6.99346
6.28485
5.59689
4.90705
4.23864
3.57814
2.95801
2.37309
1.80335
1.29529
0.846033
0.433471
0.0670276
-0.232782
-0.464354
-0.639636
-0.781184
-0.882241
-0.940139
-0.939265
-0.909877
-0.831211
-0.724347
-0.613732
-0.52993
-0.463345
-0.379055
-0.27995
-0.16446
-0.0538922
33.289
33.238
33.0341
32.6887
32.1752
31.5495
30.8146
30.0551
29.3
28.5989
27.9716
27.4182
26.9318
26.4971
26.0798
25.6886
25.2771
24.8761
24.4474
24.0193
23.5787
23.1304
22.687
22.2292
21.7815
21.3188
20.8608
20.3949
19.9238
19.4504
18.9653
18.477
17.9795
17.4704
16.955
16.426
15.8843
15.3334
14.7675
14.1892
13.5976
12.9925
12.3788
11.7428
11.1053
10.4512
9.78456
9.11043
8.42781
7.73915
7.05133
6.36205
5.68298
5.0099
4.35546
3.71571
3.1027
2.5303
1.97952
1.47668
1.02955
0.623911
0.262841
-0.0370979
-0.281977
-0.46529
-0.609645
-0.720892
-0.785436
-0.800031
-0.787694
-0.72959
-0.641512
-0.549704
-0.471491
-0.416637
-0.341183
-0.246823
-0.148016
-0.0484781
32.9471
32.8925
32.6902
32.3737
31.9035
31.3329
30.6608
29.9497
29.2341
28.5491
27.926
27.3668
26.868
26.4248
26.0013
25.6062
25.201
24.798
24.3814
23.9507
23.5189
23.0695
22.6275
22.1726
21.7212
21.2634
20.8013
20.3387
19.8668
19.3937
18.9108
18.4222
17.9262
17.4198
16.9045
16.3789
15.8392
15.2897
14.7301
14.1526
13.5685
12.9672
12.3596
11.7306
11.1
10.4548
9.79727
9.13226
8.46124
7.78932
7.10937
6.43592
5.76964
5.11236
4.47094
3.84793
3.24533
2.68312
2.1501
1.65274
1.20779
0.807918
0.452102
0.152303
-0.10309
-0.296934
-0.440804
-0.560332
-0.637894
-0.667976
-0.66897
-0.627273
-0.556221
-0.484543
-0.415033
-0.366001
-0.305107
-0.218763
-0.130732
-0.042699
32.6289
32.5666
32.3699
32.0714
31.6411
31.1127
30.4973
29.8298
29.1535
28.4905
27.8751
27.3154
26.8075
26.3552
25.9263
25.5246
25.1242
24.7195
24.3115
23.8826
23.4549
23.0096
22.5663
22.1158
21.6618
21.2067
20.7439
20.2816
19.8109
19.3376
18.8563
18.3688
17.8733
17.3699
16.8559
16.331
15.7972
15.2468
14.6935
14.1187
13.5397
12.9445
12.3403
11.7219
11.0953
10.46
9.81008
9.15729
8.49661
7.83686
7.16893
6.50808
5.85742
5.21335
4.58406
3.97524
3.38525
2.83405
2.31338
1.82287
1.38237
0.986185
0.635445
0.33429
0.0716679
-0.131165
-0.277342
-0.40341
-0.497063
-0.540626
-0.550132
-0.524217
-0.47201
-0.418119
-0.360122
-0.316339
-0.268687
-0.193305
-0.112954
-0.0359687
32.3314
32.2581
32.0696
31.7826
31.3865
30.8936
30.3259
29.7003
29.0594
28.4227
27.818
27.2615
26.7491
26.2875
25.8545
25.4449
25.0469
24.6416
24.238
23.8144
23.3879
22.949
22.5046
22.0579
21.6036
21.149
20.688
20.2243
19.7559
19.2822
18.8022
18.3162
17.8214
17.3205
16.8082
16.2848
15.7557
15.2062
14.6569
14.0876
13.5118
12.923
12.3234
11.7143
11.092
10.4663
9.82484
9.18416
8.53219
7.88269
7.23068
6.58019
5.94386
5.31214
4.69442
4.0996
3.5231
2.98135
2.47013
1.98743
1.55284
1.16038
0.811522
0.508641
0.242967
0.0331175
-0.119846
-0.253543
-0.359512
-0.413705
-0.432687
-0.423332
-0.390139
-0.351189
-0.306137
-0.268433
-0.23036
-0.167192
-0.0955147
-0.0297017
32.0514
31.966
31.7853
31.5077
31.139
30.6781
30.1491
29.5637
28.9547
28.3454
27.7547
27.2035
26.6908
26.2213
25.7848
25.368
24.9693
24.5645
24.1626
23.7448
23.3198
22.8864
22.4431
21.9987
21.546
21.0914
20.632
20.1683
19.7009
19.228
18.7487
18.2642
17.7709
17.271
16.7621
16.24
15.7142
15.1682
14.6207
14.0587
13.4848
12.9031
12.3087
11.7071
11.091
10.4734
9.84236
9.21026
8.56834
7.92959
7.29272
6.65205
6.02757
5.40915
4.80347
4.22202
3.6573
3.12358
2.62214
2.14713
1.7189
1.33034
0.979738
0.676935
0.411577
0.194533
0.0308072
-0.109974
-0.222404
-0.287368
-0.319635
-0.326199
-0.309655
-0.283947
-0.251117
-0.220565
-0.190988
-0.140637
-0.0796399
-0.0243912
31.7855
31.6898
31.514
31.2465
30.8984
30.467
29.9698
29.421
28.8423
28.2585
27.6854
27.1407
26.6312
26.1563
25.7161
25.2942
24.8919
24.4885
24.0862
23.6737
23.2513
22.8217
22.3819
21.9385
21.4884
21.0341
20.5759
20.1133
19.6459
19.1747
18.6956
18.2129
17.7213
17.2222
16.7172
16.1963
15.6735
15.132
14.5863
14.0305
13.4594
12.8849
12.2954
11.7008
11.0919
10.4816
9.86117
9.23569
8.60652
7.97748
7.35302
6.72368
6.10919
5.50556
4.9115
4.3407
3.78716
3.26163
2.77047
2.30294
1.87948
1.49451
1.14208
0.840868
0.576402
0.350739
0.17604
0.0303918
-0.0871332
-0.164058
-0.21106
-0.232017
-0.22936
-0.215681
-0.194182
-0.173495
-0.153209
-0.114492
-0.0646815
-0.01928
31.5315
31.4284
31.2542
30.9976
30.6651
30.2601
29.7904
29.2736
28.7239
28.1636
27.6097
27.0733
26.5688
26.0916
25.6479
25.2225
24.8158
24.4131
24.0101
23.6017
23.182
22.7559
22.3197
21.878
21.4303
20.9772
20.52
20.0587
19.5918
19.1217
18.6437
18.1623
17.6724
17.1748
16.6727
16.1541
15.6337
15.0973
14.5535
14.0026
13.4365
12.8677
12.2833
11.6954
11.0948
10.4909
9.88016
9.26246
8.64573
8.02539
7.4117
6.79525
6.19027
5.60073
5.01682
4.45529
3.9141
3.39667
2.91476
2.45446
2.03359
1.65298
1.30134
1.0003
0.735245
0.501504
0.318274
0.168202
0.0437702
-0.0442809
-0.10524
-0.139956
-0.148846
-0.146516
-0.137424
-0.128317
-0.116996
-0.088333
-0.0495398
-0.0140952
31.2878
31.18
31.0057
30.7589
30.44
30.0569
29.6125
29.1228
28.6009
28.0623
27.5274
27.0019
26.5029
26.0268
25.5798
25.1524
24.7415
24.3381
23.9352
23.5286
23.1124
22.6893
22.2562
21.8174
21.3713
20.9207
20.4642
20.0042
19.5386
19.069
18.5931
18.1119
17.6247
17.1285
16.6286
16.1134
15.5948
15.0637
14.5218
13.976
13.4153
12.8511
12.2728
11.6911
11.0994
10.5008
9.89963
9.29121
8.68434
8.07348
7.46957
6.86663
6.27115
5.69266
5.11945
4.56762
4.03842
3.52843
3.05387
2.60134
2.18253
1.8069
1.45779
1.15385
0.887391
0.648419
0.458229
0.302647
0.17015
0.0719403
-0.00175117
-0.049149
-0.0682267
-0.078086
-0.0823817
-0.0837683
-0.0811553
-0.0622169
-0.0340961
-0.00903552
31.0539
30.9431
30.7678
30.5292
30.2229
29.8576
29.4368
28.9701
28.474
27.9561
27.4392
26.9264
26.4333
25.9609
25.5115
25.0831
24.6687
24.264
23.8611
23.4553
23.0424
22.6218
22.1919
21.7563
21.312
20.864
20.4086
19.9501
19.486
19.0171
18.5432
18.0625
17.578
17.0831
16.5854
16.074
15.5571
15.0309
14.4917
13.951
13.395
12.8354
12.2642
11.6878
11.1049
10.5116
9.91998
9.32119
8.72204
8.12199
7.5273
6.93714
6.35094
5.78135
5.22081
4.67822
4.15889
3.65645
3.18817
2.7442
2.32783
1.956
1.60977
1.30159
1.03408
0.792595
0.595237
0.43326
0.292247
0.183787
0.100192
0.0418247
0.0112321
-0.0118893
-0.028629
-0.0388902
-0.0452283
-0.0363636
-0.0188217
-0.00425389
30.8299
30.7158
30.5403
30.3076
30.0132
29.6629
29.263
28.8172
28.3439
27.8462
27.3458
26.8466
26.3607
25.893
25.4433
25.0139
24.5973
24.191
23.7876
23.3826
22.9717
22.554
22.127
21.6945
21.2528
20.8067
20.3537
19.896
19.4339
18.9661
18.4936
18.0144
17.5317
17.0387
16.5432
16.0355
15.5206
14.9989
14.4634
13.9269
13.3757
12.821
12.2572
11.6853
11.1106
10.5243
9.94087
9.35134
8.75956
8.17085
7.58516
7.00581
6.42933
5.86855
5.32068
4.78618
4.27505
3.78135
3.31888
2.88276
2.46958
2.09966
1.75645
1.44519
1.17658
0.933436
0.728343
0.559599
0.410107
0.292389
0.201924
0.132226
0.0875972
0.0519386
0.0247808
0.00672271
-0.00874837
-0.0112269
-0.00453116
0.000304676
30.6152
30.497
30.3224
30.0937
29.8104
29.473
29.0913
28.665
28.2112
27.7334
27.2481
26.763
26.285
25.8227
25.3746
24.9445
24.527
24.1187
23.715
23.3105
22.9009
22.4863
22.0616
21.6323
21.1935
20.7491
20.2992
19.8421
19.3824
18.9156
18.4447
17.9673
17.4859
16.9957
16.5018
15.998
15.4852
14.9677
14.4365
13.9034
13.3579
12.8079
12.2511
11.6837
11.1169
10.539
9.96151
9.3814
8.79804
8.21947
7.64275
7.07244
6.50691
5.95511
5.41754
4.89126
4.38791
3.90352
3.44607
3.01645
2.60765
2.23815
1.89829
1.58577
1.3147
1.06966
0.857401
0.681752
0.525046
0.399632
0.301954
0.219682
0.160808
0.114853
0.0790786
0.0529664
0.0274228
0.0122366
0.00868013
0.00508287
30.409
30.2865
30.1131
29.8874
29.6137
29.2881
28.9221
28.5136
28.0774
27.6181
27.1473
26.6757
26.2064
25.7502
25.3048
24.8748
24.4571
24.0473
23.6433
23.2388
22.8305
22.4183
21.9963
21.5697
21.134
20.6915
20.2442
19.7888
19.3311
18.8658
18.3966
17.9209
17.441
16.9537
16.4613
15.9614
15.4511
14.9375
14.4108
13.8809
13.3417
12.7957
12.2455
11.6838
11.1238
10.5547
9.98213
9.41187
8.83756
8.26707
7.69967
7.1379
6.58382
6.04033
5.51081
4.99409
4.49837
4.02223
3.56956
3.14567
2.74174
2.37248
2.03583
1.72275
1.44802
1.20119
0.983018
0.800411
0.63814
0.504815
0.397762
0.304041
0.232948
0.178507
0.133925
0.0979501
0.0618105
0.0345016
0.0219296
0.0103022
30.2107
30.0837
29.9113
29.6886
29.4225
29.1081
28.7554
28.3636
27.9432
27.5007
27.0442
26.585
26.1253
25.6753
25.2337
24.8049
24.3872
23.9768
23.5721
23.168
22.7608
22.3503
21.9312
21.5066
21.0743
20.6337
20.1891
19.7361
19.2797
18.8168
18.3491
17.8753
17.3972
16.9126
16.4218
15.9255
15.4184
14.9081
14.3862
13.8596
13.3265
12.7844
12.2404
11.6857
11.131
10.5705
10.0039
9.44261
8.87717
8.31365
7.75603
7.20317
6.65914
6.12338
5.60161
5.09499
4.60629
4.13698
3.68974
3.27077
2.8717
2.50359
2.16859
1.85528
1.57732
1.32861
1.10531
0.916034
0.74883
0.606415
0.48957
0.386881
0.305482
0.242346
0.187142
0.140379
0.0948752
0.0573954
0.0359345
0.0153994
30.0193
29.8883
29.7165
29.4968
29.2368
28.9328
28.5916
28.215
27.8089
27.382
26.9391
26.4916
26.0419
25.5981
25.1613
24.7343
24.3173
23.907
23.5017
23.0981
22.6915
22.2826
21.8662
21.4434
21.0145
20.576
20.1341
19.6835
19.2288
18.7684
18.3021
17.8307
17.3541
16.8723
16.3835
15.8904
15.387
14.8793
14.3626
13.8395
13.3119
12.7743
12.2361
11.6888
11.1384
10.5865
10.0273
9.47286
8.91626
8.36008
7.81202
7.26797
6.73187
6.20469
5.69118
5.19324
4.71127
4.24812
3.8067
3.3921
2.99791
2.63116
2.2962
1.98386
1.70337
1.45181
1.22404
1.02883
0.856153
0.70451
0.579011
0.468761
0.377805
0.304508
0.237891
0.18123
0.128039
0.0817958
0.0500169
0.0196755
29.8341
29.7
29.5282
29.3115
29.0567
28.7618
28.431
28.0679
27.6753
27.2625
26.8324
26.3962
25.956
25.519
25.0876
24.6628
24.2475
23.8374
23.4321
23.0288
22.6228
22.2154
21.8011
21.3805
20.9544
20.5184
20.0791
19.631
19.1784
18.7203
18.2557
17.787
17.3118
16.8329
16.3464
15.856
15.3567
14.8515
14.34
13.8207
13.2978
12.7658
12.2325
11.6922
11.1468
10.6028
10.0514
9.50256
8.95499
8.40706
7.86713
7.33136
6.80262
6.28508
5.7793
5.2881
4.81338
4.35622
3.92046
3.51012
3.12007
2.75441
2.41976
2.10898
1.82564
1.57078
1.33949
1.13868
0.959744
0.800016
0.666796
0.549081
0.448626
0.364316
0.287268
0.221796
0.161817
0.106812
0.0630397
0.0231934
29.6546
29.5183
29.346
29.1323
28.8819
28.595
28.2736
27.9224
27.5425
27.1424
26.7246
26.2991
25.8682
25.4383
25.0123
24.5907
24.1773
23.768
23.3631
22.9602
22.5548
22.1485
21.7362
21.3179
20.8943
20.4612
20.0241
19.5787
19.1284
18.6726
18.2101
17.7439
17.2706
16.7941
16.3106
15.8224
15.3272
14.825
14.318
13.803
13.2843
12.7584
12.2295
11.6958
11.1566
10.619
10.0757
9.53248
8.99365
8.45411
7.92078
7.39336
6.87268
6.36406
5.86499
5.37997
4.9129
4.46173
4.03105
3.62447
3.23779
2.87399
2.5403
2.22988
1.94382
1.68631
1.4517
1.24513
1.06001
0.893535
0.752664
0.627241
0.517239
0.422398
0.336407
0.262488
0.195512
0.130805
0.0748968
0.0267168
29.4806
29.3424
29.1696
28.9588
28.7121
28.4324
28.1194
27.7789
27.4107
27.0223
26.6163
26.2006
25.7789
25.356
24.9356
24.5178
24.1066
23.6989
23.2946
22.8921
22.4875
22.082
21.6718
21.2555
20.8345
20.4041
19.9692
19.5268
19.0784
18.6255
18.165
17.7013
17.2304
16.7558
16.2758
15.7896
15.2985
14.7999
14.2965
13.7864
13.2718
12.7518
12.2272
11.7
11.1675
10.6351
10.1
9.56321
9.03191
8.5003
7.97343
7.45462
6.94204
6.44049
5.94823
5.4699
5.00983
4.5646
4.13806
3.73486
3.35197
2.99061
2.65718
2.34611
2.0586
1.79873
1.56027
1.34819
1.15765
0.984915
0.836164
0.703019
0.583687
0.479655
0.385621
0.302867
0.227806
0.153124
0.0867523
0.030814
29.3116
29.172
28.9988
28.7905
28.5473
28.2738
27.9685
27.6374
27.2799
26.9024
26.5074
26.1011
25.6885
25.2723
24.8577
24.4441
24.0354
23.6299
23.2262
22.8248
22.4208
22.0162
21.6081
21.1934
20.7751
20.3472
19.9145
19.4752
19.0287
18.5789
18.1205
17.6591
17.1913
16.7183
16.242
15.7579
15.2704
14.7759
14.2756
13.7706
13.2604
12.7455
12.226
11.7047
11.1786
10.6517
10.1242
9.59451
9.06942
8.54549
8.02594
7.51498
7.00971
6.51439
6.02989
5.55823
5.10381
4.66432
4.24155
3.84215
3.46321
3.10362
2.76981
2.45855
2.17041
1.9076
1.66528
1.44826
1.25271
1.07374
0.917196
0.776549
0.648513
0.536447
0.434328
0.342111
0.25813
0.174658
0.0996702
0.0352939
29.1476
29.0068
28.8331
28.6272
28.3874
28.1192
27.8209
27.4981
27.1506
26.783
26.3984
26.0012
25.597
25.1876
24.7787
24.3696
23.9636
23.5608
23.1581
22.7578
22.3549
21.9509
21.5448
21.1318
20.7159
20.2906
19.8601
19.4239
18.9795
18.5326
18.0767
17.6174
17.1529
16.6818
16.2086
15.7275
15.243
14.7528
14.2558
13.7556
13.2498
12.7396
12.2259
11.7097
11.1899
10.6689
10.1481
9.62577
9.10642
8.59006
8.07825
7.57382
7.07539
6.58688
6.11014
5.64425
5.19463
4.76088
4.34245
3.94675
3.57074
3.21253
2.87887
2.56797
2.27874
2.01283
1.76718
1.54529
1.345
1.16002
0.995922
0.848086
0.712083
0.592301
0.481803
0.379995
0.287129
0.196449
0.113476
0.039639
28.9883
28.8464
28.6723
28.4685
28.2319
27.9684
27.6767
27.3611
27.0228
26.6642
26.2895
25.9009
25.5048
25.1022
24.6987
24.2945
23.8915
23.4914
23.0904
22.6912
22.2898
21.8864
21.482
21.0709
20.6569
20.2346
19.8059
19.3729
18.9309
18.4864
18.0337
17.5761
17.1152
16.6463
16.1758
15.6985
15.2162
14.7303
14.2373
13.7411
13.2401
12.7345
12.2264
11.7151
11.2013
10.6866
10.1719
9.65664
9.14334
8.63422
8.1296
7.63109
7.13977
6.6584
6.18811
5.72756
5.28289
4.85482
4.44103
4.04792
3.67414
3.31809
2.98508
2.67411
2.38318
2.11476
1.86605
1.63935
1.43464
1.24381
1.07241
0.917718
0.774356
0.646724
0.527888
0.416836
0.31563
0.218597
0.127276
0.0436219
28.8339
28.6903
28.5162
28.3141
28.0808
27.8214
27.5357
27.2266
26.8966
26.5462
26.1807
25.8006
25.4119
25.0163
24.6178
24.2188
23.819
23.4216
23.023
22.6249
22.2253
21.8227
21.4197
21.0106
20.5982
20.1791
19.7524
19.3221
18.8829
18.4404
17.9913
17.5356
17.0779
16.6119
16.1437
15.6704
15.1903
14.7085
14.2197
13.727
13.2312
12.7301
12.2271
11.7212
11.213
10.7046
10.1957
9.68695
9.18042
8.67776
8.1795
7.68748
7.20321
6.72816
6.2634
5.80869
5.36921
4.94612
4.53652
4.14545
3.77432
3.42086
3.08818
2.77645
2.484
2.2137
1.96195
1.73074
1.52144
1.325
1.14675
0.98553
0.835321
0.699511
0.572571
0.452986
0.344115
0.240557
0.14034
0.0473427
28.6841
28.5386
28.3646
28.1638
27.9338
27.678
27.3979
27.0947
26.7721
26.4295
26.0722
25.7004
25.3188
24.9301
24.5366
24.1423
23.7462
23.3515
22.9558
22.5589
22.1613
21.7598
21.3578
20.951
20.5399
20.124
19.6994
19.2716
18.8356
18.3948
17.9493
17.4959
17.0408
16.5785
16.1123
15.6428
15.1656
14.6872
14.2028
13.7137
13.2228
12.7265
12.2282
11.7277
11.225
10.7225
10.2194
9.71691
9.2174
8.72036
8.22824
7.74335
7.26514
6.79566
6.33668
5.8881
5.45338
5.03433
4.62869
4.24025
3.87185
3.52033
3.18769
2.87523
2.5818
2.30972
2.05495
1.81934
1.60512
1.40383
1.21917
1.05168
0.894724
0.750402
0.616042
0.48894
0.372556
0.261513
0.152469
0.0510843
28.5388
28.3911
28.2172
28.0174
27.7907
27.5382
27.2631
26.9654
26.6493
26.3142
25.9642
25.6005
25.2256
24.8436
24.4552
24.0653
23.6734
23.2812
22.8886
22.4934
22.0976
21.6978
21.2966
20.892
20.4825
20.069
19.6472
19.2214
18.7887
18.35
17.9077
17.457
17.0042
16.5457
16.0818
15.6157
15.1422
14.6665
14.1866
13.7014
13.2148
12.7235
12.2296
11.7348
11.2374
10.7402
10.2431
9.74673
9.25359
8.76222
8.27637
7.79813
7.32524
6.8614
6.40844
5.96546
5.53492
5.1196
4.71813
4.33278
3.96632
3.61603
3.28386
2.97114
2.67676
2.40254
2.14494
1.90501
1.68606
1.48061
1.28973
1.11595
0.952036
0.79972
0.658917
0.524735
0.400163
0.280987
0.164165
0.055124
28.3978
28.2478
28.0738
27.8749
27.6511
27.4019
27.1314
26.8388
26.5285
26.2004
25.8569
25.5008
25.1325
24.7569
24.3739
23.988
23.6004
23.2109
22.8213
22.4285
22.0341
21.6365
21.2362
20.8335
20.4259
20.0144
19.5956
19.1718
18.7422
18.3059
17.8662
17.4189
16.9683
16.5134
16.0522
15.5892
15.1196
14.6465
14.171
13.6898
13.2073
12.721
12.2316
11.7422
11.2499
10.7578
10.2671
9.77614
9.28877
8.8038
8.32377
7.85123
7.38395
6.92579
6.47841
6.04038
5.61393
5.20252
4.8051
4.42257
4.05738
3.70834
3.37725
3.06434
2.76853
2.49201
2.23201
1.98812
1.76468
1.55515
1.35821
1.17795
1.00747
0.848335
0.701137
0.559517
0.426347
0.299553
0.176131
0.0593731
28.2611
28.1086
27.9344
27.7361
27.5149
27.269
27.0025
26.715
26.4097
26.0881
25.7507
25.4015
25.0398
24.6699
24.2927
23.9106
23.5271
23.1408
22.7539
22.3639
21.971
21.5756
21.1767
20.7756
20.37
19.9603
19.5445
19.1229
18.6961
18.2627
17.8252
17.3813
16.933
16.4814
16.0235
15.5633
15.0977
14.6276
14.1559
13.6789
13.2003
12.7189
12.2341
11.7496
11.2624
10.7757
10.2908
9.80501
9.32333
8.84499
8.37008
7.90284
7.44166
6.98868
6.54627
6.11293
5.69081
5.28332
4.88928
4.50922
4.14543
3.79793
3.46782
3.15442
2.85699
2.57847
2.31649
2.06888
1.84084
1.6271
1.4245
1.2379
1.06177
0.89619
0.741805
0.592848
0.451661
0.318094
0.188316
0.0634407
28.1281
27.9734
27.7988
27.6011
27.3819
27.1394
26.8764
26.5938
26.2931
25.9773
25.6458
25.3027
24.9476
24.5831
24.2116
23.8336
23.4537
23.0709
22.6864
22.2995
21.9086
21.5151
21.1181
20.7182
20.3149
19.907
19.4937
19.0747
18.6506
18.22
17.7849
17.3442
16.8985
16.4498
15.9955
15.5381
15.0763
14.6096
14.1413
13.6686
13.1938
12.7172
12.2371
11.757
11.2753
10.7936
10.3139
9.83368
9.35748
8.88525
8.41529
7.95337
7.49818
7.04986
6.61201
6.18339
5.76573
5.36176
4.97048
4.59293
4.23109
3.88491
3.55507
3.24127
2.94265
2.6623
2.39827
2.14711
1.91441
1.69652
1.48886
1.29632
1.11485
0.942433
0.780768
0.625301
0.476807
0.3366
0.200059
0.0671526
27.9988
27.8421
27.6669
27.4697
27.2521
27.013
26.7531
26.4751
26.1787
25.8681
25.5424
25.2046
24.8559
24.4966
24.1305
23.7569
23.3803
23.0012
22.6191
22.2353
21.8467
21.4551
21.0603
20.6617
20.2604
19.8544
19.4434
19.0272
18.6055
18.1779
17.7453
17.3075
16.8647
16.4189
15.968
15.5137
15.0555
14.5923
14.1274
13.6587
13.1879
12.7158
12.2402
11.7647
11.2884
10.8113
10.3367
9.86227
9.391
8.92431
8.45972
8.00296
7.55315
7.1093
6.67589
6.25203
5.8385
5.43754
5.04898
4.67416
4.31439
3.96887
3.63894
3.32533
3.02588
2.74338
2.47707
2.2228
1.98562
1.76368
1.55147
1.35313
1.16608
0.986986
0.81872
0.657222
0.501679
0.354507
0.211008
0.0706764
27.8728
27.7146
27.5386
27.342
27.1255
26.8894
26.6327
26.3587
26.0668
25.7605
25.4404
25.1076
24.7646
24.4107
24.0494
23.6807
23.3072
22.9316
22.5523
22.171
21.7854
21.3955
21.0029
20.6062
20.2065
19.8027
19.3938
18.9802
18.5611
18.1363
17.7065
17.2714
16.8316
16.3887
15.9411
15.49
15.0352
14.5756
14.1141
13.6493
13.1825
12.7147
12.2436
11.7727
11.3014
10.8288
10.3593
9.89052
9.42375
8.96235
8.50346
8.05138
7.60642
7.16719
6.73818
6.31877
5.90876
5.51084
5.12529
4.75295
4.39484
4.04978
3.72005
3.40685
3.10645
2.82151
2.55302
2.29622
2.05467
1.82866
1.61219
1.40806
1.21544
1.03042
0.855879
0.688293
0.525929
0.371583
0.221323
0.0741922
27.75
27.5907
27.4137
27.2179
27.0021
26.7685
26.5151
26.2447
25.9573
25.6549
25.3398
25.0118
24.674
24.3255
23.9686
23.6047
23.2347
22.8622
22.486
22.107
21.7245
21.3367
20.9461
20.5515
20.1533
19.7518
19.3449
18.9337
18.5174
18.0953
17.6684
17.236
16.7991
16.359
15.9147
15.4668
15.0155
14.5595
14.1015
13.6406
13.1774
12.7138
12.2473
11.7807
11.3143
10.8465
10.3818
9.91813
9.45588
8.99963
8.54627
8.09844
7.65816
7.22376
6.79889
6.38331
5.97659
5.58209
5.1995
4.82897
4.47225
4.1282
3.79884
3.48548
3.1841
2.89698
2.62645
2.36736
2.12156
1.89143
1.67082
1.46116
1.26331
1.07284
0.8919
0.718311
0.549498
0.387969
0.231279
0.0777109
27.6303
27.4701
27.2922
27.097
26.8821
26.6504
26.4002
26.133
25.8499
25.5513
25.2406
24.9174
24.5841
24.2409
23.8884
23.529
23.1628
22.7931
22.4201
22.0435
21.6638
21.2785
20.8899
20.4975
20.101
19.7016
19.2968
18.8878
18.4743
18.0549
17.6308
17.2014
16.7672
16.33
15.8888
15.4441
14.9964
14.5439
14.0894
13.6324
13.1727
12.7132
12.2513
11.7887
11.3271
10.8641
10.4038
9.9451
9.48761
9.03612
8.58781
8.14422
7.70868
7.27895
6.85768
6.44567
6.04248
5.65133
5.27122
4.90214
4.54704
4.2045
3.87504
3.56093
3.25907
2.97017
2.69739
2.43601
2.18633
1.952
1.72741
1.51275
1.30979
1.11393
0.926684
0.747389
0.572405
0.403875
0.241011
0.0811381
27.5138
27.3528
27.174
26.9792
26.7654
26.5351
26.2879
26.0237
25.7446
25.4498
25.1429
24.8244
24.4952
24.157
23.8088
23.4536
23.0914
22.7246
22.3547
21.9806
21.6033
21.2209
20.8342
20.4442
20.0496
19.652
19.2496
18.8426
18.4318
18.0152
17.5939
17.1675
16.7359
16.3016
15.8635
15.4219
14.9778
14.5288
14.0778
13.6246
13.1685
12.7129
12.2553
11.7968
11.3398
10.8816
10.4253
9.9716
9.5189
9.07165
8.62812
8.189
7.75798
7.33241
6.91454
6.50632
6.10662
5.71815
5.34032
4.97298
4.61958
4.27835
3.94838
3.63359
3.33168
3.04108
2.76571
2.50214
2.24906
2.01047
1.78216
1.56286
1.35464
1.15359
0.960463
0.775562
0.594628
0.419466
0.250485
0.0843793
27.4006
27.2384
27.0592
26.8645
26.652
26.4227
26.1781
25.9169
25.6412
25.3505
25.047
24.7327
24.4076
24.0737
23.7301
23.3787
23.0206
22.6567
22.2897
21.9183
21.5434
21.1639
20.7793
20.3915
19.9991
19.6032
19.2032
18.7983
18.3899
17.9761
17.5576
17.1342
16.7053
16.2738
15.8388
15.4003
14.9596
14.5143
14.0666
13.6172
13.1647
12.7128
12.2595
11.8049
11.3524
10.8988
10.4466
9.99766
9.54953
9.10621
8.66742
8.23273
7.80575
7.38413
6.96983
6.56537
6.16869
5.78238
5.40715
5.0419
4.68966
4.34925
4.0192
3.70399
3.40177
3.10952
2.83151
2.56586
2.30981
2.06706
1.83512
1.61126
1.39781
1.19205
0.993345
0.80271
0.616187
0.434797
0.259595
0.0874131
27.2906
27.127
26.9476
26.7527
26.5415
26.3133
26.0708
25.8125
25.5399
25.2531
24.953
24.6425
24.3214
23.9914
23.6523
23.3045
22.9502
22.5896
22.2253
21.8568
21.484
21.1073
20.7251
20.3395
19.9493
19.5553
19.1575
18.7548
18.3487
17.9377
17.5218
17.1015
16.6755
16.2466
15.8147
15.3792
14.9418
14.5003
14.0558
13.6102
13.1615
12.7129
12.2638
11.8132
11.3647
10.9157
10.4676
10.0232
9.57939
9.14
8.70578
8.2752
7.85193
7.43442
7.02369
6.62252
6.22859
5.84445
5.472
5.1087
4.75693
4.41741
4.08803
3.77212
3.46906
3.17551
2.89505
2.6273
2.36859
2.12185
1.88611
1.65787
1.43965
1.22941
1.02516
0.828804
0.637137
0.44981
0.268305
0.0902834
27.1837
27.0186
26.8389
26.644
26.4339
26.2069
25.966
25.7104
25.4407
25.1576
24.8609
24.5537
24.2365
23.9101
23.5752
23.2312
22.8804
22.5233
22.1615
21.7959
21.4255
21.0511
20.6717
20.2881
19.9003
19.5083
19.1126
18.7122
18.3082
17.8999
17.4867
17.0693
16.6463
16.22
15.7912
15.3587
14.9244
14.4866
14.0453
13.6034
13.1585
12.7132
12.2682
11.8215
11.3768
10.9323
10.4883
10.048
9.60857
9.17307
8.74306
8.31637
7.89672
7.48337
7.07591
6.67756
6.28659
5.90476
5.53464
5.17295
4.8217
4.48338
4.15475
3.83768
3.53367
3.23927
2.95655
2.68651
2.42528
2.17472
1.93513
1.70304
1.48029
1.26536
1.05583
0.854032
0.657476
0.464412
0.276679
0.0930405
27.0797
26.9132
26.7332
26.5382
26.3289
26.1035
25.8639
25.6107
25.3437
25.064
24.7707
24.4666
24.1529
23.8301
23.499
23.1588
22.8113
22.4576
22.0986
21.7356
21.3678
20.9957
20.6188
20.2375
19.8521
19.4622
19.0685
18.6704
18.2685
17.8628
17.4523
17.0377
16.6179
16.1942
15.7683
15.3388
14.9075
14.4732
14.0354
13.5969
13.1558
12.7138
12.2726
11.8298
11.3886
10.9486
10.5087
10.0722
9.63715
9.20535
8.77921
8.35639
7.94022
7.5308
7.12637
6.73071
6.34293
5.96327
5.59473
5.23478
4.8846
4.54712
4.21884
3.90083
3.59598
3.30087
3.016
2.74342
2.47978
2.22574
1.98252
1.74687
1.51942
1.2998
1.0856
0.878558
0.677062
0.478516
0.284831
0.0957272
26.9786
26.8109
26.6302
26.4354
26.2267
26.0028
25.7645
25.5133
25.2489
24.9722
24.6824
24.3813
24.0709
23.7513
23.4238
23.0874
22.7431
22.3926
22.0364
21.6761
21.3109
20.941
20.5666
20.1876
19.8045
19.4169
19.0253
18.6294
18.2296
17.8264
17.4185
17.0067
16.59
16.169
15.7459
15.3194
14.8909
14.4602
14.0258
13.5906
13.1533
12.7147
12.277
11.8381
11.4004
10.9646
10.5285
10.0958
9.66506
9.23678
8.81429
8.39532
7.9824
7.57655
7.17521
6.7822
6.39749
6.01972
5.65245
5.29462
4.94562
4.60823
4.28032
3.96198
3.6562
3.36015
3.07326
2.79809
2.53221
2.27514
2.02839
1.78903
1.55692
1.33307
1.11462
0.902275
0.69574
0.492142
0.292892
0.098364
26.88
26.7115
26.5301
26.3354
26.1273
25.9047
25.6678
25.4184
25.1563
24.8824
24.5959
24.2978
23.9903
23.6739
23.3497
23.0169
22.6758
22.3285
21.9751
21.6173
21.2548
20.8871
20.5151
20.1385
19.7577
19.3724
18.9829
18.5892
18.1916
17.7908
17.3855
16.9763
16.5627
16.1445
15.7241
15.3006
14.8749
14.4475
14.0166
13.5845
13.151
12.7157
12.2814
11.8463
11.412
10.98
10.5479
10.1188
9.69221
9.2674
8.84832
8.43316
8.02326
7.62062
7.22258
6.8321
6.45001
6.07417
5.70831
5.35248
5.00433
4.66685
4.3396
4.0212
3.71419
3.417
3.12838
2.85083
2.58278
2.32285
2.07245
1.82943
1.59327
1.36537
1.14262
0.925053
0.713592
0.505402
0.300891
0.10092
26.7841
26.615
26.4329
26.2382
26.0305
25.8091
25.5738
25.3259
25.066
24.7945
24.5112
24.2161
23.9114
23.598
23.2768
22.9475
22.6097
22.2652
21.9147
21.5594
21.1995
20.8342
20.4644
20.0901
19.7117
19.3288
18.9414
18.5499
18.1545
17.7559
17.3532
16.9466
16.5359
16.1206
15.7029
15.2823
14.8594
14.4351
14.0077
13.5787
13.1488
12.7169
12.2859
11.8545
11.4235
10.995
10.5668
10.1413
9.71854
9.29723
8.88134
8.46986
8.06282
7.66312
7.26849
6.88031
6.50043
6.12687
5.76248
5.40799
5.06068
4.72348
4.3968
4.07821
3.76989
3.47157
3.18157
2.9018
2.63142
2.36861
2.11472
1.86849
1.62864
1.39636
1.16937
0.947073
0.730853
0.518275
0.308698
0.103373
26.6908
26.5212
26.3386
26.1437
25.9365
25.7162
25.4823
25.2359
24.9778
24.7087
24.4283
24.1361
23.8342
23.5236
23.2052
22.8792
22.5445
22.2029
21.8552
21.5024
21.145
20.7822
20.4146
20.0426
19.6664
19.2859
18.9008
18.5114
18.1181
17.7217
17.3217
16.9176
16.5096
16.0973
15.6822
15.2646
14.8445
14.4231
13.999
13.5732
13.1466
12.7182
12.2904
11.8626
11.4348
11.0097
10.5853
10.163
9.74403
9.32629
8.91341
8.50534
8.10112
7.70422
7.31282
6.92678
6.549
6.17791
5.81474
5.46114
5.115
4.77827
4.4517
4.13285
3.82349
3.52418
3.23291
2.95085
2.67798
2.41255
2.15554
1.90629
1.66268
1.42593
1.19509
0.96855
0.747563
0.530566
0.3162
0.105773
26.6002
26.4301
26.2471
26.052
25.8451
25.6257
25.3933
25.1484
24.892
24.625
24.3472
24.058
23.7587
23.4507
23.135
22.812
22.4805
22.1417
21.7966
21.4464
21.0915
20.7312
20.3658
19.9959
19.6219
19.2438
18.861
18.4738
18.0827
17.6884
17.2908
16.8892
16.4839
16.0745
15.6621
15.2474
14.83
14.4114
13.9905
13.5678
13.1446
12.7195
12.2948
11.8705
11.4459
11.024
10.6032
10.1842
9.76867
9.35456
8.94453
8.53955
8.13828
7.74397
7.35541
6.97161
6.59592
6.22706
5.86498
5.51228
5.16749
4.83102
4.50423
4.18531
3.87526
3.57489
3.28218
2.99789
2.72269
2.45494
2.19498
1.94247
1.69524
1.45446
1.21998
0.989366
0.763609
0.542204
0.323434
0.108167
26.5122
26.3415
26.1583
25.963
25.7564
25.5379
25.3067
25.0634
24.8086
24.5434
24.2681
23.9816
23.685
23.3795
23.0663
22.7461
22.4177
22.0816
21.7391
21.3913
21.0389
20.681
20.3179
19.9501
19.5783
19.2025
18.8221
18.4371
18.0481
17.6559
17.2606
16.8616
16.4589
16.0522
15.6425
15.2306
14.816
14.4001
13.9823
13.5626
13.1426
12.721
12.2992
11.8782
11.4569
11.0379
10.6206
10.2047
9.79249
9.38197
8.97465
8.57258
8.17436
7.78229
7.39627
7.01498
6.64118
6.27414
5.91335
5.56171
5.21797
4.8816
4.55464
4.23582
3.92514
3.62352
3.32934
3.04312
2.7658
2.49576
2.23276
1.97697
1.72666
1.4822
1.24384
1.00931
0.779037
0.55333
0.330432
0.110516
26.4269
26.2556
26.0722
25.8768
25.6703
25.4525
25.2226
24.9808
24.7275
24.464
24.1908
23.907
23.613
23.3099
22.9991
22.6815
22.356
22.0227
21.6828
21.3373
20.9872
20.6319
20.271
19.9054
19.5356
19.162
18.784
18.4013
18.0144
17.6243
17.2312
16.8347
16.4345
16.0306
15.6235
15.2143
14.8025
14.3893
13.9744
13.5577
13.1406
12.7223
12.3036
11.8858
11.4676
11.0515
10.6375
10.2247
9.81549
9.40838
9.00382
8.60455
8.20918
7.81917
7.43562
7.05686
6.68464
6.31927
5.96008
5.60936
5.26628
4.93014
4.60319
4.28436
3.97296
3.67006
3.37463
3.08676
2.80723
2.53481
2.26891
2.01012
1.75703
1.50894
1.26657
1.0284
0.794011
0.564056
0.337106
0.112758
26.3441
26.1722
25.9888
25.7933
25.5869
25.3697
25.1409
24.9006
24.6488
24.3869
24.1156
23.8342
23.5429
23.2422
22.9336
22.6183
22.2956
21.9651
21.6277
21.2844
20.9366
20.5837
20.2252
19.8616
19.4938
19.1223
18.7467
18.3663
17.9816
17.5935
17.2026
16.8085
16.4108
16.0095
15.605
15.1984
14.7895
14.3788
13.9668
13.5529
13.1387
12.7237
12.3079
11.8931
11.4781
11.0648
10.6539
10.2441
9.83768
9.43377
9.03211
8.63542
8.24265
7.8548
7.47357
7.09707
6.72635
6.3627
6.00512
5.65505
5.31255
4.97691
4.64989
4.3308
4.01869
3.71473
3.41825
3.1287
2.84686
2.57212
2.30372
2.0421
1.78608
1.53451
1.28836
1.04678
0.808555
0.574358
0.343383
0.114884
26.264
26.0915
25.9079
25.7125
25.5061
25.2895
25.0617
24.8227
24.5725
24.312
24.0425
23.7633
23.4744
23.1762
22.8697
22.5566
22.2364
21.9087
21.5738
21.2327
20.887
20.5365
20.1803
19.819
19.4531
19.0836
18.7102
18.3322
17.9497
17.5636
17.1747
16.7829
16.3878
15.989
15.587
15.183
14.7768
14.3687
13.9594
13.5484
13.1369
12.725
12.3121
11.9002
11.4884
11.0777
10.6696
10.2629
9.85907
9.45819
9.05946
8.66512
8.27489
7.88928
7.51002
7.13556
6.76652
6.4045
6.04827
5.6988
5.35702
5.02193
4.69462
4.37514
4.06251
3.7577
3.46008
3.1688
2.88479
2.60793
2.33727
2.07274
1.81367
1.55904
1.30943
1.0644
0.822531
0.584223
0.349313
0.116913
26.1864
26.0133
25.8295
25.6343
25.4281
25.2118
24.9848
24.7472
24.4985
24.2394
23.9715
23.6944
23.4077
23.1119
22.8075
22.4965
22.1787
21.8535
21.5212
21.1823
20.8386
20.4903
20.1365
19.7773
19.4134
19.0458
18.6746
18.2989
17.9186
17.5346
17.1477
16.7581
16.3654
15.9691
15.5696
15.168
14.7645
14.359
13.9524
13.544
13.1351
12.7262
12.3163
11.9071
11.4983
11.0903
10.6849
10.2811
9.87973
9.48171
9.08576
8.69371
8.30599
7.9225
7.54494
7.1725
6.80522
6.44453
6.08949
5.74083
5.39976
5.06505
4.73741
4.41758
4.1046
3.7989
3.49999
3.20713
2.92125
2.64233
2.36936
2.10195
1.84
1.58268
1.32976
1.08119
0.835857
0.593741
0.355002
0.118839
26.1115
25.9378
25.7537
25.5587
25.3527
25.1367
24.9105
24.674
24.4268
24.1691
23.9027
23.6274
23.3429
23.0494
22.7472
22.438
22.1225
21.7996
21.4698
21.1332
20.7914
20.4452
20.0937
19.7368
19.3749
19.009
18.6398
18.2664
17.8885
17.5065
17.1215
16.734
16.3436
15.9498
15.5528
15.1535
14.7525
14.3497
13.9455
13.5399
13.1335
12.7272
12.3203
11.9138
11.5078
11.1024
10.6996
10.2985
9.89972
9.5043
9.11099
8.72126
8.33589
7.9544
7.57849
7.20797
6.84232
6.48278
6.12897
5.78124
5.44067
5.10623
4.77841
4.45828
4.14491
3.83818
3.53803
3.24392
2.95632
2.67521
2.39987
2.12991
1.86534
1.60532
1.34918
1.09717
0.848599
0.602985
0.360483
0.120642
26.0393
25.8648
25.6805
25.4857
25.2799
25.0642
24.8386
24.6031
24.3574
24.1012
23.8361
23.5624
23.2799
22.9887
22.6886
22.3813
22.0677
21.7472
21.4198
21.0855
20.7455
20.4013
20.052
19.6973
19.3375
18.9734
18.606
18.2348
17.8591
17.4793
17.0962
16.7107
16.3225
15.9312
15.5365
15.1395
14.7409
14.3406
13.939
13.5359
13.1319
12.7283
12.3242
11.9203
11.517
11.1143
10.7138
10.3154
9.91903
9.52599
9.1352
8.74774
8.36453
7.98502
7.61076
7.24195
6.87778
6.51939
6.16681
5.81993
5.47971
5.14559
4.81776
4.49728
4.18329
3.87558
3.57447
3.2792
2.98982
2.70652
2.42895
2.15682
1.88966
1.62677
1.36767
1.1125
0.860828
0.611891
0.365735
0.122342
25.9696
25.7946
25.6098
25.4152
25.2098
24.9944
24.7693
24.5347
24.2903
24.0356
23.7717
23.4996
23.2189
22.9298
22.6318
22.3263
22.0146
21.6962
21.3711
21.0391
20.701
20.3586
20.0113
19.6588
19.3012
18.9388
18.5732
18.2041
17.8306
17.4529
17.0717
16.6881
16.3021
15.913
15.5208
15.126
14.7296
14.3318
13.9327
13.5321
13.1306
12.7293
12.3278
11.9265
11.5259
11.1257
10.7275
10.3315
9.93761
9.54679
9.15843
8.7731
8.39191
8.0144
7.64174
7.27442
6.91167
6.55445
6.20299
5.85684
5.51697
5.18324
4.85545
4.53447
4.21978
3.91135
3.60938
3.3128
3.02168
2.73643
2.45686
2.18259
1.91276
1.6471
1.38539
1.12728
0.872485
0.620349
0.37079
0.123993
25.9026
25.727
25.5418
25.3472
25.1422
24.9272
24.7026
24.4687
24.2255
23.9723
23.7097
23.4389
23.1598
22.8727
22.5768
22.2731
21.9632
21.6467
21.3237
20.994
20.6579
20.3173
19.9719
19.6215
19.2659
18.9055
18.5415
18.1743
17.8029
17.4274
17.0482
16.6663
16.2823
15.8955
15.5056
15.1131
14.7188
14.3233
13.9266
13.5285
13.1293
12.7302
12.3312
11.9325
11.5344
11.1367
10.7407
10.3471
9.95541
9.56674
9.18067
8.79736
8.4181
8.04252
7.67141
7.30545
6.94405
6.58797
6.23744
5.89202
5.5526
5.2192
4.89137
4.56986
4.25464
3.94558
3.64257
3.34466
3.05205
2.76513
2.48357
2.20696
1.93468
1.66657
1.40235
1.14139
0.883509
0.628376
0.37571
0.125611
25.8381
25.6621
25.4765
25.2817
25.0771
24.8625
24.6385
24.4052
24.1631
23.9112
23.6499
23.3805
23.1029
22.8175
22.5237
22.2218
21.9135
21.5989
21.2779
20.9504
20.6162
20.2772
19.9337
19.5852
19.2318
18.8732
18.5109
18.1455
17.7761
17.4028
17.0255
16.6454
16.2632
15.8786
15.491
15.1006
14.7084
14.3151
13.9207
13.525
13.1282
12.7312
12.3345
11.9382
11.5426
11.1473
10.7534
10.3619
9.97243
9.58586
9.20192
8.82054
8.44311
8.06937
7.69977
7.33511
6.97497
6.61991
6.27023
5.92556
5.5866
5.25341
4.92549
4.60363
4.288
3.97813
3.67399
3.37497
3.08107
2.79257
2.5089
2.23001
1.95568
1.68526
1.41841
1.15472
0.893996
0.636074
0.380469
0.127159
25.7761
25.5998
25.4138
25.2189
25.0145
24.8004
24.577
24.3442
24.1029
23.8525
23.5925
23.3243
23.048
22.7642
22.4724
22.1723
21.8656
21.5527
21.2335
20.9081
20.576
20.2386
19.8968
19.5502
19.1987
18.8422
18.4814
18.1177
17.7502
17.3789
17.0037
16.6253
16.2449
15.8622
15.4768
15.0887
14.6985
14.3072
13.915
13.5216
13.1271
12.7322
12.3377
11.9436
11.5503
11.1574
10.7656
10.3761
9.98871
9.60411
9.22218
8.84271
8.46697
8.09493
7.72679
7.36342
7.00445
6.65027
6.30141
5.9575
5.61894
5.28589
4.95795
4.63587
4.31972
4.00892
3.70381
3.40388
3.10871
2.81852
2.53288
2.25204
1.97579
1.70297
1.43351
1.16737
0.90408
0.643428
0.384952
0.128618
25.7167
25.5401
25.3539
25.1587
24.9546
24.7409
24.518
24.2859
24.0452
23.796
23.5373
23.2703
22.9954
22.7129
22.4229
22.1247
21.8195
21.5083
21.1908
20.8673
20.5372
20.2015
19.8613
19.5164
19.1668
18.8122
18.4531
18.0909
17.7252
17.3558
16.9827
16.6061
16.2273
15.8465
15.4631
15.0773
14.6891
14.2996
13.9094
13.5183
13.126
12.7332
12.3407
11.9487
11.5576
11.1671
10.7773
10.3897
10.0042
9.62147
9.2415
8.86387
8.48968
8.1192
7.75248
7.39038
7.0325
6.67914
6.33105
5.9878
5.64961
5.31673
4.98883
4.66647
4.34973
4.03815
3.73222
3.43134
3.1348
2.84301
2.55578
2.27313
1.99474
1.71963
1.44787
1.17947
0.913711
0.65033
0.389132
0.13002
25.6599
25.4829
25.2966
25.1013
24.8972
24.6839
24.4616
24.2301
23.9901
23.7418
23.4845
23.2187
22.945
22.6637
22.3754
22.079
21.7754
21.4656
21.1497
20.828
20.4998
20.1657
19.8272
19.4839
19.136
18.7834
18.426
18.0653
17.7013
17.3336
16.9625
16.5878
16.2105
15.8315
15.45
15.0662
14.6801
14.2924
13.9041
13.5151
13.125
12.7343
12.3436
11.9536
11.5646
11.1762
10.7885
10.4027
10.019
9.63798
9.25987
8.88399
8.51125
8.14223
7.77686
7.41595
7.05915
6.70657
6.35914
6.01647
5.67864
5.34601
5.01812
4.69539
4.37812
4.06595
3.75915
3.45724
3.15941
2.86624
2.57765
2.29308
2.0125
1.73545
1.46161
1.19093
0.922746
0.656801
0.393099
0.131378
25.6058
25.4284
25.242
25.0466
24.8425
24.6296
24.4078
24.177
23.9375
23.69
23.4339
23.1694
22.8968
22.6167
22.3298
22.0351
21.7331
21.4248
21.1103
20.7902
20.464
20.1315
19.7945
19.4528
19.1065
18.7557
18.4
18.0408
17.6784
17.3124
16.9431
16.5703
16.1946
15.8171
15.4375
15.0556
14.6715
14.2856
13.8991
13.512
13.1239
12.7353
12.3465
11.9583
11.5711
11.1848
10.7991
10.4151
10.0331
9.65365
9.27724
8.90306
8.53172
8.16406
7.79994
7.44012
7.0844
6.73259
6.38569
6.04355
5.70608
5.37369
5.04581
4.72269
4.40499
4.09229
3.78455
3.48161
3.1827
2.88829
2.59825
2.3118
2.02932
1.75053
1.47461
1.20162
0.931204
0.662983
0.396895
0.132646
25.5543
25.3765
25.19
24.9945
24.7906
24.5778
24.3565
24.1264
23.8875
23.6408
23.3857
23.1223
22.851
22.572
22.2863
21.9933
21.6927
21.3858
21.0728
20.7541
20.4297
20.0989
19.7633
19.4231
19.0783
18.7292
18.3752
18.0174
17.6565
17.2921
16.9245
16.5535
16.1794
15.8035
15.4255
15.0454
14.6633
14.2792
13.8943
13.509
13.1229
12.7362
12.3493
11.9627
11.5773
11.1929
10.8091
10.4268
10.0465
9.6685
9.29359
8.92107
8.55111
8.18471
7.82174
7.46289
7.10825
6.75721
6.41075
6.06909
5.73195
5.39976
5.07193
4.74848
4.43035
4.1171
3.80845
3.50459
3.20475
2.90903
2.61748
2.3295
2.04536
1.76473
1.48676
1.21164
0.939224
0.668896
0.400445
0.133799
25.5056
25.3273
25.1407
24.9452
24.7413
24.5288
24.3078
24.0784
23.8401
23.594
23.3399
23.0776
22.8075
22.5295
22.2449
21.9533
21.6543
21.3488
21.0371
20.7197
20.3969
20.0678
19.7335
19.3948
19.0514
18.7039
18.3516
17.9952
17.6358
17.2728
16.9068
16.5376
16.1651
15.7906
15.4142
15.0357
14.6555
14.2732
13.8898
13.5061
13.1218
12.737
12.3519
11.967
11.5831
11.2005
10.8186
10.4379
10.0591
9.68252
9.30897
8.93804
8.56942
8.20417
7.8423
7.48432
7.13065
6.78042
6.43438
6.09313
5.75626
5.4242
5.09648
4.7728
4.45416
4.14036
3.83094
3.52623
3.22548
2.9284
2.63548
2.3463
2.06048
1.77794
1.49814
1.22114
0.946816
0.674408
0.40372
0.134879
25.4595
25.2809
25.0941
24.8987
24.6948
24.4825
24.2618
24.0329
23.7954
23.5499
23.2965
23.0352
22.7662
22.4894
22.2057
21.9154
21.6178
21.3137
21.0033
20.6871
20.3657
20.0382
19.7054
19.3679
19.0259
18.6798
18.3292
17.9742
17.6161
17.2546
16.8899
16.5224
16.1515
15.7784
15.4035
15.0265
14.648
14.2675
13.8857
13.5035
13.1208
12.7377
12.3544
11.971
11.5886
11.2076
10.8274
10.4484
10.071
9.69574
9.32343
8.95393
8.58662
8.22246
7.86161
7.50442
7.15158
6.80222
6.4566
6.11568
5.77906
5.44703
5.11948
4.79568
4.47645
4.16213
3.85207
3.54652
3.24483
2.94653
2.65243
2.36206
2.07456
1.79028
1.5089
1.23012
0.953846
0.679462
0.406803
0.135924
25.4162
25.2372
25.0502
24.8548
24.651
24.4389
24.2185
23.9901
23.7533
23.5083
23.2557
22.9953
22.7273
22.4516
22.1689
21.8796
21.5834
21.2805
20.9714
20.6564
20.3362
20.0103
19.6788
19.3426
19.0019
18.6571
18.308
17.9544
17.5975
17.2374
16.8741
16.508
16.1387
15.7669
15.3934
15.0179
14.6408
14.2621
13.8818
13.501
13.1198
12.7383
12.3567
11.9749
11.5938
11.2142
10.8356
10.4581
10.0822
9.70819
9.33697
8.96873
8.6027
8.23958
7.87969
7.52323
7.17109
6.82257
6.47742
6.13676
5.80034
5.46832
5.1409
4.81703
4.49729
4.18245
3.87181
3.56539
3.26282
2.96356
2.66829
2.37659
2.08766
1.80191
1.51902
1.23846
0.960276
0.684165
0.409758
0.136913
25.3757
25.1964
25.0092
24.8138
24.6101
24.3982
24.178
23.95
23.7138
23.4694
23.2175
22.9578
22.6907
22.4162
22.1343
21.846
21.551
21.2494
20.9415
20.6276
20.3085
19.984
19.6538
19.3188
18.9793
18.6357
18.288
17.9358
17.5801
17.2213
16.8592
16.4945
16.1266
15.7562
15.384
15.0098
14.6341
14.2569
13.8781
13.4987
13.1189
12.7388
12.3587
11.9785
11.5988
11.2204
10.8432
10.4672
10.0927
9.71986
9.34962
8.98247
8.61767
8.25552
7.89653
7.54079
7.18922
6.84145
6.49683
6.15639
5.82013
5.48813
5.16072
4.83685
4.51675
4.20136
3.89012
3.58286
3.27956
2.97952
2.68296
2.38995
2.0999
1.81281
1.5284
1.24614
0.966238
0.68859
0.412517
0.137808
25.3379
25.1584
24.971
24.7755
24.5719
24.3602
24.1404
23.9126
23.6769
23.4332
23.1819
22.9229
22.6566
22.3831
22.1021
21.8147
21.5207
21.2202
20.9135
20.6007
20.2826
19.9593
19.6304
19.2966
18.9583
18.6157
18.2693
17.9184
17.5638
17.2062
16.8454
16.4818
16.1154
15.7462
15.3753
15.0023
14.6278
14.2521
13.8747
13.4966
13.1181
12.7392
12.3606
11.9819
11.6034
11.2261
10.8502
10.4755
10.1023
9.73072
9.36139
8.99516
8.63148
8.27029
7.91214
7.55711
7.206
6.85882
6.5148
6.17457
5.83848
5.50648
5.17894
4.85515
4.53485
4.21884
3.90698
3.59902
3.29507
2.99426
2.69645
2.40231
2.11127
1.82286
1.53699
1.25326
0.971843
0.692664
0.414987
0.13862
25.3029
25.1232
24.9357
24.7402
24.5366
24.3251
24.1055
23.878
23.6428
23.3996
23.1489
22.8906
22.625
22.3524
22.0724
21.7857
21.4927
21.1932
20.8876
20.5758
20.2586
19.9364
19.6088
19.276
18.9388
18.5972
18.2518
17.9023
17.5488
17.1923
16.8326
16.4701
16.1049
15.737
15.3671
14.9955
14.6221
14.2475
13.8716
13.4946
13.1173
12.7397
12.3622
11.9849
11.6077
11.2315
10.8567
10.4832
10.1112
9.74073
9.37231
9.00684
8.64413
8.28388
7.9265
7.57217
7.22143
6.87473
6.53131
6.19133
5.85537
5.52336
5.19563
4.87193
4.5515
4.2349
3.92247
3.61391
3.30926
3.00771
2.70894
2.41372
2.12161
1.83203
1.5449
1.25991
0.977045
0.69629
0.417179
0.139385
25.2708
25.091
24.9033
24.7077
24.5042
24.2929
24.0735
23.8463
23.6115
23.3688
23.1187
22.861
22.596
22.3241
22.045
21.7591
21.4669
21.1683
20.8637
20.553
20.2366
19.9154
19.5888
19.2571
18.9209
18.5802
18.2358
17.8874
17.535
17.1794
16.8208
16.4593
16.0953
15.7285
15.3596
14.9891
14.6168
14.2433
13.8686
13.4928
13.1166
12.7401
12.3637
11.9876
11.6117
11.2364
10.8626
10.4901
10.1192
9.74989
9.38236
9.01752
8.65567
8.29628
7.93962
7.58595
7.23556
6.88919
6.54633
6.20665
5.87081
5.53878
5.21087
4.88716
4.56666
4.2496
3.93663
3.6275
3.32211
3.01994
2.72047
2.42412
2.13093
1.84038
1.55217
1.26602
0.981747
0.699514
0.419173
0.140103
25.2416
25.0616
24.8738
24.6782
24.4748
24.2636
24.0445
23.8175
23.583
23.3408
23.0911
22.834
22.5696
22.2984
22.02
21.7349
21.4434
21.1456
20.8419
20.5321
20.2166
19.8961
19.5705
19.2398
18.9045
18.5648
18.2212
17.8738
17.5224
17.1678
16.8101
16.4495
16.0865
15.7208
15.3528
14.9834
14.6121
14.2395
13.8659
13.4912
13.116
12.7406
12.365
11.99
11.6152
11.2409
10.868
10.4964
10.1264
9.75817
9.3915
9.02724
8.66608
8.30744
7.95147
7.59841
7.24838
6.90226
6.55986
6.22052
5.88477
5.55275
5.22467
4.90083
4.58033
4.26294
3.94943
3.63975
3.33368
3.031
2.73089
2.43347
2.13934
1.84795
1.55875
1.27151
0.985963
0.702479
0.420989
0.140727
25.2154
25.0353
24.8474
24.6518
24.4484
24.2372
24.0184
23.7917
23.5575
23.3156
23.0664
22.8098
22.5459
22.2752
21.9976
21.7131
21.4224
21.1253
20.8222
20.5133
20.1986
19.8789
19.554
19.2242
18.8898
18.5509
18.2081
17.8616
17.5111
17.1573
16.8004
16.4407
16.0786
15.7138
15.3467
14.9781
14.6078
14.2361
13.8635
13.4897
13.1155
12.741
12.3663
11.9921
11.6184
11.245
10.8729
10.5021
10.1329
9.76552
9.39969
9.03603
8.67538
8.31737
7.96206
7.60955
7.25989
6.91397
6.57191
6.23291
5.89724
5.56525
5.23703
4.913
4.59248
4.27487
3.9609
3.65071
3.34406
3.04083
2.74009
2.44189
2.14692
1.85467
1.56457
1.27634
0.989792
0.705237
0.422575
0.141234
25.1923
25.012
24.8241
24.6284
24.4251
24.214
23.9952
23.7689
23.5348
23.2934
23.0445
22.7884
22.525
22.2547
21.9777
21.6939
21.4037
21.1072
20.8048
20.4967
20.1828
19.8636
19.5395
19.2104
18.8768
18.5386
18.1964
17.8507
17.5011
17.148
16.7919
16.4329
16.0715
15.7077
15.3414
14.9735
14.604
14.2331
13.8613
13.4884
13.1149
12.7413
12.3674
11.994
11.6211
11.2486
10.8772
10.507
10.1385
9.77194
9.4069
9.04383
8.68358
8.32609
7.97136
7.61934
7.27007
6.92433
6.58248
6.24377
5.90823
5.57627
5.24794
4.92373
4.60309
4.28535
3.97103
3.66039
3.35323
3.04938
2.74813
2.44939
2.15363
1.86052
1.56961
1.28058
0.993264
0.707698
0.423911
0.141663
25.1722
24.9918
24.8038
24.6081
24.4048
24.1938
23.9752
23.7491
23.5153
23.2741
23.0255
22.7698
22.5069
22.237
21.9604
21.6772
21.3875
21.0916
20.7897
20.4822
20.169
19.8504
19.5268
19.1984
18.8655
18.528
18.1864
17.8412
17.4924
17.14
16.7845
16.4262
16.0654
15.7023
15.3367
14.9695
14.6007
14.2306
13.8594
13.4872
13.1145
12.7416
12.3684
11.9956
11.6234
11.2517
10.8809
10.5114
10.1434
9.77742
9.4131
9.0506
8.6907
8.33363
7.97935
7.62777
7.27889
6.93335
6.59156
6.25307
5.91772
5.58577
5.25742
4.933
4.61216
4.29437
3.97981
3.66878
3.36114
3.05669
2.75506
2.45591
2.15941
1.86553
1.57393
1.28426
0.996283
0.709796
0.425076
0.142054
25.1553
24.9748
24.7867
24.591
24.3878
24.1768
23.9584
23.7324
23.4988
23.2578
23.0096
22.7541
22.4916
22.222
21.9459
21.6631
21.3738
21.0785
20.777
20.47
20.1573
19.8392
19.5162
19.1883
18.8559
18.519
18.178
17.8333
17.485
17.1332
16.7783
16.4205
16.0603
15.6977
15.3329
14.9662
14.598
14.2284
13.8578
13.4862
13.1141
12.7418
12.3693
11.997
11.6253
11.2542
10.8841
10.5151
10.1476
9.78201
9.41825
9.0563
8.69675
8.33998
7.98603
7.63481
7.28631
6.94097
6.59919
6.26083
5.92566
5.59378
5.26544
4.9408
4.61971
4.3019
3.9872
3.67585
3.36778
3.06282
2.76085
2.46136
2.16429
1.86976
1.57754
1.28732
0.998749
0.711595
0.426151
0.142396
25.1417
24.9611
24.7729
24.5772
24.374
24.1631
23.9447
23.7188
23.4854
23.2447
22.9966
22.7414
22.4792
22.2099
21.9341
21.6516
21.3628
21.0678
20.7668
20.46
20.1478
19.8302
19.5075
19.1801
18.8481
18.5117
18.1711
17.8268
17.479
17.1277
16.7732
16.416
16.0561
15.694
15.3297
14.9635
14.5957
14.2266
13.8565
13.4855
13.1138
12.7419
12.37
11.9981
11.6268
11.2563
10.8866
10.5181
10.151
9.7857
9.42235
9.06093
8.70169
8.34512
7.9914
7.64044
7.29231
6.94718
6.60536
6.26706
5.93204
5.60028
5.27197
4.94709
4.62578
4.30794
3.99318
3.68158
3.37314
3.06778
2.76546
2.46572
2.16829
1.87321
1.58044
1.28971
1.00068
0.713148
0.427112
0.142662
25.1313
24.9506
24.7624
24.5668
24.3635
24.1527
23.9344
23.7086
23.4753
23.2347
22.9868
22.7318
22.4698
22.2008
21.9251
21.643
21.3544
21.0597
20.759
20.4525
20.1406
19.8233
19.501
19.1739
18.8422
18.5062
18.166
17.8219
17.4744
17.1235
16.7694
16.4125
16.0529
15.6912
15.3273
14.9614
14.594
14.2253
13.8555
13.4849
13.1136
12.742
12.3705
11.999
11.628
11.2578
10.8885
10.5203
10.1536
9.7885
9.42542
9.06442
8.70547
8.34906
7.99543
7.64466
7.29687
6.95192
6.61005
6.27174
5.93683
5.60523
5.27692
4.95184
4.63037
4.31248
3.99773
3.68594
3.37719
3.07153
2.76891
2.46901
2.17134
1.87584
1.58261
1.29146
1.00214
0.71437
0.427868
0.142862
25.1243
24.9436
24.7554
24.5597
24.3564
24.1457
23.9274
23.7016
23.4685
23.2279
22.9802
22.7253
22.4634
22.1946
21.9191
21.6371
21.3487
21.0542
20.7537
20.4475
20.1357
19.8187
19.4966
19.1697
18.8382
18.5024
18.1625
17.8186
17.4713
17.1206
16.7668
16.4102
16.0508
15.6892
15.3257
14.96
14.5929
14.2244
13.8548
13.4845
13.1135
12.7421
12.3708
11.9996
11.6289
11.2589
10.8898
10.5219
10.1554
9.79038
9.42749
9.06676
8.70803
8.35174
7.99811
7.64748
7.29995
6.95514
6.61325
6.27487
5.94005
5.60859
5.28027
4.95505
4.63345
4.31553
4.0008
3.6889
3.37992
3.07403
2.77125
2.47123
2.17339
1.87762
1.58405
1.29264
1.00314
0.715156
0.428368
0.143016
25.1208
24.94
24.7518
24.5561
24.3528
24.1421
23.9239
23.6981
23.465
23.2245
22.9768
22.722
22.4601
22.1915
21.9161
21.6341
21.3458
21.0514
20.751
20.4449
20.1333
19.8164
19.4944
19.1676
18.8361
18.5005
18.1607
17.817
17.4697
17.1192
16.7655
16.409
16.0497
15.6883
15.3248
14.9594
14.5923
14.2239
13.8544
13.4843
13.1134
12.7421
12.371
11.9999
11.6293
11.2594
10.8904
10.5227
10.1563
9.79134
9.42854
9.06793
8.70933
8.35311
7.99946
7.64891
7.30151
6.95677
6.61488
6.27645
5.94167
5.61028
5.28196
4.95668
4.635
4.31706
4.00234
3.69042
3.38132
3.07527
2.77243
2.47236
2.17441
1.87853
1.58477
1.29325
1.00366
0.715512
0.42861
0.14311
)
;

boundaryField
{
    top
    {
        type            symmetryPlane;
    }
    bottom
    {
        type            symmetryPlane;
    }
    plate
    {
        type            zeroGradient;
    }
    left
    {
        type            zeroGradient;
    }
    right
    {
        type            fixedValue;
        value           uniform 0;
    }
    frontAndBack
    {
        type            empty;
    }
}


// ************************************************************************* //
