/*--------------------------------*- C++ -*----------------------------------*\
| =========                 |                                                 |
| \\      /  F ield         | OpenFOAM: The Open Source CFD Toolbox           |
|  \\    /   O peration     | Version:  v2012                                 |
|   \\  /    A nd           | Website:  www.openfoam.com                      |
|    \\/     M anipulation  |                                                 |
\*---------------------------------------------------------------------------*/
FoamFile
{
    version     2.0;
    format      ascii;
    class       faceList;
    location    "constant/polyMesh";
    object      faces;
}
// * * * * * * * * * * * * * * * * * * * * * * * * * * * * * * * * * * * * * //


2450
(
4(1 12 243 232)
4(11 242 243 12)
4(2 13 244 233)
4(12 243 244 13)
4(3 14 245 234)
4(13 244 245 14)
4(4 15 246 235)
4(14 245 246 15)
4(5 16 247 236)
4(15 246 247 16)
4(6 17 248 237)
4(16 247 248 17)
4(7 18 249 238)
4(17 248 249 18)
4(8 19 250 239)
4(18 249 250 19)
4(9 20 251 240)
4(19 250 251 20)
4(20 251 252 21)
4(10 21 252 241)
4(12 23 254 243)
4(22 253 254 23)
4(13 24 255 244)
4(23 254 255 24)
4(14 25 256 245)
4(24 255 256 25)
4(15 26 257 246)
4(25 256 257 26)
4(16 27 258 247)
4(26 257 258 27)
4(17 28 259 248)
4(27 258 259 28)
4(18 29 260 249)
4(28 259 260 29)
4(19 30 261 250)
4(29 260 261 30)
4(20 31 262 251)
4(30 261 262 31)
4(31 262 263 32)
4(21 32 263 252)
4(23 34 265 254)
4(33 264 265 34)
4(24 35 266 255)
4(34 265 266 35)
4(25 36 267 256)
4(35 266 267 36)
4(26 37 268 257)
4(36 267 268 37)
4(27 38 269 258)
4(37 268 269 38)
4(28 39 270 259)
4(38 269 270 39)
4(29 40 271 260)
4(39 270 271 40)
4(30 41 272 261)
4(40 271 272 41)
4(31 42 273 262)
4(41 272 273 42)
4(42 273 274 43)
4(32 43 274 263)
4(34 45 276 265)
4(44 275 276 45)
4(35 46 277 266)
4(45 276 277 46)
4(36 47 278 267)
4(46 277 278 47)
4(37 48 279 268)
4(47 278 279 48)
4(38 49 280 269)
4(48 279 280 49)
4(39 50 281 270)
4(49 280 281 50)
4(40 51 282 271)
4(50 281 282 51)
4(41 52 283 272)
4(51 282 283 52)
4(42 53 284 273)
4(52 283 284 53)
4(53 284 285 54)
4(43 54 285 274)
4(45 56 287 276)
4(55 286 287 56)
4(46 57 288 277)
4(56 287 288 57)
4(47 58 289 278)
4(57 288 289 58)
4(48 59 290 279)
4(58 289 290 59)
4(49 60 291 280)
4(59 290 291 60)
4(50 61 292 281)
4(60 291 292 61)
4(51 62 293 282)
4(61 292 293 62)
4(52 63 294 283)
4(62 293 294 63)
4(53 64 295 284)
4(63 294 295 64)
4(64 295 296 65)
4(54 65 296 285)
4(56 67 298 287)
4(66 297 298 67)
4(57 68 299 288)
4(67 298 299 68)
4(58 69 300 289)
4(68 299 300 69)
4(59 70 301 290)
4(69 300 301 70)
4(60 71 302 291)
4(70 301 302 71)
4(61 72 303 292)
4(71 302 303 72)
4(62 73 304 293)
4(72 303 304 73)
4(63 74 305 294)
4(73 304 305 74)
4(64 75 306 295)
4(74 305 306 75)
4(75 306 307 76)
4(65 76 307 296)
4(67 78 309 298)
4(77 308 309 78)
4(68 79 310 299)
4(78 309 310 79)
4(69 80 311 300)
4(79 310 311 80)
4(70 81 312 301)
4(80 311 312 81)
4(71 82 313 302)
4(81 312 313 82)
4(72 83 314 303)
4(82 313 314 83)
4(73 84 315 304)
4(83 314 315 84)
4(74 85 316 305)
4(84 315 316 85)
4(75 86 317 306)
4(85 316 317 86)
4(86 317 318 87)
4(76 87 318 307)
4(78 89 320 309)
4(88 319 320 89)
4(79 90 321 310)
4(89 320 321 90)
4(80 91 322 311)
4(90 321 322 91)
4(81 92 323 312)
4(91 322 323 92)
4(82 93 324 313)
4(92 323 324 93)
4(83 94 325 314)
4(93 324 325 94)
4(84 95 326 315)
4(94 325 326 95)
4(85 96 327 316)
4(95 326 327 96)
4(86 97 328 317)
4(96 327 328 97)
4(97 328 329 98)
4(87 98 329 318)
4(89 100 331 320)
4(99 330 331 100)
4(90 101 332 321)
4(100 331 332 101)
4(91 102 333 322)
4(101 332 333 102)
4(92 103 334 323)
4(102 333 334 103)
4(93 104 335 324)
4(103 334 335 104)
4(94 105 336 325)
4(104 335 336 105)
4(95 106 337 326)
4(105 336 337 106)
4(96 107 338 327)
4(106 337 338 107)
4(97 108 339 328)
4(107 338 339 108)
4(108 339 340 109)
4(98 109 340 329)
4(100 111 342 331)
4(110 341 342 111)
4(101 112 343 332)
4(111 342 343 112)
4(102 113 344 333)
4(112 343 344 113)
4(103 114 345 334)
4(113 344 345 114)
4(104 115 346 335)
4(114 345 346 115)
4(105 116 347 336)
4(115 346 347 116)
4(106 117 348 337)
4(116 347 348 117)
4(107 118 349 338)
4(117 348 349 118)
4(108 119 350 339)
4(118 349 350 119)
4(119 350 351 120)
4(109 120 351 340)
4(111 122 353 342)
4(121 352 353 122)
4(112 123 354 343)
4(122 353 354 123)
4(113 124 355 344)
4(123 354 355 124)
4(114 125 356 345)
4(124 355 356 125)
4(115 126 357 346)
4(125 356 357 126)
4(116 127 358 347)
4(126 357 358 127)
4(117 128 359 348)
4(127 358 359 128)
4(118 129 360 349)
4(128 359 360 129)
4(119 130 361 350)
4(129 360 361 130)
4(130 361 362 131)
4(120 131 362 351)
4(122 133 364 353)
4(132 363 364 133)
4(123 134 365 354)
4(133 364 365 134)
4(124 135 366 355)
4(134 365 366 135)
4(125 136 367 356)
4(135 366 367 136)
4(126 137 368 357)
4(136 367 368 137)
4(127 138 369 358)
4(137 368 369 138)
4(128 139 370 359)
4(138 369 370 139)
4(129 140 371 360)
4(139 370 371 140)
4(130 141 372 361)
4(140 371 372 141)
4(141 372 373 142)
4(131 142 373 362)
4(133 144 375 364)
4(143 374 375 144)
4(134 145 376 365)
4(144 375 376 145)
4(135 146 377 366)
4(145 376 377 146)
4(136 147 378 367)
4(146 377 378 147)
4(137 148 379 368)
4(147 378 379 148)
4(138 149 380 369)
4(148 379 380 149)
4(139 150 381 370)
4(149 380 381 150)
4(140 151 382 371)
4(150 381 382 151)
4(141 152 383 372)
4(151 382 383 152)
4(152 383 384 153)
4(142 153 384 373)
4(144 155 386 375)
4(154 385 386 155)
4(145 156 387 376)
4(155 386 387 156)
4(146 157 388 377)
4(156 387 388 157)
4(147 158 389 378)
4(157 388 389 158)
4(148 159 390 379)
4(158 389 390 159)
4(149 160 391 380)
4(159 390 391 160)
4(150 161 392 381)
4(160 391 392 161)
4(151 162 393 382)
4(161 392 393 162)
4(152 163 394 383)
4(162 393 394 163)
4(163 394 395 164)
4(153 164 395 384)
4(155 166 397 386)
4(165 396 397 166)
4(156 167 398 387)
4(166 397 398 167)
4(157 168 399 388)
4(167 398 399 168)
4(158 169 400 389)
4(168 399 400 169)
4(159 170 401 390)
4(169 400 401 170)
4(160 171 402 391)
4(170 401 402 171)
4(161 172 403 392)
4(171 402 403 172)
4(162 173 404 393)
4(172 403 404 173)
4(163 174 405 394)
4(173 404 405 174)
4(174 405 406 175)
4(164 175 406 395)
4(166 177 408 397)
4(176 407 408 177)
4(167 178 409 398)
4(177 408 409 178)
4(168 179 410 399)
4(178 409 410 179)
4(169 180 411 400)
4(179 410 411 180)
4(170 181 412 401)
4(180 411 412 181)
4(171 182 413 402)
4(181 412 413 182)
4(172 183 414 403)
4(182 413 414 183)
4(173 184 415 404)
4(183 414 415 184)
4(174 185 416 405)
4(184 415 416 185)
4(185 416 417 186)
4(175 186 417 406)
4(177 188 419 408)
4(187 418 419 188)
4(178 189 420 409)
4(188 419 420 189)
4(179 190 421 410)
4(189 420 421 190)
4(180 191 422 411)
4(190 421 422 191)
4(181 192 423 412)
4(191 422 423 192)
4(182 193 424 413)
4(192 423 424 193)
4(183 194 425 414)
4(193 424 425 194)
4(184 195 426 415)
4(194 425 426 195)
4(185 196 427 416)
4(195 426 427 196)
4(196 427 428 197)
4(186 197 428 417)
4(188 199 430 419)
4(198 429 430 199)
4(189 200 431 420)
4(199 430 431 200)
4(190 201 432 421)
4(200 431 432 201)
4(191 202 433 422)
4(201 432 433 202)
4(192 203 434 423)
4(202 433 434 203)
4(193 204 435 424)
4(203 434 435 204)
4(194 205 436 425)
4(204 435 436 205)
4(195 206 437 426)
4(205 436 437 206)
4(196 207 438 427)
4(206 437 438 207)
4(207 438 439 208)
4(197 208 439 428)
4(199 210 441 430)
4(209 440 441 210)
4(200 211 442 431)
4(210 441 442 211)
4(201 212 443 432)
4(211 442 443 212)
4(202 213 444 433)
4(212 443 444 213)
4(203 214 445 434)
4(213 444 445 214)
4(204 215 446 435)
4(214 445 446 215)
4(205 216 447 436)
4(215 446 447 216)
4(206 217 448 437)
4(216 447 448 217)
4(207 218 449 438)
4(217 448 449 218)
4(218 449 450 219)
4(208 219 450 439)
4(210 221 452 441)
4(211 222 453 442)
4(212 223 454 443)
4(213 224 455 444)
4(214 225 456 445)
4(215 226 457 446)
4(216 227 458 447)
4(217 228 459 448)
4(218 229 460 449)
4(219 230 461 450)
4(462 482 902 882)
4(21 252 902 482)
4(463 483 903 883)
4(482 902 903 483)
4(464 484 904 884)
4(483 903 904 484)
4(465 485 905 885)
4(484 904 905 485)
4(466 486 906 886)
4(485 905 906 486)
4(467 487 907 887)
4(486 906 907 487)
4(468 488 908 888)
4(487 907 908 488)
4(469 489 909 889)
4(488 908 909 489)
4(470 490 910 890)
4(489 909 910 490)
4(471 491 911 891)
4(490 910 911 491)
4(472 492 912 892)
4(491 911 912 492)
4(473 493 913 893)
4(492 912 913 493)
4(474 494 914 894)
4(493 913 914 494)
4(475 495 915 895)
4(494 914 915 495)
4(476 496 916 896)
4(495 915 916 496)
4(477 497 917 897)
4(496 916 917 497)
4(478 498 918 898)
4(497 917 918 498)
4(479 499 919 899)
4(498 918 919 499)
4(480 500 920 900)
4(499 919 920 500)
4(500 920 921 501)
4(482 502 922 902)
4(32 263 922 502)
4(483 503 923 903)
4(502 922 923 503)
4(484 504 924 904)
4(503 923 924 504)
4(485 505 925 905)
4(504 924 925 505)
4(486 506 926 906)
4(505 925 926 506)
4(487 507 927 907)
4(506 926 927 507)
4(488 508 928 908)
4(507 927 928 508)
4(489 509 929 909)
4(508 928 929 509)
4(490 510 930 910)
4(509 929 930 510)
4(491 511 931 911)
4(510 930 931 511)
4(492 512 932 912)
4(511 931 932 512)
4(493 513 933 913)
4(512 932 933 513)
4(494 514 934 914)
4(513 933 934 514)
4(495 515 935 915)
4(514 934 935 515)
4(496 516 936 916)
4(515 935 936 516)
4(497 517 937 917)
4(516 936 937 517)
4(498 518 938 918)
4(517 937 938 518)
4(499 519 939 919)
4(518 938 939 519)
4(500 520 940 920)
4(519 939 940 520)
4(520 940 941 521)
4(502 522 942 922)
4(43 274 942 522)
4(503 523 943 923)
4(522 942 943 523)
4(504 524 944 924)
4(523 943 944 524)
4(505 525 945 925)
4(524 944 945 525)
4(506 526 946 926)
4(525 945 946 526)
4(507 527 947 927)
4(526 946 947 527)
4(508 528 948 928)
4(527 947 948 528)
4(509 529 949 929)
4(528 948 949 529)
4(510 530 950 930)
4(529 949 950 530)
4(511 531 951 931)
4(530 950 951 531)
4(512 532 952 932)
4(531 951 952 532)
4(513 533 953 933)
4(532 952 953 533)
4(514 534 954 934)
4(533 953 954 534)
4(515 535 955 935)
4(534 954 955 535)
4(516 536 956 936)
4(535 955 956 536)
4(517 537 957 937)
4(536 956 957 537)
4(518 538 958 938)
4(537 957 958 538)
4(519 539 959 939)
4(538 958 959 539)
4(520 540 960 940)
4(539 959 960 540)
4(540 960 961 541)
4(522 542 962 942)
4(54 285 962 542)
4(523 543 963 943)
4(542 962 963 543)
4(524 544 964 944)
4(543 963 964 544)
4(525 545 965 945)
4(544 964 965 545)
4(526 546 966 946)
4(545 965 966 546)
4(527 547 967 947)
4(546 966 967 547)
4(528 548 968 948)
4(547 967 968 548)
4(529 549 969 949)
4(548 968 969 549)
4(530 550 970 950)
4(549 969 970 550)
4(531 551 971 951)
4(550 970 971 551)
4(532 552 972 952)
4(551 971 972 552)
4(533 553 973 953)
4(552 972 973 553)
4(534 554 974 954)
4(553 973 974 554)
4(535 555 975 955)
4(554 974 975 555)
4(536 556 976 956)
4(555 975 976 556)
4(537 557 977 957)
4(556 976 977 557)
4(538 558 978 958)
4(557 977 978 558)
4(539 559 979 959)
4(558 978 979 559)
4(540 560 980 960)
4(559 979 980 560)
4(560 980 981 561)
4(542 562 982 962)
4(65 296 982 562)
4(543 563 983 963)
4(562 982 983 563)
4(544 564 984 964)
4(563 983 984 564)
4(545 565 985 965)
4(564 984 985 565)
4(546 566 986 966)
4(565 985 986 566)
4(547 567 987 967)
4(566 986 987 567)
4(548 568 988 968)
4(567 987 988 568)
4(549 569 989 969)
4(568 988 989 569)
4(550 570 990 970)
4(569 989 990 570)
4(551 571 991 971)
4(570 990 991 571)
4(552 572 992 972)
4(571 991 992 572)
4(553 573 993 973)
4(572 992 993 573)
4(554 574 994 974)
4(573 993 994 574)
4(555 575 995 975)
4(574 994 995 575)
4(556 576 996 976)
4(575 995 996 576)
4(557 577 997 977)
4(576 996 997 577)
4(558 578 998 978)
4(577 997 998 578)
4(559 579 999 979)
4(578 998 999 579)
4(560 580 1000 980)
4(579 999 1000 580)
4(580 1000 1001 581)
4(562 582 1002 982)
4(76 307 1002 582)
4(563 583 1003 983)
4(582 1002 1003 583)
4(564 584 1004 984)
4(583 1003 1004 584)
4(565 585 1005 985)
4(584 1004 1005 585)
4(566 586 1006 986)
4(585 1005 1006 586)
4(567 587 1007 987)
4(586 1006 1007 587)
4(568 588 1008 988)
4(587 1007 1008 588)
4(569 589 1009 989)
4(588 1008 1009 589)
4(570 590 1010 990)
4(589 1009 1010 590)
4(571 591 1011 991)
4(590 1010 1011 591)
4(572 592 1012 992)
4(591 1011 1012 592)
4(573 593 1013 993)
4(592 1012 1013 593)
4(574 594 1014 994)
4(593 1013 1014 594)
4(575 595 1015 995)
4(594 1014 1015 595)
4(576 596 1016 996)
4(595 1015 1016 596)
4(577 597 1017 997)
4(596 1016 1017 597)
4(578 598 1018 998)
4(597 1017 1018 598)
4(579 599 1019 999)
4(598 1018 1019 599)
4(580 600 1020 1000)
4(599 1019 1020 600)
4(600 1020 1021 601)
4(582 602 1022 1002)
4(87 318 1022 602)
4(583 603 1023 1003)
4(602 1022 1023 603)
4(584 604 1024 1004)
4(603 1023 1024 604)
4(585 605 1025 1005)
4(604 1024 1025 605)
4(586 606 1026 1006)
4(605 1025 1026 606)
4(587 607 1027 1007)
4(606 1026 1027 607)
4(588 608 1028 1008)
4(607 1027 1028 608)
4(589 609 1029 1009)
4(608 1028 1029 609)
4(590 610 1030 1010)
4(609 1029 1030 610)
4(591 611 1031 1011)
4(610 1030 1031 611)
4(592 612 1032 1012)
4(611 1031 1032 612)
4(593 613 1033 1013)
4(612 1032 1033 613)
4(594 614 1034 1014)
4(613 1033 1034 614)
4(595 615 1035 1015)
4(614 1034 1035 615)
4(596 616 1036 1016)
4(615 1035 1036 616)
4(597 617 1037 1017)
4(616 1036 1037 617)
4(598 618 1038 1018)
4(617 1037 1038 618)
4(599 619 1039 1019)
4(618 1038 1039 619)
4(600 620 1040 1020)
4(619 1039 1040 620)
4(620 1040 1041 621)
4(602 622 1042 1022)
4(98 329 1042 622)
4(603 623 1043 1023)
4(622 1042 1043 623)
4(604 624 1044 1024)
4(623 1043 1044 624)
4(605 625 1045 1025)
4(624 1044 1045 625)
4(606 626 1046 1026)
4(625 1045 1046 626)
4(607 627 1047 1027)
4(626 1046 1047 627)
4(608 628 1048 1028)
4(627 1047 1048 628)
4(609 629 1049 1029)
4(628 1048 1049 629)
4(610 630 1050 1030)
4(629 1049 1050 630)
4(611 631 1051 1031)
4(630 1050 1051 631)
4(612 632 1052 1032)
4(631 1051 1052 632)
4(613 633 1053 1033)
4(632 1052 1053 633)
4(614 634 1054 1034)
4(633 1053 1054 634)
4(615 635 1055 1035)
4(634 1054 1055 635)
4(616 636 1056 1036)
4(635 1055 1056 636)
4(617 637 1057 1037)
4(636 1056 1057 637)
4(618 638 1058 1038)
4(637 1057 1058 638)
4(619 639 1059 1039)
4(638 1058 1059 639)
4(620 640 1060 1040)
4(639 1059 1060 640)
4(640 1060 1061 641)
4(622 642 1062 1042)
4(109 340 1062 642)
4(623 643 1063 1043)
4(642 1062 1063 643)
4(624 644 1064 1044)
4(643 1063 1064 644)
4(625 645 1065 1045)
4(644 1064 1065 645)
4(626 646 1066 1046)
4(645 1065 1066 646)
4(627 647 1067 1047)
4(646 1066 1067 647)
4(628 648 1068 1048)
4(647 1067 1068 648)
4(629 649 1069 1049)
4(648 1068 1069 649)
4(630 650 1070 1050)
4(649 1069 1070 650)
4(631 651 1071 1051)
4(650 1070 1071 651)
4(632 652 1072 1052)
4(651 1071 1072 652)
4(633 653 1073 1053)
4(652 1072 1073 653)
4(634 654 1074 1054)
4(653 1073 1074 654)
4(635 655 1075 1055)
4(654 1074 1075 655)
4(636 656 1076 1056)
4(655 1075 1076 656)
4(637 657 1077 1057)
4(656 1076 1077 657)
4(638 658 1078 1058)
4(657 1077 1078 658)
4(639 659 1079 1059)
4(658 1078 1079 659)
4(640 660 1080 1060)
4(659 1079 1080 660)
4(660 1080 1081 661)
4(642 662 1082 1062)
4(120 351 1082 662)
4(643 663 1083 1063)
4(662 1082 1083 663)
4(644 664 1084 1064)
4(663 1083 1084 664)
4(645 665 1085 1065)
4(664 1084 1085 665)
4(646 666 1086 1066)
4(665 1085 1086 666)
4(647 667 1087 1067)
4(666 1086 1087 667)
4(648 668 1088 1068)
4(667 1087 1088 668)
4(649 669 1089 1069)
4(668 1088 1089 669)
4(650 670 1090 1070)
4(669 1089 1090 670)
4(651 671 1091 1071)
4(670 1090 1091 671)
4(652 672 1092 1072)
4(671 1091 1092 672)
4(653 673 1093 1073)
4(672 1092 1093 673)
4(654 674 1094 1074)
4(673 1093 1094 674)
4(655 675 1095 1075)
4(674 1094 1095 675)
4(656 676 1096 1076)
4(675 1095 1096 676)
4(657 677 1097 1077)
4(676 1096 1097 677)
4(658 678 1098 1078)
4(677 1097 1098 678)
4(659 679 1099 1079)
4(678 1098 1099 679)
4(660 680 1100 1080)
4(679 1099 1100 680)
4(680 1100 1101 681)
4(662 682 1102 1082)
4(131 362 1102 682)
4(663 683 1103 1083)
4(682 1102 1103 683)
4(664 684 1104 1084)
4(683 1103 1104 684)
4(665 685 1105 1085)
4(684 1104 1105 685)
4(666 686 1106 1086)
4(685 1105 1106 686)
4(667 687 1107 1087)
4(686 1106 1107 687)
4(668 688 1108 1088)
4(687 1107 1108 688)
4(669 689 1109 1089)
4(688 1108 1109 689)
4(670 690 1110 1090)
4(689 1109 1110 690)
4(671 691 1111 1091)
4(690 1110 1111 691)
4(672 692 1112 1092)
4(691 1111 1112 692)
4(673 693 1113 1093)
4(692 1112 1113 693)
4(674 694 1114 1094)
4(693 1113 1114 694)
4(675 695 1115 1095)
4(694 1114 1115 695)
4(676 696 1116 1096)
4(695 1115 1116 696)
4(677 697 1117 1097)
4(696 1116 1117 697)
4(678 698 1118 1098)
4(697 1117 1118 698)
4(679 699 1119 1099)
4(698 1118 1119 699)
4(680 700 1120 1100)
4(699 1119 1120 700)
4(700 1120 1121 701)
4(682 702 1122 1102)
4(142 373 1122 702)
4(683 703 1123 1103)
4(702 1122 1123 703)
4(684 704 1124 1104)
4(703 1123 1124 704)
4(685 705 1125 1105)
4(704 1124 1125 705)
4(686 706 1126 1106)
4(705 1125 1126 706)
4(687 707 1127 1107)
4(706 1126 1127 707)
4(688 708 1128 1108)
4(707 1127 1128 708)
4(689 709 1129 1109)
4(708 1128 1129 709)
4(690 710 1130 1110)
4(709 1129 1130 710)
4(691 711 1131 1111)
4(710 1130 1131 711)
4(692 712 1132 1112)
4(711 1131 1132 712)
4(693 713 1133 1113)
4(712 1132 1133 713)
4(694 714 1134 1114)
4(713 1133 1134 714)
4(695 715 1135 1115)
4(714 1134 1135 715)
4(696 716 1136 1116)
4(715 1135 1136 716)
4(697 717 1137 1117)
4(716 1136 1137 717)
4(698 718 1138 1118)
4(717 1137 1138 718)
4(699 719 1139 1119)
4(718 1138 1139 719)
4(700 720 1140 1120)
4(719 1139 1140 720)
4(720 1140 1141 721)
4(702 722 1142 1122)
4(153 384 1142 722)
4(703 723 1143 1123)
4(722 1142 1143 723)
4(704 724 1144 1124)
4(723 1143 1144 724)
4(705 725 1145 1125)
4(724 1144 1145 725)
4(706 726 1146 1126)
4(725 1145 1146 726)
4(707 727 1147 1127)
4(726 1146 1147 727)
4(708 728 1148 1128)
4(727 1147 1148 728)
4(709 729 1149 1129)
4(728 1148 1149 729)
4(710 730 1150 1130)
4(729 1149 1150 730)
4(711 731 1151 1131)
4(730 1150 1151 731)
4(712 732 1152 1132)
4(731 1151 1152 732)
4(713 733 1153 1133)
4(732 1152 1153 733)
4(714 734 1154 1134)
4(733 1153 1154 734)
4(715 735 1155 1135)
4(734 1154 1155 735)
4(716 736 1156 1136)
4(735 1155 1156 736)
4(717 737 1157 1137)
4(736 1156 1157 737)
4(718 738 1158 1138)
4(737 1157 1158 738)
4(719 739 1159 1139)
4(738 1158 1159 739)
4(720 740 1160 1140)
4(739 1159 1160 740)
4(740 1160 1161 741)
4(722 742 1162 1142)
4(164 395 1162 742)
4(723 743 1163 1143)
4(742 1162 1163 743)
4(724 744 1164 1144)
4(743 1163 1164 744)
4(725 745 1165 1145)
4(744 1164 1165 745)
4(726 746 1166 1146)
4(745 1165 1166 746)
4(727 747 1167 1147)
4(746 1166 1167 747)
4(728 748 1168 1148)
4(747 1167 1168 748)
4(729 749 1169 1149)
4(748 1168 1169 749)
4(730 750 1170 1150)
4(749 1169 1170 750)
4(731 751 1171 1151)
4(750 1170 1171 751)
4(732 752 1172 1152)
4(751 1171 1172 752)
4(733 753 1173 1153)
4(752 1172 1173 753)
4(734 754 1174 1154)
4(753 1173 1174 754)
4(735 755 1175 1155)
4(754 1174 1175 755)
4(736 756 1176 1156)
4(755 1175 1176 756)
4(737 757 1177 1157)
4(756 1176 1177 757)
4(738 758 1178 1158)
4(757 1177 1178 758)
4(739 759 1179 1159)
4(758 1178 1179 759)
4(740 760 1180 1160)
4(759 1179 1180 760)
4(760 1180 1181 761)
4(742 762 1182 1162)
4(175 406 1182 762)
4(743 763 1183 1163)
4(762 1182 1183 763)
4(744 764 1184 1164)
4(763 1183 1184 764)
4(745 765 1185 1165)
4(764 1184 1185 765)
4(746 766 1186 1166)
4(765 1185 1186 766)
4(747 767 1187 1167)
4(766 1186 1187 767)
4(748 768 1188 1168)
4(767 1187 1188 768)
4(749 769 1189 1169)
4(768 1188 1189 769)
4(750 770 1190 1170)
4(769 1189 1190 770)
4(751 771 1191 1171)
4(770 1190 1191 771)
4(752 772 1192 1172)
4(771 1191 1192 772)
4(753 773 1193 1173)
4(772 1192 1193 773)
4(754 774 1194 1174)
4(773 1193 1194 774)
4(755 775 1195 1175)
4(774 1194 1195 775)
4(756 776 1196 1176)
4(775 1195 1196 776)
4(757 777 1197 1177)
4(776 1196 1197 777)
4(758 778 1198 1178)
4(777 1197 1198 778)
4(759 779 1199 1179)
4(778 1198 1199 779)
4(760 780 1200 1180)
4(779 1199 1200 780)
4(780 1200 1201 781)
4(762 782 1202 1182)
4(186 417 1202 782)
4(763 783 1203 1183)
4(782 1202 1203 783)
4(764 784 1204 1184)
4(783 1203 1204 784)
4(765 785 1205 1185)
4(784 1204 1205 785)
4(766 786 1206 1186)
4(785 1205 1206 786)
4(767 787 1207 1187)
4(786 1206 1207 787)
4(768 788 1208 1188)
4(787 1207 1208 788)
4(769 789 1209 1189)
4(788 1208 1209 789)
4(770 790 1210 1190)
4(789 1209 1210 790)
4(771 791 1211 1191)
4(790 1210 1211 791)
4(772 792 1212 1192)
4(791 1211 1212 792)
4(773 793 1213 1193)
4(792 1212 1213 793)
4(774 794 1214 1194)
4(793 1213 1214 794)
4(775 795 1215 1195)
4(794 1214 1215 795)
4(776 796 1216 1196)
4(795 1215 1216 796)
4(777 797 1217 1197)
4(796 1216 1217 797)
4(778 798 1218 1198)
4(797 1217 1218 798)
4(779 799 1219 1199)
4(798 1218 1219 799)
4(780 800 1220 1200)
4(799 1219 1220 800)
4(800 1220 1221 801)
4(782 802 1222 1202)
4(197 428 1222 802)
4(783 803 1223 1203)
4(802 1222 1223 803)
4(784 804 1224 1204)
4(803 1223 1224 804)
4(785 805 1225 1205)
4(804 1224 1225 805)
4(786 806 1226 1206)
4(805 1225 1226 806)
4(787 807 1227 1207)
4(806 1226 1227 807)
4(788 808 1228 1208)
4(807 1227 1228 808)
4(789 809 1229 1209)
4(808 1228 1229 809)
4(790 810 1230 1210)
4(809 1229 1230 810)
4(791 811 1231 1211)
4(810 1230 1231 811)
4(792 812 1232 1212)
4(811 1231 1232 812)
4(793 813 1233 1213)
4(812 1232 1233 813)
4(794 814 1234 1214)
4(813 1233 1234 814)
4(795 815 1235 1215)
4(814 1234 1235 815)
4(796 816 1236 1216)
4(815 1235 1236 816)
4(797 817 1237 1217)
4(816 1236 1237 817)
4(798 818 1238 1218)
4(817 1237 1238 818)
4(799 819 1239 1219)
4(818 1238 1239 819)
4(800 820 1240 1220)
4(819 1239 1240 820)
4(820 1240 1241 821)
4(802 822 1242 1222)
4(208 439 1242 822)
4(803 823 1243 1223)
4(822 1242 1243 823)
4(804 824 1244 1224)
4(823 1243 1244 824)
4(805 825 1245 1225)
4(824 1244 1245 825)
4(806 826 1246 1226)
4(825 1245 1246 826)
4(807 827 1247 1227)
4(826 1246 1247 827)
4(808 828 1248 1228)
4(827 1247 1248 828)
4(809 829 1249 1229)
4(828 1248 1249 829)
4(810 830 1250 1230)
4(829 1249 1250 830)
4(811 831 1251 1231)
4(830 1250 1251 831)
4(812 832 1252 1232)
4(831 1251 1252 832)
4(813 833 1253 1233)
4(832 1252 1253 833)
4(814 834 1254 1234)
4(833 1253 1254 834)
4(815 835 1255 1235)
4(834 1254 1255 835)
4(816 836 1256 1236)
4(835 1255 1256 836)
4(817 837 1257 1237)
4(836 1256 1257 837)
4(818 838 1258 1238)
4(837 1257 1258 838)
4(819 839 1259 1239)
4(838 1258 1259 839)
4(820 840 1260 1240)
4(839 1259 1260 840)
4(840 1260 1261 841)
4(822 842 1262 1242)
4(219 450 1262 842)
4(823 843 1263 1243)
4(842 1262 1263 843)
4(824 844 1264 1244)
4(843 1263 1264 844)
4(825 845 1265 1245)
4(844 1264 1265 845)
4(826 846 1266 1246)
4(845 1265 1266 846)
4(827 847 1267 1247)
4(846 1266 1267 847)
4(828 848 1268 1248)
4(847 1267 1268 848)
4(829 849 1269 1249)
4(848 1268 1269 849)
4(830 850 1270 1250)
4(849 1269 1270 850)
4(831 851 1271 1251)
4(850 1270 1271 851)
4(832 852 1272 1252)
4(851 1271 1272 852)
4(833 853 1273 1253)
4(852 1272 1273 853)
4(834 854 1274 1254)
4(853 1273 1274 854)
4(835 855 1275 1255)
4(854 1274 1275 855)
4(836 856 1276 1256)
4(855 1275 1276 856)
4(837 857 1277 1257)
4(856 1276 1277 857)
4(838 858 1278 1258)
4(857 1277 1278 858)
4(839 859 1279 1259)
4(858 1278 1279 859)
4(840 860 1280 1260)
4(859 1279 1280 860)
4(860 1280 1281 861)
4(842 862 1282 1262)
4(843 863 1283 1263)
4(844 864 1284 1264)
4(845 865 1285 1265)
4(846 866 1286 1266)
4(847 867 1287 1267)
4(848 868 1288 1268)
4(849 869 1289 1269)
4(850 870 1290 1270)
4(851 871 1291 1271)
4(852 872 1292 1272)
4(853 873 1293 1273)
4(854 874 1294 1274)
4(855 875 1295 1275)
4(856 876 1296 1276)
4(857 877 1297 1277)
4(858 878 1298 1278)
4(859 879 1299 1279)
4(860 880 1300 1280)
4(220 451 452 221)
4(221 452 453 222)
4(222 453 454 223)
4(223 454 455 224)
4(224 455 456 225)
4(225 456 457 226)
4(226 457 458 227)
4(227 458 459 228)
4(228 459 460 229)
4(229 460 461 230)
4(230 461 1282 862)
4(862 1282 1283 863)
4(863 1283 1284 864)
4(864 1284 1285 865)
4(865 1285 1286 866)
4(866 1286 1287 867)
4(867 1287 1288 868)
4(868 1288 1289 869)
4(869 1289 1290 870)
4(870 1290 1291 871)
4(871 1291 1292 872)
4(872 1292 1293 873)
4(873 1293 1294 874)
4(874 1294 1295 875)
4(875 1295 1296 876)
4(876 1296 1297 877)
4(877 1297 1298 878)
4(878 1298 1299 879)
4(879 1299 1300 880)
4(880 1300 1301 881)
4(0 1 232 231)
4(1 2 233 232)
4(2 3 234 233)
4(3 4 235 234)
4(4 5 236 235)
4(5 6 237 236)
4(6 7 238 237)
4(7 8 239 238)
4(8 9 240 239)
4(9 10 241 240)
4(10 462 882 241)
4(462 463 883 882)
4(463 464 884 883)
4(464 465 885 884)
4(465 466 886 885)
4(466 467 887 886)
4(467 468 888 887)
4(468 469 889 888)
4(469 470 890 889)
4(470 471 891 890)
4(471 472 892 891)
4(472 473 893 892)
4(473 474 894 893)
4(474 475 895 894)
4(475 476 896 895)
4(476 477 897 896)
4(477 478 898 897)
4(478 479 899 898)
4(479 480 900 899)
4(480 481 901 900)
4(0 231 242 11)
4(11 242 253 22)
4(22 253 264 33)
4(33 264 275 44)
4(44 275 286 55)
4(55 286 297 66)
4(66 297 308 77)
4(77 308 319 88)
4(88 319 330 99)
4(99 330 341 110)
4(110 341 352 121)
4(121 352 363 132)
4(132 363 374 143)
4(143 374 385 154)
4(154 385 396 165)
4(165 396 407 176)
4(176 407 418 187)
4(187 418 429 198)
4(198 429 440 209)
4(209 440 451 220)
4(481 501 921 901)
4(501 521 941 921)
4(521 541 961 941)
4(541 561 981 961)
4(561 581 1001 981)
4(581 601 1021 1001)
4(601 621 1041 1021)
4(621 641 1061 1041)
4(641 661 1081 1061)
4(661 681 1101 1081)
4(681 701 1121 1101)
4(701 721 1141 1121)
4(721 741 1161 1141)
4(741 761 1181 1161)
4(761 781 1201 1181)
4(781 801 1221 1201)
4(801 821 1241 1221)
4(821 841 1261 1241)
4(841 861 1281 1261)
4(861 881 1301 1281)
4(0 11 12 1)
4(11 22 23 12)
4(22 33 34 23)
4(33 44 45 34)
4(44 55 56 45)
4(55 66 67 56)
4(66 77 78 67)
4(77 88 89 78)
4(88 99 100 89)
4(99 110 111 100)
4(110 121 122 111)
4(121 132 133 122)
4(132 143 144 133)
4(143 154 155 144)
4(154 165 166 155)
4(165 176 177 166)
4(176 187 188 177)
4(187 198 199 188)
4(198 209 210 199)
4(209 220 221 210)
4(1 12 13 2)
4(12 23 24 13)
4(23 34 35 24)
4(34 45 46 35)
4(45 56 57 46)
4(56 67 68 57)
4(67 78 79 68)
4(78 89 90 79)
4(89 100 101 90)
4(100 111 112 101)
4(111 122 123 112)
4(122 133 134 123)
4(133 144 145 134)
4(144 155 156 145)
4(155 166 167 156)
4(166 177 178 167)
4(177 188 189 178)
4(188 199 200 189)
4(199 210 211 200)
4(210 221 222 211)
4(2 13 14 3)
4(13 24 25 14)
4(24 35 36 25)
4(35 46 47 36)
4(46 57 58 47)
4(57 68 69 58)
4(68 79 80 69)
4(79 90 91 80)
4(90 101 102 91)
4(101 112 113 102)
4(112 123 124 113)
4(123 134 135 124)
4(134 145 146 135)
4(145 156 157 146)
4(156 167 168 157)
4(167 178 179 168)
4(178 189 190 179)
4(189 200 201 190)
4(200 211 212 201)
4(211 222 223 212)
4(3 14 15 4)
4(14 25 26 15)
4(25 36 37 26)
4(36 47 48 37)
4(47 58 59 48)
4(58 69 70 59)
4(69 80 81 70)
4(80 91 92 81)
4(91 102 103 92)
4(102 113 114 103)
4(113 124 125 114)
4(124 135 136 125)
4(135 146 147 136)
4(146 157 158 147)
4(157 168 169 158)
4(168 179 180 169)
4(179 190 191 180)
4(190 201 202 191)
4(201 212 213 202)
4(212 223 224 213)
4(4 15 16 5)
4(15 26 27 16)
4(26 37 38 27)
4(37 48 49 38)
4(48 59 60 49)
4(59 70 71 60)
4(70 81 82 71)
4(81 92 93 82)
4(92 103 104 93)
4(103 114 115 104)
4(114 125 126 115)
4(125 136 137 126)
4(136 147 148 137)
4(147 158 159 148)
4(158 169 170 159)
4(169 180 181 170)
4(180 191 192 181)
4(191 202 203 192)
4(202 213 214 203)
4(213 224 225 214)
4(5 16 17 6)
4(16 27 28 17)
4(27 38 39 28)
4(38 49 50 39)
4(49 60 61 50)
4(60 71 72 61)
4(71 82 83 72)
4(82 93 94 83)
4(93 104 105 94)
4(104 115 116 105)
4(115 126 127 116)
4(126 137 138 127)
4(137 148 149 138)
4(148 159 160 149)
4(159 170 171 160)
4(170 181 182 171)
4(181 192 193 182)
4(192 203 204 193)
4(203 214 215 204)
4(214 225 226 215)
4(6 17 18 7)
4(17 28 29 18)
4(28 39 40 29)
4(39 50 51 40)
4(50 61 62 51)
4(61 72 73 62)
4(72 83 84 73)
4(83 94 95 84)
4(94 105 106 95)
4(105 116 117 106)
4(116 127 128 117)
4(127 138 139 128)
4(138 149 150 139)
4(149 160 161 150)
4(160 171 172 161)
4(171 182 183 172)
4(182 193 194 183)
4(193 204 205 194)
4(204 215 216 205)
4(215 226 227 216)
4(7 18 19 8)
4(18 29 30 19)
4(29 40 41 30)
4(40 51 52 41)
4(51 62 63 52)
4(62 73 74 63)
4(73 84 85 74)
4(84 95 96 85)
4(95 106 107 96)
4(106 117 118 107)
4(117 128 129 118)
4(128 139 140 129)
4(139 150 151 140)
4(150 161 162 151)
4(161 172 173 162)
4(172 183 184 173)
4(183 194 195 184)
4(194 205 206 195)
4(205 216 217 206)
4(216 227 228 217)
4(8 19 20 9)
4(19 30 31 20)
4(30 41 42 31)
4(41 52 53 42)
4(52 63 64 53)
4(63 74 75 64)
4(74 85 86 75)
4(85 96 97 86)
4(96 107 108 97)
4(107 118 119 108)
4(118 129 130 119)
4(129 140 141 130)
4(140 151 152 141)
4(151 162 163 152)
4(162 173 174 163)
4(173 184 185 174)
4(184 195 196 185)
4(195 206 207 196)
4(206 217 218 207)
4(217 228 229 218)
4(9 20 21 10)
4(20 31 32 21)
4(31 42 43 32)
4(42 53 54 43)
4(53 64 65 54)
4(64 75 76 65)
4(75 86 87 76)
4(86 97 98 87)
4(97 108 109 98)
4(108 119 120 109)
4(119 130 131 120)
4(130 141 142 131)
4(141 152 153 142)
4(152 163 164 153)
4(163 174 175 164)
4(174 185 186 175)
4(185 196 197 186)
4(196 207 208 197)
4(207 218 219 208)
4(218 229 230 219)
4(10 21 482 462)
4(21 32 502 482)
4(32 43 522 502)
4(43 54 542 522)
4(54 65 562 542)
4(65 76 582 562)
4(76 87 602 582)
4(87 98 622 602)
4(98 109 642 622)
4(109 120 662 642)
4(120 131 682 662)
4(131 142 702 682)
4(142 153 722 702)
4(153 164 742 722)
4(164 175 762 742)
4(175 186 782 762)
4(186 197 802 782)
4(197 208 822 802)
4(208 219 842 822)
4(219 230 862 842)
4(462 482 483 463)
4(482 502 503 483)
4(502 522 523 503)
4(522 542 543 523)
4(542 562 563 543)
4(562 582 583 563)
4(582 602 603 583)
4(602 622 623 603)
4(622 642 643 623)
4(642 662 663 643)
4(662 682 683 663)
4(682 702 703 683)
4(702 722 723 703)
4(722 742 743 723)
4(742 762 763 743)
4(762 782 783 763)
4(782 802 803 783)
4(802 822 823 803)
4(822 842 843 823)
4(842 862 863 843)
4(463 483 484 464)
4(483 503 504 484)
4(503 523 524 504)
4(523 543 544 524)
4(543 563 564 544)
4(563 583 584 564)
4(583 603 604 584)
4(603 623 624 604)
4(623 643 644 624)
4(643 663 664 644)
4(663 683 684 664)
4(683 703 704 684)
4(703 723 724 704)
4(723 743 744 724)
4(743 763 764 744)
4(763 783 784 764)
4(783 803 804 784)
4(803 823 824 804)
4(823 843 844 824)
4(843 863 864 844)
4(464 484 485 465)
4(484 504 505 485)
4(504 524 525 505)
4(524 544 545 525)
4(544 564 565 545)
4(564 584 585 565)
4(584 604 605 585)
4(604 624 625 605)
4(624 644 645 625)
4(644 664 665 645)
4(664 684 685 665)
4(684 704 705 685)
4(704 724 725 705)
4(724 744 745 725)
4(744 764 765 745)
4(764 784 785 765)
4(784 804 805 785)
4(804 824 825 805)
4(824 844 845 825)
4(844 864 865 845)
4(465 485 486 466)
4(485 505 506 486)
4(505 525 526 506)
4(525 545 546 526)
4(545 565 566 546)
4(565 585 586 566)
4(585 605 606 586)
4(605 625 626 606)
4(625 645 646 626)
4(645 665 666 646)
4(665 685 686 666)
4(685 705 706 686)
4(705 725 726 706)
4(725 745 746 726)
4(745 765 766 746)
4(765 785 786 766)
4(785 805 806 786)
4(805 825 826 806)
4(825 845 846 826)
4(845 865 866 846)
4(466 486 487 467)
4(486 506 507 487)
4(506 526 527 507)
4(526 546 547 527)
4(546 566 567 547)
4(566 586 587 567)
4(586 606 607 587)
4(606 626 627 607)
4(626 646 647 627)
4(646 666 667 647)
4(666 686 687 667)
4(686 706 707 687)
4(706 726 727 707)
4(726 746 747 727)
4(746 766 767 747)
4(766 786 787 767)
4(786 806 807 787)
4(806 826 827 807)
4(826 846 847 827)
4(846 866 867 847)
4(467 487 488 468)
4(487 507 508 488)
4(507 527 528 508)
4(527 547 548 528)
4(547 567 568 548)
4(567 587 588 568)
4(587 607 608 588)
4(607 627 628 608)
4(627 647 648 628)
4(647 667 668 648)
4(667 687 688 668)
4(687 707 708 688)
4(707 727 728 708)
4(727 747 748 728)
4(747 767 768 748)
4(767 787 788 768)
4(787 807 808 788)
4(807 827 828 808)
4(827 847 848 828)
4(847 867 868 848)
4(468 488 489 469)
4(488 508 509 489)
4(508 528 529 509)
4(528 548 549 529)
4(548 568 569 549)
4(568 588 589 569)
4(588 608 609 589)
4(608 628 629 609)
4(628 648 649 629)
4(648 668 669 649)
4(668 688 689 669)
4(688 708 709 689)
4(708 728 729 709)
4(728 748 749 729)
4(748 768 769 749)
4(768 788 789 769)
4(788 808 809 789)
4(808 828 829 809)
4(828 848 849 829)
4(848 868 869 849)
4(469 489 490 470)
4(489 509 510 490)
4(509 529 530 510)
4(529 549 550 530)
4(549 569 570 550)
4(569 589 590 570)
4(589 609 610 590)
4(609 629 630 610)
4(629 649 650 630)
4(649 669 670 650)
4(669 689 690 670)
4(689 709 710 690)
4(709 729 730 710)
4(729 749 750 730)
4(749 769 770 750)
4(769 789 790 770)
4(789 809 810 790)
4(809 829 830 810)
4(829 849 850 830)
4(849 869 870 850)
4(470 490 491 471)
4(490 510 511 491)
4(510 530 531 511)
4(530 550 551 531)
4(550 570 571 551)
4(570 590 591 571)
4(590 610 611 591)
4(610 630 631 611)
4(630 650 651 631)
4(650 670 671 651)
4(670 690 691 671)
4(690 710 711 691)
4(710 730 731 711)
4(730 750 751 731)
4(750 770 771 751)
4(770 790 791 771)
4(790 810 811 791)
4(810 830 831 811)
4(830 850 851 831)
4(850 870 871 851)
4(471 491 492 472)
4(491 511 512 492)
4(511 531 532 512)
4(531 551 552 532)
4(551 571 572 552)
4(571 591 592 572)
4(591 611 612 592)
4(611 631 632 612)
4(631 651 652 632)
4(651 671 672 652)
4(671 691 692 672)
4(691 711 712 692)
4(711 731 732 712)
4(731 751 752 732)
4(751 771 772 752)
4(771 791 792 772)
4(791 811 812 792)
4(811 831 832 812)
4(831 851 852 832)
4(851 871 872 852)
4(472 492 493 473)
4(492 512 513 493)
4(512 532 533 513)
4(532 552 553 533)
4(552 572 573 553)
4(572 592 593 573)
4(592 612 613 593)
4(612 632 633 613)
4(632 652 653 633)
4(652 672 673 653)
4(672 692 693 673)
4(692 712 713 693)
4(712 732 733 713)
4(732 752 753 733)
4(752 772 773 753)
4(772 792 793 773)
4(792 812 813 793)
4(812 832 833 813)
4(832 852 853 833)
4(852 872 873 853)
4(473 493 494 474)
4(493 513 514 494)
4(513 533 534 514)
4(533 553 554 534)
4(553 573 574 554)
4(573 593 594 574)
4(593 613 614 594)
4(613 633 634 614)
4(633 653 654 634)
4(653 673 674 654)
4(673 693 694 674)
4(693 713 714 694)
4(713 733 734 714)
4(733 753 754 734)
4(753 773 774 754)
4(773 793 794 774)
4(793 813 814 794)
4(813 833 834 814)
4(833 853 854 834)
4(853 873 874 854)
4(474 494 495 475)
4(494 514 515 495)
4(514 534 535 515)
4(534 554 555 535)
4(554 574 575 555)
4(574 594 595 575)
4(594 614 615 595)
4(614 634 635 615)
4(634 654 655 635)
4(654 674 675 655)
4(674 694 695 675)
4(694 714 715 695)
4(714 734 735 715)
4(734 754 755 735)
4(754 774 775 755)
4(774 794 795 775)
4(794 814 815 795)
4(814 834 835 815)
4(834 854 855 835)
4(854 874 875 855)
4(475 495 496 476)
4(495 515 516 496)
4(515 535 536 516)
4(535 555 556 536)
4(555 575 576 556)
4(575 595 596 576)
4(595 615 616 596)
4(615 635 636 616)
4(635 655 656 636)
4(655 675 676 656)
4(675 695 696 676)
4(695 715 716 696)
4(715 735 736 716)
4(735 755 756 736)
4(755 775 776 756)
4(775 795 796 776)
4(795 815 816 796)
4(815 835 836 816)
4(835 855 856 836)
4(855 875 876 856)
4(476 496 497 477)
4(496 516 517 497)
4(516 536 537 517)
4(536 556 557 537)
4(556 576 577 557)
4(576 596 597 577)
4(596 616 617 597)
4(616 636 637 617)
4(636 656 657 637)
4(656 676 677 657)
4(676 696 697 677)
4(696 716 717 697)
4(716 736 737 717)
4(736 756 757 737)
4(756 776 777 757)
4(776 796 797 777)
4(796 816 817 797)
4(816 836 837 817)
4(836 856 857 837)
4(856 876 877 857)
4(477 497 498 478)
4(497 517 518 498)
4(517 537 538 518)
4(537 557 558 538)
4(557 577 578 558)
4(577 597 598 578)
4(597 617 618 598)
4(617 637 638 618)
4(637 657 658 638)
4(657 677 678 658)
4(677 697 698 678)
4(697 717 718 698)
4(717 737 738 718)
4(737 757 758 738)
4(757 777 778 758)
4(777 797 798 778)
4(797 817 818 798)
4(817 837 838 818)
4(837 857 858 838)
4(857 877 878 858)
4(478 498 499 479)
4(498 518 519 499)
4(518 538 539 519)
4(538 558 559 539)
4(558 578 579 559)
4(578 598 599 579)
4(598 618 619 599)
4(618 638 639 619)
4(638 658 659 639)
4(658 678 679 659)
4(678 698 699 679)
4(698 718 719 699)
4(718 738 739 719)
4(738 758 759 739)
4(758 778 779 759)
4(778 798 799 779)
4(798 818 819 799)
4(818 838 839 819)
4(838 858 859 839)
4(858 878 879 859)
4(479 499 500 480)
4(499 519 520 500)
4(519 539 540 520)
4(539 559 560 540)
4(559 579 580 560)
4(579 599 600 580)
4(599 619 620 600)
4(619 639 640 620)
4(639 659 660 640)
4(659 679 680 660)
4(679 699 700 680)
4(699 719 720 700)
4(719 739 740 720)
4(739 759 760 740)
4(759 779 780 760)
4(779 799 800 780)
4(799 819 820 800)
4(819 839 840 820)
4(839 859 860 840)
4(859 879 880 860)
4(480 500 501 481)
4(500 520 521 501)
4(520 540 541 521)
4(540 560 561 541)
4(560 580 581 561)
4(580 600 601 581)
4(600 620 621 601)
4(620 640 641 621)
4(640 660 661 641)
4(660 680 681 661)
4(680 700 701 681)
4(700 720 721 701)
4(720 740 741 721)
4(740 760 761 741)
4(760 780 781 761)
4(780 800 801 781)
4(800 820 821 801)
4(820 840 841 821)
4(840 860 861 841)
4(860 880 881 861)
4(231 232 243 242)
4(242 243 254 253)
4(253 254 265 264)
4(264 265 276 275)
4(275 276 287 286)
4(286 287 298 297)
4(297 298 309 308)
4(308 309 320 319)
4(319 320 331 330)
4(330 331 342 341)
4(341 342 353 352)
4(352 353 364 363)
4(363 364 375 374)
4(374 375 386 385)
4(385 386 397 396)
4(396 397 408 407)
4(407 408 419 418)
4(418 419 430 429)
4(429 430 441 440)
4(440 441 452 451)
4(232 233 244 243)
4(243 244 255 254)
4(254 255 266 265)
4(265 266 277 276)
4(276 277 288 287)
4(287 288 299 298)
4(298 299 310 309)
4(309 310 321 320)
4(320 321 332 331)
4(331 332 343 342)
4(342 343 354 353)
4(353 354 365 364)
4(364 365 376 375)
4(375 376 387 386)
4(386 387 398 397)
4(397 398 409 408)
4(408 409 420 419)
4(419 420 431 430)
4(430 431 442 441)
4(441 442 453 452)
4(233 234 245 244)
4(244 245 256 255)
4(255 256 267 266)
4(266 267 278 277)
4(277 278 289 288)
4(288 289 300 299)
4(299 300 311 310)
4(310 311 322 321)
4(321 322 333 332)
4(332 333 344 343)
4(343 344 355 354)
4(354 355 366 365)
4(365 366 377 376)
4(376 377 388 387)
4(387 388 399 398)
4(398 399 410 409)
4(409 410 421 420)
4(420 421 432 431)
4(431 432 443 442)
4(442 443 454 453)
4(234 235 246 245)
4(245 246 257 256)
4(256 257 268 267)
4(267 268 279 278)
4(278 279 290 289)
4(289 290 301 300)
4(300 301 312 311)
4(311 312 323 322)
4(322 323 334 333)
4(333 334 345 344)
4(344 345 356 355)
4(355 356 367 366)
4(366 367 378 377)
4(377 378 389 388)
4(388 389 400 399)
4(399 400 411 410)
4(410 411 422 421)
4(421 422 433 432)
4(432 433 444 443)
4(443 444 455 454)
4(235 236 247 246)
4(246 247 258 257)
4(257 258 269 268)
4(268 269 280 279)
4(279 280 291 290)
4(290 291 302 301)
4(301 302 313 312)
4(312 313 324 323)
4(323 324 335 334)
4(334 335 346 345)
4(345 346 357 356)
4(356 357 368 367)
4(367 368 379 378)
4(378 379 390 389)
4(389 390 401 400)
4(400 401 412 411)
4(411 412 423 422)
4(422 423 434 433)
4(433 434 445 444)
4(444 445 456 455)
4(236 237 248 247)
4(247 248 259 258)
4(258 259 270 269)
4(269 270 281 280)
4(280 281 292 291)
4(291 292 303 302)
4(302 303 314 313)
4(313 314 325 324)
4(324 325 336 335)
4(335 336 347 346)
4(346 347 358 357)
4(357 358 369 368)
4(368 369 380 379)
4(379 380 391 390)
4(390 391 402 401)
4(401 402 413 412)
4(412 413 424 423)
4(423 424 435 434)
4(434 435 446 445)
4(445 446 457 456)
4(237 238 249 248)
4(248 249 260 259)
4(259 260 271 270)
4(270 271 282 281)
4(281 282 293 292)
4(292 293 304 303)
4(303 304 315 314)
4(314 315 326 325)
4(325 326 337 336)
4(336 337 348 347)
4(347 348 359 358)
4(358 359 370 369)
4(369 370 381 380)
4(380 381 392 391)
4(391 392 403 402)
4(402 403 414 413)
4(413 414 425 424)
4(424 425 436 435)
4(435 436 447 446)
4(446 447 458 457)
4(238 239 250 249)
4(249 250 261 260)
4(260 261 272 271)
4(271 272 283 282)
4(282 283 294 293)
4(293 294 305 304)
4(304 305 316 315)
4(315 316 327 326)
4(326 327 338 337)
4(337 338 349 348)
4(348 349 360 359)
4(359 360 371 370)
4(370 371 382 381)
4(381 382 393 392)
4(392 393 404 403)
4(403 404 415 414)
4(414 415 426 425)
4(425 426 437 436)
4(436 437 448 447)
4(447 448 459 458)
4(239 240 251 250)
4(250 251 262 261)
4(261 262 273 272)
4(272 273 284 283)
4(283 284 295 294)
4(294 295 306 305)
4(305 306 317 316)
4(316 317 328 327)
4(327 328 339 338)
4(338 339 350 349)
4(349 350 361 360)
4(360 361 372 371)
4(371 372 383 382)
4(382 383 394 393)
4(393 394 405 404)
4(404 405 416 415)
4(415 416 427 426)
4(426 427 438 437)
4(437 438 449 448)
4(448 449 460 459)
4(240 241 252 251)
4(251 252 263 262)
4(262 263 274 273)
4(273 274 285 284)
4(284 285 296 295)
4(295 296 307 306)
4(306 307 318 317)
4(317 318 329 328)
4(328 329 340 339)
4(339 340 351 350)
4(350 351 362 361)
4(361 362 373 372)
4(372 373 384 383)
4(383 384 395 394)
4(394 395 406 405)
4(405 406 417 416)
4(416 417 428 427)
4(427 428 439 438)
4(438 439 450 449)
4(449 450 461 460)
4(241 882 902 252)
4(252 902 922 263)
4(263 922 942 274)
4(274 942 962 285)
4(285 962 982 296)
4(296 982 1002 307)
4(307 1002 1022 318)
4(318 1022 1042 329)
4(329 1042 1062 340)
4(340 1062 1082 351)
4(351 1082 1102 362)
4(362 1102 1122 373)
4(373 1122 1142 384)
4(384 1142 1162 395)
4(395 1162 1182 406)
4(406 1182 1202 417)
4(417 1202 1222 428)
4(428 1222 1242 439)
4(439 1242 1262 450)
4(450 1262 1282 461)
4(882 883 903 902)
4(902 903 923 922)
4(922 923 943 942)
4(942 943 963 962)
4(962 963 983 982)
4(982 983 1003 1002)
4(1002 1003 1023 1022)
4(1022 1023 1043 1042)
4(1042 1043 1063 1062)
4(1062 1063 1083 1082)
4(1082 1083 1103 1102)
4(1102 1103 1123 1122)
4(1122 1123 1143 1142)
4(1142 1143 1163 1162)
4(1162 1163 1183 1182)
4(1182 1183 1203 1202)
4(1202 1203 1223 1222)
4(1222 1223 1243 1242)
4(1242 1243 1263 1262)
4(1262 1263 1283 1282)
4(883 884 904 903)
4(903 904 924 923)
4(923 924 944 943)
4(943 944 964 963)
4(963 964 984 983)
4(983 984 1004 1003)
4(1003 1004 1024 1023)
4(1023 1024 1044 1043)
4(1043 1044 1064 1063)
4(1063 1064 1084 1083)
4(1083 1084 1104 1103)
4(1103 1104 1124 1123)
4(1123 1124 1144 1143)
4(1143 1144 1164 1163)
4(1163 1164 1184 1183)
4(1183 1184 1204 1203)
4(1203 1204 1224 1223)
4(1223 1224 1244 1243)
4(1243 1244 1264 1263)
4(1263 1264 1284 1283)
4(884 885 905 904)
4(904 905 925 924)
4(924 925 945 944)
4(944 945 965 964)
4(964 965 985 984)
4(984 985 1005 1004)
4(1004 1005 1025 1024)
4(1024 1025 1045 1044)
4(1044 1045 1065 1064)
4(1064 1065 1085 1084)
4(1084 1085 1105 1104)
4(1104 1105 1125 1124)
4(1124 1125 1145 1144)
4(1144 1145 1165 1164)
4(1164 1165 1185 1184)
4(1184 1185 1205 1204)
4(1204 1205 1225 1224)
4(1224 1225 1245 1244)
4(1244 1245 1265 1264)
4(1264 1265 1285 1284)
4(885 886 906 905)
4(905 906 926 925)
4(925 926 946 945)
4(945 946 966 965)
4(965 966 986 985)
4(985 986 1006 1005)
4(1005 1006 1026 1025)
4(1025 1026 1046 1045)
4(1045 1046 1066 1065)
4(1065 1066 1086 1085)
4(1085 1086 1106 1105)
4(1105 1106 1126 1125)
4(1125 1126 1146 1145)
4(1145 1146 1166 1165)
4(1165 1166 1186 1185)
4(1185 1186 1206 1205)
4(1205 1206 1226 1225)
4(1225 1226 1246 1245)
4(1245 1246 1266 1265)
4(1265 1266 1286 1285)
4(886 887 907 906)
4(906 907 927 926)
4(926 927 947 946)
4(946 947 967 966)
4(966 967 987 986)
4(986 987 1007 1006)
4(1006 1007 1027 1026)
4(1026 1027 1047 1046)
4(1046 1047 1067 1066)
4(1066 1067 1087 1086)
4(1086 1087 1107 1106)
4(1106 1107 1127 1126)
4(1126 1127 1147 1146)
4(1146 1147 1167 1166)
4(1166 1167 1187 1186)
4(1186 1187 1207 1206)
4(1206 1207 1227 1226)
4(1226 1227 1247 1246)
4(1246 1247 1267 1266)
4(1266 1267 1287 1286)
4(887 888 908 907)
4(907 908 928 927)
4(927 928 948 947)
4(947 948 968 967)
4(967 968 988 987)
4(987 988 1008 1007)
4(1007 1008 1028 1027)
4(1027 1028 1048 1047)
4(1047 1048 1068 1067)
4(1067 1068 1088 1087)
4(1087 1088 1108 1107)
4(1107 1108 1128 1127)
4(1127 1128 1148 1147)
4(1147 1148 1168 1167)
4(1167 1168 1188 1187)
4(1187 1188 1208 1207)
4(1207 1208 1228 1227)
4(1227 1228 1248 1247)
4(1247 1248 1268 1267)
4(1267 1268 1288 1287)
4(888 889 909 908)
4(908 909 929 928)
4(928 929 949 948)
4(948 949 969 968)
4(968 969 989 988)
4(988 989 1009 1008)
4(1008 1009 1029 1028)
4(1028 1029 1049 1048)
4(1048 1049 1069 1068)
4(1068 1069 1089 1088)
4(1088 1089 1109 1108)
4(1108 1109 1129 1128)
4(1128 1129 1149 1148)
4(1148 1149 1169 1168)
4(1168 1169 1189 1188)
4(1188 1189 1209 1208)
4(1208 1209 1229 1228)
4(1228 1229 1249 1248)
4(1248 1249 1269 1268)
4(1268 1269 1289 1288)
4(889 890 910 909)
4(909 910 930 929)
4(929 930 950 949)
4(949 950 970 969)
4(969 970 990 989)
4(989 990 1010 1009)
4(1009 1010 1030 1029)
4(1029 1030 1050 1049)
4(1049 1050 1070 1069)
4(1069 1070 1090 1089)
4(1089 1090 1110 1109)
4(1109 1110 1130 1129)
4(1129 1130 1150 1149)
4(1149 1150 1170 1169)
4(1169 1170 1190 1189)
4(1189 1190 1210 1209)
4(1209 1210 1230 1229)
4(1229 1230 1250 1249)
4(1249 1250 1270 1269)
4(1269 1270 1290 1289)
4(890 891 911 910)
4(910 911 931 930)
4(930 931 951 950)
4(950 951 971 970)
4(970 971 991 990)
4(990 991 1011 1010)
4(1010 1011 1031 1030)
4(1030 1031 1051 1050)
4(1050 1051 1071 1070)
4(1070 1071 1091 1090)
4(1090 1091 1111 1110)
4(1110 1111 1131 1130)
4(1130 1131 1151 1150)
4(1150 1151 1171 1170)
4(1170 1171 1191 1190)
4(1190 1191 1211 1210)
4(1210 1211 1231 1230)
4(1230 1231 1251 1250)
4(1250 1251 1271 1270)
4(1270 1271 1291 1290)
4(891 892 912 911)
4(911 912 932 931)
4(931 932 952 951)
4(951 952 972 971)
4(971 972 992 991)
4(991 992 1012 1011)
4(1011 1012 1032 1031)
4(1031 1032 1052 1051)
4(1051 1052 1072 1071)
4(1071 1072 1092 1091)
4(1091 1092 1112 1111)
4(1111 1112 1132 1131)
4(1131 1132 1152 1151)
4(1151 1152 1172 1171)
4(1171 1172 1192 1191)
4(1191 1192 1212 1211)
4(1211 1212 1232 1231)
4(1231 1232 1252 1251)
4(1251 1252 1272 1271)
4(1271 1272 1292 1291)
4(892 893 913 912)
4(912 913 933 932)
4(932 933 953 952)
4(952 953 973 972)
4(972 973 993 992)
4(992 993 1013 1012)
4(1012 1013 1033 1032)
4(1032 1033 1053 1052)
4(1052 1053 1073 1072)
4(1072 1073 1093 1092)
4(1092 1093 1113 1112)
4(1112 1113 1133 1132)
4(1132 1133 1153 1152)
4(1152 1153 1173 1172)
4(1172 1173 1193 1192)
4(1192 1193 1213 1212)
4(1212 1213 1233 1232)
4(1232 1233 1253 1252)
4(1252 1253 1273 1272)
4(1272 1273 1293 1292)
4(893 894 914 913)
4(913 914 934 933)
4(933 934 954 953)
4(953 954 974 973)
4(973 974 994 993)
4(993 994 1014 1013)
4(1013 1014 1034 1033)
4(1033 1034 1054 1053)
4(1053 1054 1074 1073)
4(1073 1074 1094 1093)
4(1093 1094 1114 1113)
4(1113 1114 1134 1133)
4(1133 1134 1154 1153)
4(1153 1154 1174 1173)
4(1173 1174 1194 1193)
4(1193 1194 1214 1213)
4(1213 1214 1234 1233)
4(1233 1234 1254 1253)
4(1253 1254 1274 1273)
4(1273 1274 1294 1293)
4(894 895 915 914)
4(914 915 935 934)
4(934 935 955 954)
4(954 955 975 974)
4(974 975 995 994)
4(994 995 1015 1014)
4(1014 1015 1035 1034)
4(1034 1035 1055 1054)
4(1054 1055 1075 1074)
4(1074 1075 1095 1094)
4(1094 1095 1115 1114)
4(1114 1115 1135 1134)
4(1134 1135 1155 1154)
4(1154 1155 1175 1174)
4(1174 1175 1195 1194)
4(1194 1195 1215 1214)
4(1214 1215 1235 1234)
4(1234 1235 1255 1254)
4(1254 1255 1275 1274)
4(1274 1275 1295 1294)
4(895 896 916 915)
4(915 916 936 935)
4(935 936 956 955)
4(955 956 976 975)
4(975 976 996 995)
4(995 996 1016 1015)
4(1015 1016 1036 1035)
4(1035 1036 1056 1055)
4(1055 1056 1076 1075)
4(1075 1076 1096 1095)
4(1095 1096 1116 1115)
4(1115 1116 1136 1135)
4(1135 1136 1156 1155)
4(1155 1156 1176 1175)
4(1175 1176 1196 1195)
4(1195 1196 1216 1215)
4(1215 1216 1236 1235)
4(1235 1236 1256 1255)
4(1255 1256 1276 1275)
4(1275 1276 1296 1295)
4(896 897 917 916)
4(916 917 937 936)
4(936 937 957 956)
4(956 957 977 976)
4(976 977 997 996)
4(996 997 1017 1016)
4(1016 1017 1037 1036)
4(1036 1037 1057 1056)
4(1056 1057 1077 1076)
4(1076 1077 1097 1096)
4(1096 1097 1117 1116)
4(1116 1117 1137 1136)
4(1136 1137 1157 1156)
4(1156 1157 1177 1176)
4(1176 1177 1197 1196)
4(1196 1197 1217 1216)
4(1216 1217 1237 1236)
4(1236 1237 1257 1256)
4(1256 1257 1277 1276)
4(1276 1277 1297 1296)
4(897 898 918 917)
4(917 918 938 937)
4(937 938 958 957)
4(957 958 978 977)
4(977 978 998 997)
4(997 998 1018 1017)
4(1017 1018 1038 1037)
4(1037 1038 1058 1057)
4(1057 1058 1078 1077)
4(1077 1078 1098 1097)
4(1097 1098 1118 1117)
4(1117 1118 1138 1137)
4(1137 1138 1158 1157)
4(1157 1158 1178 1177)
4(1177 1178 1198 1197)
4(1197 1198 1218 1217)
4(1217 1218 1238 1237)
4(1237 1238 1258 1257)
4(1257 1258 1278 1277)
4(1277 1278 1298 1297)
4(898 899 919 918)
4(918 919 939 938)
4(938 939 959 958)
4(958 959 979 978)
4(978 979 999 998)
4(998 999 1019 1018)
4(1018 1019 1039 1038)
4(1038 1039 1059 1058)
4(1058 1059 1079 1078)
4(1078 1079 1099 1098)
4(1098 1099 1119 1118)
4(1118 1119 1139 1138)
4(1138 1139 1159 1158)
4(1158 1159 1179 1178)
4(1178 1179 1199 1198)
4(1198 1199 1219 1218)
4(1218 1219 1239 1238)
4(1238 1239 1259 1258)
4(1258 1259 1279 1278)
4(1278 1279 1299 1298)
4(899 900 920 919)
4(919 920 940 939)
4(939 940 960 959)
4(959 960 980 979)
4(979 980 1000 999)
4(999 1000 1020 1019)
4(1019 1020 1040 1039)
4(1039 1040 1060 1059)
4(1059 1060 1080 1079)
4(1079 1080 1100 1099)
4(1099 1100 1120 1119)
4(1119 1120 1140 1139)
4(1139 1140 1160 1159)
4(1159 1160 1180 1179)
4(1179 1180 1200 1199)
4(1199 1200 1220 1219)
4(1219 1220 1240 1239)
4(1239 1240 1260 1259)
4(1259 1260 1280 1279)
4(1279 1280 1300 1299)
4(900 901 921 920)
4(920 921 941 940)
4(940 941 961 960)
4(960 961 981 980)
4(980 981 1001 1000)
4(1000 1001 1021 1020)
4(1020 1021 1041 1040)
4(1040 1041 1061 1060)
4(1060 1061 1081 1080)
4(1080 1081 1101 1100)
4(1100 1101 1121 1120)
4(1120 1121 1141 1140)
4(1140 1141 1161 1160)
4(1160 1161 1181 1180)
4(1180 1181 1201 1200)
4(1200 1201 1221 1220)
4(1220 1221 1241 1240)
4(1240 1241 1261 1260)
4(1260 1261 1281 1280)
4(1280 1281 1301 1300)
)


// ************************************************************************* //
