/*--------------------------------*- C++ -*----------------------------------*\
| =========                 |                                                 |
| \\      /  F ield         | OpenFOAM: The Open Source CFD Toolbox           |
|  \\    /   O peration     | Version:  v2012                                 |
|   \\  /    A nd           | Website:  www.openfoam.com                      |
|    \\/     M anipulation  |                                                 |
\*---------------------------------------------------------------------------*/
FoamFile
{
    version     2.0;
    format      ascii;
    class       labelList;
    note        "nPoints:1302  nCells:600  nFaces:2450  nInternalFaces:1150";
    location    "constant/polyMesh";
    object      neighbour;
}
// * * * * * * * * * * * * * * * * * * * * * * * * * * * * * * * * * * * * * //


1150
(
1
10
2
11
3
12
4
13
5
14
6
15
7
16
8
17
9
18
19
200
11
20
12
21
13
22
14
23
15
24
16
25
17
26
18
27
19
28
29
220
21
30
22
31
23
32
24
33
25
34
26
35
27
36
28
37
29
38
39
240
31
40
32
41
33
42
34
43
35
44
36
45
37
46
38
47
39
48
49
260
41
50
42
51
43
52
44
53
45
54
46
55
47
56
48
57
49
58
59
280
51
60
52
61
53
62
54
63
55
64
56
65
57
66
58
67
59
68
69
300
61
70
62
71
63
72
64
73
65
74
66
75
67
76
68
77
69
78
79
320
71
80
72
81
73
82
74
83
75
84
76
85
77
86
78
87
79
88
89
340
81
90
82
91
83
92
84
93
85
94
86
95
87
96
88
97
89
98
99
360
91
100
92
101
93
102
94
103
95
104
96
105
97
106
98
107
99
108
109
380
101
110
102
111
103
112
104
113
105
114
106
115
107
116
108
117
109
118
119
400
111
120
112
121
113
122
114
123
115
124
116
125
117
126
118
127
119
128
129
420
121
130
122
131
123
132
124
133
125
134
126
135
127
136
128
137
129
138
139
440
131
140
132
141
133
142
134
143
135
144
136
145
137
146
138
147
139
148
149
460
141
150
142
151
143
152
144
153
145
154
146
155
147
156
148
157
149
158
159
480
151
160
152
161
153
162
154
163
155
164
156
165
157
166
158
167
159
168
169
500
161
170
162
171
163
172
164
173
165
174
166
175
167
176
168
177
169
178
179
520
171
180
172
181
173
182
174
183
175
184
176
185
177
186
178
187
179
188
189
540
181
190
182
191
183
192
184
193
185
194
186
195
187
196
188
197
189
198
199
560
191
192
193
194
195
196
197
198
199
580
201
220
202
221
203
222
204
223
205
224
206
225
207
226
208
227
209
228
210
229
211
230
212
231
213
232
214
233
215
234
216
235
217
236
218
237
219
238
239
221
240
222
241
223
242
224
243
225
244
226
245
227
246
228
247
229
248
230
249
231
250
232
251
233
252
234
253
235
254
236
255
237
256
238
257
239
258
259
241
260
242
261
243
262
244
263
245
264
246
265
247
266
248
267
249
268
250
269
251
270
252
271
253
272
254
273
255
274
256
275
257
276
258
277
259
278
279
261
280
262
281
263
282
264
283
265
284
266
285
267
286
268
287
269
288
270
289
271
290
272
291
273
292
274
293
275
294
276
295
277
296
278
297
279
298
299
281
300
282
301
283
302
284
303
285
304
286
305
287
306
288
307
289
308
290
309
291
310
292
311
293
312
294
313
295
314
296
315
297
316
298
317
299
318
319
301
320
302
321
303
322
304
323
305
324
306
325
307
326
308
327
309
328
310
329
311
330
312
331
313
332
314
333
315
334
316
335
317
336
318
337
319
338
339
321
340
322
341
323
342
324
343
325
344
326
345
327
346
328
347
329
348
330
349
331
350
332
351
333
352
334
353
335
354
336
355
337
356
338
357
339
358
359
341
360
342
361
343
362
344
363
345
364
346
365
347
366
348
367
349
368
350
369
351
370
352
371
353
372
354
373
355
374
356
375
357
376
358
377
359
378
379
361
380
362
381
363
382
364
383
365
384
366
385
367
386
368
387
369
388
370
389
371
390
372
391
373
392
374
393
375
394
376
395
377
396
378
397
379
398
399
381
400
382
401
383
402
384
403
385
404
386
405
387
406
388
407
389
408
390
409
391
410
392
411
393
412
394
413
395
414
396
415
397
416
398
417
399
418
419
401
420
402
421
403
422
404
423
405
424
406
425
407
426
408
427
409
428
410
429
411
430
412
431
413
432
414
433
415
434
416
435
417
436
418
437
419
438
439
421
440
422
441
423
442
424
443
425
444
426
445
427
446
428
447
429
448
430
449
431
450
432
451
433
452
434
453
435
454
436
455
437
456
438
457
439
458
459
441
460
442
461
443
462
444
463
445
464
446
465
447
466
448
467
449
468
450
469
451
470
452
471
453
472
454
473
455
474
456
475
457
476
458
477
459
478
479
461
480
462
481
463
482
464
483
465
484
466
485
467
486
468
487
469
488
470
489
471
490
472
491
473
492
474
493
475
494
476
495
477
496
478
497
479
498
499
481
500
482
501
483
502
484
503
485
504
486
505
487
506
488
507
489
508
490
509
491
510
492
511
493
512
494
513
495
514
496
515
497
516
498
517
499
518
519
501
520
502
521
503
522
504
523
505
524
506
525
507
526
508
527
509
528
510
529
511
530
512
531
513
532
514
533
515
534
516
535
517
536
518
537
519
538
539
521
540
522
541
523
542
524
543
525
544
526
545
527
546
528
547
529
548
530
549
531
550
532
551
533
552
534
553
535
554
536
555
537
556
538
557
539
558
559
541
560
542
561
543
562
544
563
545
564
546
565
547
566
548
567
549
568
550
569
551
570
552
571
553
572
554
573
555
574
556
575
557
576
558
577
559
578
579
561
580
562
581
563
582
564
583
565
584
566
585
567
586
568
587
569
588
570
589
571
590
572
591
573
592
574
593
575
594
576
595
577
596
578
597
579
598
599
581
582
583
584
585
586
587
588
589
590
591
592
593
594
595
596
597
598
599
)


// ************************************************************************* //
