/*--------------------------------*- C++ -*----------------------------------*\
| =========                 |                                                 |
| \\      /  F ield         | OpenFOAM: The Open Source CFD Toolbox           |
|  \\    /   O peration     | Version:  v2012                                 |
|   \\  /    A nd           | Website:  www.openfoam.com                      |
|    \\/     M anipulation  |                                                 |
\*---------------------------------------------------------------------------*/
FoamFile
{
    version     2.0;
    format      ascii;
    class       vectorField;
    location    "constant/polyMesh";
    object      points;
}
// * * * * * * * * * * * * * * * * * * * * * * * * * * * * * * * * * * * * * //


1302
(
(0 0 0)
(0.01 0 0)
(0.02 0 0)
(0.03 0 0)
(0.04 0 0)
(0.05 0 0)
(0.06 0 0)
(0.07 0 0)
(0.08 0 0)
(0.09 0 0)
(0.1 0 0)
(0 0.003458502795 0)
(0.01 0.003458502795 0)
(0.02 0.003458502795 0)
(0.03 0.003458502795 0)
(0.04 0.003458502795 0)
(0.05 0.003458502795 0)
(0.06 0.003458502795 0)
(0.07 0.003458502795 0)
(0.08 0.003458502795 0)
(0.09 0.003458502795 0)
(0.1 0.003458502795 0)
(0 0.007045506414 0)
(0.01 0.007045506414 0)
(0.02 0.007045506414 0)
(0.03 0.007045506414 0)
(0.04 0.007045506414 0)
(0.05 0.007045506414 0)
(0.06 0.007045506414 0)
(0.07 0.007045506414 0)
(0.08 0.007045506414 0)
(0.09 0.007045506414 0)
(0.1 0.007045506414 0)
(0 0.01076578531 0)
(0.01 0.01076578531 0)
(0.02 0.01076578531 0)
(0.03 0.01076578531 0)
(0.04 0.01076578531 0)
(0.05 0.01076578531 0)
(0.06 0.01076578531 0)
(0.07 0.01076578531 0)
(0.08 0.01076578531 0)
(0.09 0.01076578531 0)
(0.1 0.01076578531 0)
(0 0.01462429134 0)
(0.01 0.01462429134 0)
(0.02 0.01462429134 0)
(0.03 0.01462429134 0)
(0.04 0.01462429134 0)
(0.05 0.01462429134 0)
(0.06 0.01462429134 0)
(0.07 0.01462429134 0)
(0.08 0.01462429134 0)
(0.09 0.01462429134 0)
(0.1 0.01462429134 0)
(0 0.01862616033 0)
(0.01 0.01862616033 0)
(0.02 0.01862616033 0)
(0.03 0.01862616033 0)
(0.04 0.01862616033 0)
(0.05 0.01862616033 0)
(0.06 0.01862616033 0)
(0.07 0.01862616033 0)
(0.08 0.01862616033 0)
(0.09 0.01862616033 0)
(0.1 0.01862616033 0)
(0 0.02277671894 0)
(0.01 0.02277671894 0)
(0.02 0.02277671894 0)
(0.03 0.02277671894 0)
(0.04 0.02277671894 0)
(0.05 0.02277671894 0)
(0.06 0.02277671894 0)
(0.07 0.02277671894 0)
(0.08 0.02277671894 0)
(0.09 0.02277671894 0)
(0.1 0.02277671894 0)
(0 0.02708149174 0)
(0.01 0.02708149174 0)
(0.02 0.02708149174 0)
(0.03 0.02708149174 0)
(0.04 0.02708149174 0)
(0.05 0.02708149174 0)
(0.06 0.02708149174 0)
(0.07 0.02708149174 0)
(0.08 0.02708149174 0)
(0.09 0.02708149174 0)
(0.1 0.02708149174 0)
(0 0.03154620856 0)
(0.01 0.03154620856 0)
(0.02 0.03154620856 0)
(0.03 0.03154620856 0)
(0.04 0.03154620856 0)
(0.05 0.03154620856 0)
(0.06 0.03154620856 0)
(0.07 0.03154620856 0)
(0.08 0.03154620856 0)
(0.09 0.03154620856 0)
(0.1 0.03154620856 0)
(0 0.03617681214 0)
(0.01 0.03617681214 0)
(0.02 0.03617681214 0)
(0.03 0.03617681214 0)
(0.04 0.03617681214 0)
(0.05 0.03617681214 0)
(0.06 0.03617681214 0)
(0.07 0.03617681214 0)
(0.08 0.03617681214 0)
(0.09 0.03617681214 0)
(0.1 0.03617681214 0)
(0 0.04097946599 0)
(0.01 0.04097946599 0)
(0.02 0.04097946599 0)
(0.03 0.04097946599 0)
(0.04 0.04097946599 0)
(0.05 0.04097946599 0)
(0.06 0.04097946599 0)
(0.07 0.04097946599 0)
(0.08 0.04097946599 0)
(0.09 0.04097946599 0)
(0.1 0.04097946599 0)
(0 0.04596056267 0)
(0.01 0.04596056267 0)
(0.02 0.04596056267 0)
(0.03 0.04596056267 0)
(0.04 0.04596056267 0)
(0.05 0.04596056267 0)
(0.06 0.04596056267 0)
(0.07 0.04596056267 0)
(0.08 0.04596056267 0)
(0.09 0.04596056267 0)
(0.1 0.04596056267 0)
(0 0.05112673221 0)
(0.01 0.05112673221 0)
(0.02 0.05112673221 0)
(0.03 0.05112673221 0)
(0.04 0.05112673221 0)
(0.05 0.05112673221 0)
(0.06 0.05112673221 0)
(0.07 0.05112673221 0)
(0.08 0.05112673221 0)
(0.09 0.05112673221 0)
(0.1 0.05112673221 0)
(0 0.05648485101 0)
(0.01 0.05648485101 0)
(0.02 0.05648485101 0)
(0.03 0.05648485101 0)
(0.04 0.05648485101 0)
(0.05 0.05648485101 0)
(0.06 0.05648485101 0)
(0.07 0.05648485101 0)
(0.08 0.05648485101 0)
(0.09 0.05648485101 0)
(0.1 0.05648485101 0)
(0 0.06204205096 0)
(0.01 0.06204205096 0)
(0.02 0.06204205096 0)
(0.03 0.06204205096 0)
(0.04 0.06204205096 0)
(0.05 0.06204205096 0)
(0.06 0.06204205096 0)
(0.07 0.06204205096 0)
(0.08 0.06204205096 0)
(0.09 0.06204205096 0)
(0.1 0.06204205096 0)
(0 0.06780572891 0)
(0.01 0.06780572891 0)
(0.02 0.06780572891 0)
(0.03 0.06780572891 0)
(0.04 0.06780572891 0)
(0.05 0.06780572891 0)
(0.06 0.06780572891 0)
(0.07 0.06780572891 0)
(0.08 0.06780572891 0)
(0.09 0.06780572891 0)
(0.1 0.06780572891 0)
(0 0.07378355658 0)
(0.01 0.07378355658 0)
(0.02 0.07378355658 0)
(0.03 0.07378355658 0)
(0.04 0.07378355658 0)
(0.05 0.07378355658 0)
(0.06 0.07378355658 0)
(0.07 0.07378355658 0)
(0.08 0.07378355658 0)
(0.09 0.07378355658 0)
(0.1 0.07378355658 0)
(0 0.0799834907 0)
(0.01 0.0799834907 0)
(0.02 0.0799834907 0)
(0.03 0.0799834907 0)
(0.04 0.0799834907 0)
(0.05 0.0799834907 0)
(0.06 0.0799834907 0)
(0.07 0.0799834907 0)
(0.08 0.0799834907 0)
(0.09 0.0799834907 0)
(0.1 0.0799834907 0)
(0 0.08641378364 0)
(0.01 0.08641378364 0)
(0.02 0.08641378364 0)
(0.03 0.08641378364 0)
(0.04 0.08641378364 0)
(0.05 0.08641378364 0)
(0.06 0.08641378364 0)
(0.07 0.08641378364 0)
(0.08 0.08641378364 0)
(0.09 0.08641378364 0)
(0.1 0.08641378364 0)
(0 0.09308299441 0)
(0.01 0.09308299441 0)
(0.02 0.09308299441 0)
(0.03 0.09308299441 0)
(0.04 0.09308299441 0)
(0.05 0.09308299441 0)
(0.06 0.09308299441 0)
(0.07 0.09308299441 0)
(0.08 0.09308299441 0)
(0.09 0.09308299441 0)
(0.1 0.09308299441 0)
(0 0.1 0)
(0.01 0.1 0)
(0.02 0.1 0)
(0.03 0.1 0)
(0.04 0.1 0)
(0.05 0.1 0)
(0.06 0.1 0)
(0.07 0.1 0)
(0.08 0.1 0)
(0.09 0.1 0)
(0.1 0.1 0)
(0 0 0.01)
(0.01 0 0.01)
(0.02 0 0.01)
(0.03 0 0.01)
(0.04 0 0.01)
(0.05 0 0.01)
(0.06 0 0.01)
(0.07 0 0.01)
(0.08 0 0.01)
(0.09 0 0.01)
(0.1 0 0.01)
(0 0.003458502795 0.01)
(0.01 0.003458502795 0.01)
(0.02 0.003458502795 0.01)
(0.03 0.003458502795 0.01)
(0.04 0.003458502795 0.01)
(0.05 0.003458502795 0.01)
(0.06 0.003458502795 0.01)
(0.07 0.003458502795 0.01)
(0.08 0.003458502795 0.01)
(0.09 0.003458502795 0.01)
(0.1 0.003458502795 0.01)
(0 0.007045506414 0.01)
(0.01 0.007045506414 0.01)
(0.02 0.007045506414 0.01)
(0.03 0.007045506414 0.01)
(0.04 0.007045506414 0.01)
(0.05 0.007045506414 0.01)
(0.06 0.007045506414 0.01)
(0.07 0.007045506414 0.01)
(0.08 0.007045506414 0.01)
(0.09 0.007045506414 0.01)
(0.1 0.007045506414 0.01)
(0 0.01076578531 0.01)
(0.01 0.01076578531 0.01)
(0.02 0.01076578531 0.01)
(0.03 0.01076578531 0.01)
(0.04 0.01076578531 0.01)
(0.05 0.01076578531 0.01)
(0.06 0.01076578531 0.01)
(0.07 0.01076578531 0.01)
(0.08 0.01076578531 0.01)
(0.09 0.01076578531 0.01)
(0.1 0.01076578531 0.01)
(0 0.01462429134 0.01)
(0.01 0.01462429134 0.01)
(0.02 0.01462429134 0.01)
(0.03 0.01462429134 0.01)
(0.04 0.01462429134 0.01)
(0.05 0.01462429134 0.01)
(0.06 0.01462429134 0.01)
(0.07 0.01462429134 0.01)
(0.08 0.01462429134 0.01)
(0.09 0.01462429134 0.01)
(0.1 0.01462429134 0.01)
(0 0.01862616033 0.01)
(0.01 0.01862616033 0.01)
(0.02 0.01862616033 0.01)
(0.03 0.01862616033 0.01)
(0.04 0.01862616033 0.01)
(0.05 0.01862616033 0.01)
(0.06 0.01862616033 0.01)
(0.07 0.01862616033 0.01)
(0.08 0.01862616033 0.01)
(0.09 0.01862616033 0.01)
(0.1 0.01862616033 0.01)
(0 0.02277671894 0.01)
(0.01 0.02277671894 0.01)
(0.02 0.02277671894 0.01)
(0.03 0.02277671894 0.01)
(0.04 0.02277671894 0.01)
(0.05 0.02277671894 0.01)
(0.06 0.02277671894 0.01)
(0.07 0.02277671894 0.01)
(0.08 0.02277671894 0.01)
(0.09 0.02277671894 0.01)
(0.1 0.02277671894 0.01)
(0 0.02708149174 0.01)
(0.01 0.02708149174 0.01)
(0.02 0.02708149174 0.01)
(0.03 0.02708149174 0.01)
(0.04 0.02708149174 0.01)
(0.05 0.02708149174 0.01)
(0.06 0.02708149174 0.01)
(0.07 0.02708149174 0.01)
(0.08 0.02708149174 0.01)
(0.09 0.02708149174 0.01)
(0.1 0.02708149174 0.01)
(0 0.03154620856 0.01)
(0.01 0.03154620856 0.01)
(0.02 0.03154620856 0.01)
(0.03 0.03154620856 0.01)
(0.04 0.03154620856 0.01)
(0.05 0.03154620856 0.01)
(0.06 0.03154620856 0.01)
(0.07 0.03154620856 0.01)
(0.08 0.03154620856 0.01)
(0.09 0.03154620856 0.01)
(0.1 0.03154620856 0.01)
(0 0.03617681214 0.01)
(0.01 0.03617681214 0.01)
(0.02 0.03617681214 0.01)
(0.03 0.03617681214 0.01)
(0.04 0.03617681214 0.01)
(0.05 0.03617681214 0.01)
(0.06 0.03617681214 0.01)
(0.07 0.03617681214 0.01)
(0.08 0.03617681214 0.01)
(0.09 0.03617681214 0.01)
(0.1 0.03617681214 0.01)
(0 0.04097946599 0.01)
(0.01 0.04097946599 0.01)
(0.02 0.04097946599 0.01)
(0.03 0.04097946599 0.01)
(0.04 0.04097946599 0.01)
(0.05 0.04097946599 0.01)
(0.06 0.04097946599 0.01)
(0.07 0.04097946599 0.01)
(0.08 0.04097946599 0.01)
(0.09 0.04097946599 0.01)
(0.1 0.04097946599 0.01)
(0 0.04596056267 0.01)
(0.01 0.04596056267 0.01)
(0.02 0.04596056267 0.01)
(0.03 0.04596056267 0.01)
(0.04 0.04596056267 0.01)
(0.05 0.04596056267 0.01)
(0.06 0.04596056267 0.01)
(0.07 0.04596056267 0.01)
(0.08 0.04596056267 0.01)
(0.09 0.04596056267 0.01)
(0.1 0.04596056267 0.01)
(0 0.05112673221 0.01)
(0.01 0.05112673221 0.01)
(0.02 0.05112673221 0.01)
(0.03 0.05112673221 0.01)
(0.04 0.05112673221 0.01)
(0.05 0.05112673221 0.01)
(0.06 0.05112673221 0.01)
(0.07 0.05112673221 0.01)
(0.08 0.05112673221 0.01)
(0.09 0.05112673221 0.01)
(0.1 0.05112673221 0.01)
(0 0.05648485101 0.01)
(0.01 0.05648485101 0.01)
(0.02 0.05648485101 0.01)
(0.03 0.05648485101 0.01)
(0.04 0.05648485101 0.01)
(0.05 0.05648485101 0.01)
(0.06 0.05648485101 0.01)
(0.07 0.05648485101 0.01)
(0.08 0.05648485101 0.01)
(0.09 0.05648485101 0.01)
(0.1 0.05648485101 0.01)
(0 0.06204205096 0.01)
(0.01 0.06204205096 0.01)
(0.02 0.06204205096 0.01)
(0.03 0.06204205096 0.01)
(0.04 0.06204205096 0.01)
(0.05 0.06204205096 0.01)
(0.06 0.06204205096 0.01)
(0.07 0.06204205096 0.01)
(0.08 0.06204205096 0.01)
(0.09 0.06204205096 0.01)
(0.1 0.06204205096 0.01)
(0 0.06780572891 0.01)
(0.01 0.06780572891 0.01)
(0.02 0.06780572891 0.01)
(0.03 0.06780572891 0.01)
(0.04 0.06780572891 0.01)
(0.05 0.06780572891 0.01)
(0.06 0.06780572891 0.01)
(0.07 0.06780572891 0.01)
(0.08 0.06780572891 0.01)
(0.09 0.06780572891 0.01)
(0.1 0.06780572891 0.01)
(0 0.07378355658 0.01)
(0.01 0.07378355658 0.01)
(0.02 0.07378355658 0.01)
(0.03 0.07378355658 0.01)
(0.04 0.07378355658 0.01)
(0.05 0.07378355658 0.01)
(0.06 0.07378355658 0.01)
(0.07 0.07378355658 0.01)
(0.08 0.07378355658 0.01)
(0.09 0.07378355658 0.01)
(0.1 0.07378355658 0.01)
(0 0.0799834907 0.01)
(0.01 0.0799834907 0.01)
(0.02 0.0799834907 0.01)
(0.03 0.0799834907 0.01)
(0.04 0.0799834907 0.01)
(0.05 0.0799834907 0.01)
(0.06 0.0799834907 0.01)
(0.07 0.0799834907 0.01)
(0.08 0.0799834907 0.01)
(0.09 0.0799834907 0.01)
(0.1 0.0799834907 0.01)
(0 0.08641378364 0.01)
(0.01 0.08641378364 0.01)
(0.02 0.08641378364 0.01)
(0.03 0.08641378364 0.01)
(0.04 0.08641378364 0.01)
(0.05 0.08641378364 0.01)
(0.06 0.08641378364 0.01)
(0.07 0.08641378364 0.01)
(0.08 0.08641378364 0.01)
(0.09 0.08641378364 0.01)
(0.1 0.08641378364 0.01)
(0 0.09308299441 0.01)
(0.01 0.09308299441 0.01)
(0.02 0.09308299441 0.01)
(0.03 0.09308299441 0.01)
(0.04 0.09308299441 0.01)
(0.05 0.09308299441 0.01)
(0.06 0.09308299441 0.01)
(0.07 0.09308299441 0.01)
(0.08 0.09308299441 0.01)
(0.09 0.09308299441 0.01)
(0.1 0.09308299441 0.01)
(0 0.1 0.01)
(0.01 0.1 0.01)
(0.02 0.1 0.01)
(0.03 0.1 0.01)
(0.04 0.1 0.01)
(0.05 0.1 0.01)
(0.06 0.1 0.01)
(0.07 0.1 0.01)
(0.08 0.1 0.01)
(0.09 0.1 0.01)
(0.1 0.1 0.01)
(0.11 0 0)
(0.12 0 0)
(0.13 0 0)
(0.14 0 0)
(0.15 0 0)
(0.16 0 0)
(0.17 0 0)
(0.18 0 0)
(0.19 0 0)
(0.2 0 0)
(0.21 0 0)
(0.22 0 0)
(0.23 0 0)
(0.24 0 0)
(0.25 0 0)
(0.26 0 0)
(0.27 0 0)
(0.28 0 0)
(0.29 0 0)
(0.3 0 0)
(0.11 0.003458502795 0)
(0.12 0.003458502795 0)
(0.13 0.003458502795 0)
(0.14 0.003458502795 0)
(0.15 0.003458502795 0)
(0.16 0.003458502795 0)
(0.17 0.003458502795 0)
(0.18 0.003458502795 0)
(0.19 0.003458502795 0)
(0.2 0.003458502795 0)
(0.21 0.003458502795 0)
(0.22 0.003458502795 0)
(0.23 0.003458502795 0)
(0.24 0.003458502795 0)
(0.25 0.003458502795 0)
(0.26 0.003458502795 0)
(0.27 0.003458502795 0)
(0.28 0.003458502795 0)
(0.29 0.003458502795 0)
(0.3 0.003458502795 0)
(0.11 0.007045506414 0)
(0.12 0.007045506414 0)
(0.13 0.007045506414 0)
(0.14 0.007045506414 0)
(0.15 0.007045506414 0)
(0.16 0.007045506414 0)
(0.17 0.007045506414 0)
(0.18 0.007045506414 0)
(0.19 0.007045506414 0)
(0.2 0.007045506414 0)
(0.21 0.007045506414 0)
(0.22 0.007045506414 0)
(0.23 0.007045506414 0)
(0.24 0.007045506414 0)
(0.25 0.007045506414 0)
(0.26 0.007045506414 0)
(0.27 0.007045506414 0)
(0.28 0.007045506414 0)
(0.29 0.007045506414 0)
(0.3 0.007045506414 0)
(0.11 0.01076578531 0)
(0.12 0.01076578531 0)
(0.13 0.01076578531 0)
(0.14 0.01076578531 0)
(0.15 0.01076578531 0)
(0.16 0.01076578531 0)
(0.17 0.01076578531 0)
(0.18 0.01076578531 0)
(0.19 0.01076578531 0)
(0.2 0.01076578531 0)
(0.21 0.01076578531 0)
(0.22 0.01076578531 0)
(0.23 0.01076578531 0)
(0.24 0.01076578531 0)
(0.25 0.01076578531 0)
(0.26 0.01076578531 0)
(0.27 0.01076578531 0)
(0.28 0.01076578531 0)
(0.29 0.01076578531 0)
(0.3 0.01076578531 0)
(0.11 0.01462429134 0)
(0.12 0.01462429134 0)
(0.13 0.01462429134 0)
(0.14 0.01462429134 0)
(0.15 0.01462429134 0)
(0.16 0.01462429134 0)
(0.17 0.01462429134 0)
(0.18 0.01462429134 0)
(0.19 0.01462429134 0)
(0.2 0.01462429134 0)
(0.21 0.01462429134 0)
(0.22 0.01462429134 0)
(0.23 0.01462429134 0)
(0.24 0.01462429134 0)
(0.25 0.01462429134 0)
(0.26 0.01462429134 0)
(0.27 0.01462429134 0)
(0.28 0.01462429134 0)
(0.29 0.01462429134 0)
(0.3 0.01462429134 0)
(0.11 0.01862616033 0)
(0.12 0.01862616033 0)
(0.13 0.01862616033 0)
(0.14 0.01862616033 0)
(0.15 0.01862616033 0)
(0.16 0.01862616033 0)
(0.17 0.01862616033 0)
(0.18 0.01862616033 0)
(0.19 0.01862616033 0)
(0.2 0.01862616033 0)
(0.21 0.01862616033 0)
(0.22 0.01862616033 0)
(0.23 0.01862616033 0)
(0.24 0.01862616033 0)
(0.25 0.01862616033 0)
(0.26 0.01862616033 0)
(0.27 0.01862616033 0)
(0.28 0.01862616033 0)
(0.29 0.01862616033 0)
(0.3 0.01862616033 0)
(0.11 0.02277671894 0)
(0.12 0.02277671894 0)
(0.13 0.02277671894 0)
(0.14 0.02277671894 0)
(0.15 0.02277671894 0)
(0.16 0.02277671894 0)
(0.17 0.02277671894 0)
(0.18 0.02277671894 0)
(0.19 0.02277671894 0)
(0.2 0.02277671894 0)
(0.21 0.02277671894 0)
(0.22 0.02277671894 0)
(0.23 0.02277671894 0)
(0.24 0.02277671894 0)
(0.25 0.02277671894 0)
(0.26 0.02277671894 0)
(0.27 0.02277671894 0)
(0.28 0.02277671894 0)
(0.29 0.02277671894 0)
(0.3 0.02277671894 0)
(0.11 0.02708149174 0)
(0.12 0.02708149174 0)
(0.13 0.02708149174 0)
(0.14 0.02708149174 0)
(0.15 0.02708149174 0)
(0.16 0.02708149174 0)
(0.17 0.02708149174 0)
(0.18 0.02708149174 0)
(0.19 0.02708149174 0)
(0.2 0.02708149174 0)
(0.21 0.02708149174 0)
(0.22 0.02708149174 0)
(0.23 0.02708149174 0)
(0.24 0.02708149174 0)
(0.25 0.02708149174 0)
(0.26 0.02708149174 0)
(0.27 0.02708149174 0)
(0.28 0.02708149174 0)
(0.29 0.02708149174 0)
(0.3 0.02708149174 0)
(0.11 0.03154620856 0)
(0.12 0.03154620856 0)
(0.13 0.03154620856 0)
(0.14 0.03154620856 0)
(0.15 0.03154620856 0)
(0.16 0.03154620856 0)
(0.17 0.03154620856 0)
(0.18 0.03154620856 0)
(0.19 0.03154620856 0)
(0.2 0.03154620856 0)
(0.21 0.03154620856 0)
(0.22 0.03154620856 0)
(0.23 0.03154620856 0)
(0.24 0.03154620856 0)
(0.25 0.03154620856 0)
(0.26 0.03154620856 0)
(0.27 0.03154620856 0)
(0.28 0.03154620856 0)
(0.29 0.03154620856 0)
(0.3 0.03154620856 0)
(0.11 0.03617681214 0)
(0.12 0.03617681214 0)
(0.13 0.03617681214 0)
(0.14 0.03617681214 0)
(0.15 0.03617681214 0)
(0.16 0.03617681214 0)
(0.17 0.03617681214 0)
(0.18 0.03617681214 0)
(0.19 0.03617681214 0)
(0.2 0.03617681214 0)
(0.21 0.03617681214 0)
(0.22 0.03617681214 0)
(0.23 0.03617681214 0)
(0.24 0.03617681214 0)
(0.25 0.03617681214 0)
(0.26 0.03617681214 0)
(0.27 0.03617681214 0)
(0.28 0.03617681214 0)
(0.29 0.03617681214 0)
(0.3 0.03617681214 0)
(0.11 0.04097946599 0)
(0.12 0.04097946599 0)
(0.13 0.04097946599 0)
(0.14 0.04097946599 0)
(0.15 0.04097946599 0)
(0.16 0.04097946599 0)
(0.17 0.04097946599 0)
(0.18 0.04097946599 0)
(0.19 0.04097946599 0)
(0.2 0.04097946599 0)
(0.21 0.04097946599 0)
(0.22 0.04097946599 0)
(0.23 0.04097946599 0)
(0.24 0.04097946599 0)
(0.25 0.04097946599 0)
(0.26 0.04097946599 0)
(0.27 0.04097946599 0)
(0.28 0.04097946599 0)
(0.29 0.04097946599 0)
(0.3 0.04097946599 0)
(0.11 0.04596056267 0)
(0.12 0.04596056267 0)
(0.13 0.04596056267 0)
(0.14 0.04596056267 0)
(0.15 0.04596056267 0)
(0.16 0.04596056267 0)
(0.17 0.04596056267 0)
(0.18 0.04596056267 0)
(0.19 0.04596056267 0)
(0.2 0.04596056267 0)
(0.21 0.04596056267 0)
(0.22 0.04596056267 0)
(0.23 0.04596056267 0)
(0.24 0.04596056267 0)
(0.25 0.04596056267 0)
(0.26 0.04596056267 0)
(0.27 0.04596056267 0)
(0.28 0.04596056267 0)
(0.29 0.04596056267 0)
(0.3 0.04596056267 0)
(0.11 0.05112673221 0)
(0.12 0.05112673221 0)
(0.13 0.05112673221 0)
(0.14 0.05112673221 0)
(0.15 0.05112673221 0)
(0.16 0.05112673221 0)
(0.17 0.05112673221 0)
(0.18 0.05112673221 0)
(0.19 0.05112673221 0)
(0.2 0.05112673221 0)
(0.21 0.05112673221 0)
(0.22 0.05112673221 0)
(0.23 0.05112673221 0)
(0.24 0.05112673221 0)
(0.25 0.05112673221 0)
(0.26 0.05112673221 0)
(0.27 0.05112673221 0)
(0.28 0.05112673221 0)
(0.29 0.05112673221 0)
(0.3 0.05112673221 0)
(0.11 0.05648485101 0)
(0.12 0.05648485101 0)
(0.13 0.05648485101 0)
(0.14 0.05648485101 0)
(0.15 0.05648485101 0)
(0.16 0.05648485101 0)
(0.17 0.05648485101 0)
(0.18 0.05648485101 0)
(0.19 0.05648485101 0)
(0.2 0.05648485101 0)
(0.21 0.05648485101 0)
(0.22 0.05648485101 0)
(0.23 0.05648485101 0)
(0.24 0.05648485101 0)
(0.25 0.05648485101 0)
(0.26 0.05648485101 0)
(0.27 0.05648485101 0)
(0.28 0.05648485101 0)
(0.29 0.05648485101 0)
(0.3 0.05648485101 0)
(0.11 0.06204205096 0)
(0.12 0.06204205096 0)
(0.13 0.06204205096 0)
(0.14 0.06204205096 0)
(0.15 0.06204205096 0)
(0.16 0.06204205096 0)
(0.17 0.06204205096 0)
(0.18 0.06204205096 0)
(0.19 0.06204205096 0)
(0.2 0.06204205096 0)
(0.21 0.06204205096 0)
(0.22 0.06204205096 0)
(0.23 0.06204205096 0)
(0.24 0.06204205096 0)
(0.25 0.06204205096 0)
(0.26 0.06204205096 0)
(0.27 0.06204205096 0)
(0.28 0.06204205096 0)
(0.29 0.06204205096 0)
(0.3 0.06204205096 0)
(0.11 0.06780572891 0)
(0.12 0.06780572891 0)
(0.13 0.06780572891 0)
(0.14 0.06780572891 0)
(0.15 0.06780572891 0)
(0.16 0.06780572891 0)
(0.17 0.06780572891 0)
(0.18 0.06780572891 0)
(0.19 0.06780572891 0)
(0.2 0.06780572891 0)
(0.21 0.06780572891 0)
(0.22 0.06780572891 0)
(0.23 0.06780572891 0)
(0.24 0.06780572891 0)
(0.25 0.06780572891 0)
(0.26 0.06780572891 0)
(0.27 0.06780572891 0)
(0.28 0.06780572891 0)
(0.29 0.06780572891 0)
(0.3 0.06780572891 0)
(0.11 0.07378355658 0)
(0.12 0.07378355658 0)
(0.13 0.07378355658 0)
(0.14 0.07378355658 0)
(0.15 0.07378355658 0)
(0.16 0.07378355658 0)
(0.17 0.07378355658 0)
(0.18 0.07378355658 0)
(0.19 0.07378355658 0)
(0.2 0.07378355658 0)
(0.21 0.07378355658 0)
(0.22 0.07378355658 0)
(0.23 0.07378355658 0)
(0.24 0.07378355658 0)
(0.25 0.07378355658 0)
(0.26 0.07378355658 0)
(0.27 0.07378355658 0)
(0.28 0.07378355658 0)
(0.29 0.07378355658 0)
(0.3 0.07378355658 0)
(0.11 0.0799834907 0)
(0.12 0.0799834907 0)
(0.13 0.0799834907 0)
(0.14 0.0799834907 0)
(0.15 0.0799834907 0)
(0.16 0.0799834907 0)
(0.17 0.0799834907 0)
(0.18 0.0799834907 0)
(0.19 0.0799834907 0)
(0.2 0.0799834907 0)
(0.21 0.0799834907 0)
(0.22 0.0799834907 0)
(0.23 0.0799834907 0)
(0.24 0.0799834907 0)
(0.25 0.0799834907 0)
(0.26 0.0799834907 0)
(0.27 0.0799834907 0)
(0.28 0.0799834907 0)
(0.29 0.0799834907 0)
(0.3 0.0799834907 0)
(0.11 0.08641378364 0)
(0.12 0.08641378364 0)
(0.13 0.08641378364 0)
(0.14 0.08641378364 0)
(0.15 0.08641378364 0)
(0.16 0.08641378364 0)
(0.17 0.08641378364 0)
(0.18 0.08641378364 0)
(0.19 0.08641378364 0)
(0.2 0.08641378364 0)
(0.21 0.08641378364 0)
(0.22 0.08641378364 0)
(0.23 0.08641378364 0)
(0.24 0.08641378364 0)
(0.25 0.08641378364 0)
(0.26 0.08641378364 0)
(0.27 0.08641378364 0)
(0.28 0.08641378364 0)
(0.29 0.08641378364 0)
(0.3 0.08641378364 0)
(0.11 0.09308299441 0)
(0.12 0.09308299441 0)
(0.13 0.09308299441 0)
(0.14 0.09308299441 0)
(0.15 0.09308299441 0)
(0.16 0.09308299441 0)
(0.17 0.09308299441 0)
(0.18 0.09308299441 0)
(0.19 0.09308299441 0)
(0.2 0.09308299441 0)
(0.21 0.09308299441 0)
(0.22 0.09308299441 0)
(0.23 0.09308299441 0)
(0.24 0.09308299441 0)
(0.25 0.09308299441 0)
(0.26 0.09308299441 0)
(0.27 0.09308299441 0)
(0.28 0.09308299441 0)
(0.29 0.09308299441 0)
(0.3 0.09308299441 0)
(0.11 0.1 0)
(0.12 0.1 0)
(0.13 0.1 0)
(0.14 0.1 0)
(0.15 0.1 0)
(0.16 0.1 0)
(0.17 0.1 0)
(0.18 0.1 0)
(0.19 0.1 0)
(0.2 0.1 0)
(0.21 0.1 0)
(0.22 0.1 0)
(0.23 0.1 0)
(0.24 0.1 0)
(0.25 0.1 0)
(0.26 0.1 0)
(0.27 0.1 0)
(0.28 0.1 0)
(0.29 0.1 0)
(0.3 0.1 0)
(0.11 0 0.01)
(0.12 0 0.01)
(0.13 0 0.01)
(0.14 0 0.01)
(0.15 0 0.01)
(0.16 0 0.01)
(0.17 0 0.01)
(0.18 0 0.01)
(0.19 0 0.01)
(0.2 0 0.01)
(0.21 0 0.01)
(0.22 0 0.01)
(0.23 0 0.01)
(0.24 0 0.01)
(0.25 0 0.01)
(0.26 0 0.01)
(0.27 0 0.01)
(0.28 0 0.01)
(0.29 0 0.01)
(0.3 0 0.01)
(0.11 0.003458502795 0.01)
(0.12 0.003458502795 0.01)
(0.13 0.003458502795 0.01)
(0.14 0.003458502795 0.01)
(0.15 0.003458502795 0.01)
(0.16 0.003458502795 0.01)
(0.17 0.003458502795 0.01)
(0.18 0.003458502795 0.01)
(0.19 0.003458502795 0.01)
(0.2 0.003458502795 0.01)
(0.21 0.003458502795 0.01)
(0.22 0.003458502795 0.01)
(0.23 0.003458502795 0.01)
(0.24 0.003458502795 0.01)
(0.25 0.003458502795 0.01)
(0.26 0.003458502795 0.01)
(0.27 0.003458502795 0.01)
(0.28 0.003458502795 0.01)
(0.29 0.003458502795 0.01)
(0.3 0.003458502795 0.01)
(0.11 0.007045506414 0.01)
(0.12 0.007045506414 0.01)
(0.13 0.007045506414 0.01)
(0.14 0.007045506414 0.01)
(0.15 0.007045506414 0.01)
(0.16 0.007045506414 0.01)
(0.17 0.007045506414 0.01)
(0.18 0.007045506414 0.01)
(0.19 0.007045506414 0.01)
(0.2 0.007045506414 0.01)
(0.21 0.007045506414 0.01)
(0.22 0.007045506414 0.01)
(0.23 0.007045506414 0.01)
(0.24 0.007045506414 0.01)
(0.25 0.007045506414 0.01)
(0.26 0.007045506414 0.01)
(0.27 0.007045506414 0.01)
(0.28 0.007045506414 0.01)
(0.29 0.007045506414 0.01)
(0.3 0.007045506414 0.01)
(0.11 0.01076578531 0.01)
(0.12 0.01076578531 0.01)
(0.13 0.01076578531 0.01)
(0.14 0.01076578531 0.01)
(0.15 0.01076578531 0.01)
(0.16 0.01076578531 0.01)
(0.17 0.01076578531 0.01)
(0.18 0.01076578531 0.01)
(0.19 0.01076578531 0.01)
(0.2 0.01076578531 0.01)
(0.21 0.01076578531 0.01)
(0.22 0.01076578531 0.01)
(0.23 0.01076578531 0.01)
(0.24 0.01076578531 0.01)
(0.25 0.01076578531 0.01)
(0.26 0.01076578531 0.01)
(0.27 0.01076578531 0.01)
(0.28 0.01076578531 0.01)
(0.29 0.01076578531 0.01)
(0.3 0.01076578531 0.01)
(0.11 0.01462429134 0.01)
(0.12 0.01462429134 0.01)
(0.13 0.01462429134 0.01)
(0.14 0.01462429134 0.01)
(0.15 0.01462429134 0.01)
(0.16 0.01462429134 0.01)
(0.17 0.01462429134 0.01)
(0.18 0.01462429134 0.01)
(0.19 0.01462429134 0.01)
(0.2 0.01462429134 0.01)
(0.21 0.01462429134 0.01)
(0.22 0.01462429134 0.01)
(0.23 0.01462429134 0.01)
(0.24 0.01462429134 0.01)
(0.25 0.01462429134 0.01)
(0.26 0.01462429134 0.01)
(0.27 0.01462429134 0.01)
(0.28 0.01462429134 0.01)
(0.29 0.01462429134 0.01)
(0.3 0.01462429134 0.01)
(0.11 0.01862616033 0.01)
(0.12 0.01862616033 0.01)
(0.13 0.01862616033 0.01)
(0.14 0.01862616033 0.01)
(0.15 0.01862616033 0.01)
(0.16 0.01862616033 0.01)
(0.17 0.01862616033 0.01)
(0.18 0.01862616033 0.01)
(0.19 0.01862616033 0.01)
(0.2 0.01862616033 0.01)
(0.21 0.01862616033 0.01)
(0.22 0.01862616033 0.01)
(0.23 0.01862616033 0.01)
(0.24 0.01862616033 0.01)
(0.25 0.01862616033 0.01)
(0.26 0.01862616033 0.01)
(0.27 0.01862616033 0.01)
(0.28 0.01862616033 0.01)
(0.29 0.01862616033 0.01)
(0.3 0.01862616033 0.01)
(0.11 0.02277671894 0.01)
(0.12 0.02277671894 0.01)
(0.13 0.02277671894 0.01)
(0.14 0.02277671894 0.01)
(0.15 0.02277671894 0.01)
(0.16 0.02277671894 0.01)
(0.17 0.02277671894 0.01)
(0.18 0.02277671894 0.01)
(0.19 0.02277671894 0.01)
(0.2 0.02277671894 0.01)
(0.21 0.02277671894 0.01)
(0.22 0.02277671894 0.01)
(0.23 0.02277671894 0.01)
(0.24 0.02277671894 0.01)
(0.25 0.02277671894 0.01)
(0.26 0.02277671894 0.01)
(0.27 0.02277671894 0.01)
(0.28 0.02277671894 0.01)
(0.29 0.02277671894 0.01)
(0.3 0.02277671894 0.01)
(0.11 0.02708149174 0.01)
(0.12 0.02708149174 0.01)
(0.13 0.02708149174 0.01)
(0.14 0.02708149174 0.01)
(0.15 0.02708149174 0.01)
(0.16 0.02708149174 0.01)
(0.17 0.02708149174 0.01)
(0.18 0.02708149174 0.01)
(0.19 0.02708149174 0.01)
(0.2 0.02708149174 0.01)
(0.21 0.02708149174 0.01)
(0.22 0.02708149174 0.01)
(0.23 0.02708149174 0.01)
(0.24 0.02708149174 0.01)
(0.25 0.02708149174 0.01)
(0.26 0.02708149174 0.01)
(0.27 0.02708149174 0.01)
(0.28 0.02708149174 0.01)
(0.29 0.02708149174 0.01)
(0.3 0.02708149174 0.01)
(0.11 0.03154620856 0.01)
(0.12 0.03154620856 0.01)
(0.13 0.03154620856 0.01)
(0.14 0.03154620856 0.01)
(0.15 0.03154620856 0.01)
(0.16 0.03154620856 0.01)
(0.17 0.03154620856 0.01)
(0.18 0.03154620856 0.01)
(0.19 0.03154620856 0.01)
(0.2 0.03154620856 0.01)
(0.21 0.03154620856 0.01)
(0.22 0.03154620856 0.01)
(0.23 0.03154620856 0.01)
(0.24 0.03154620856 0.01)
(0.25 0.03154620856 0.01)
(0.26 0.03154620856 0.01)
(0.27 0.03154620856 0.01)
(0.28 0.03154620856 0.01)
(0.29 0.03154620856 0.01)
(0.3 0.03154620856 0.01)
(0.11 0.03617681214 0.01)
(0.12 0.03617681214 0.01)
(0.13 0.03617681214 0.01)
(0.14 0.03617681214 0.01)
(0.15 0.03617681214 0.01)
(0.16 0.03617681214 0.01)
(0.17 0.03617681214 0.01)
(0.18 0.03617681214 0.01)
(0.19 0.03617681214 0.01)
(0.2 0.03617681214 0.01)
(0.21 0.03617681214 0.01)
(0.22 0.03617681214 0.01)
(0.23 0.03617681214 0.01)
(0.24 0.03617681214 0.01)
(0.25 0.03617681214 0.01)
(0.26 0.03617681214 0.01)
(0.27 0.03617681214 0.01)
(0.28 0.03617681214 0.01)
(0.29 0.03617681214 0.01)
(0.3 0.03617681214 0.01)
(0.11 0.04097946599 0.01)
(0.12 0.04097946599 0.01)
(0.13 0.04097946599 0.01)
(0.14 0.04097946599 0.01)
(0.15 0.04097946599 0.01)
(0.16 0.04097946599 0.01)
(0.17 0.04097946599 0.01)
(0.18 0.04097946599 0.01)
(0.19 0.04097946599 0.01)
(0.2 0.04097946599 0.01)
(0.21 0.04097946599 0.01)
(0.22 0.04097946599 0.01)
(0.23 0.04097946599 0.01)
(0.24 0.04097946599 0.01)
(0.25 0.04097946599 0.01)
(0.26 0.04097946599 0.01)
(0.27 0.04097946599 0.01)
(0.28 0.04097946599 0.01)
(0.29 0.04097946599 0.01)
(0.3 0.04097946599 0.01)
(0.11 0.04596056267 0.01)
(0.12 0.04596056267 0.01)
(0.13 0.04596056267 0.01)
(0.14 0.04596056267 0.01)
(0.15 0.04596056267 0.01)
(0.16 0.04596056267 0.01)
(0.17 0.04596056267 0.01)
(0.18 0.04596056267 0.01)
(0.19 0.04596056267 0.01)
(0.2 0.04596056267 0.01)
(0.21 0.04596056267 0.01)
(0.22 0.04596056267 0.01)
(0.23 0.04596056267 0.01)
(0.24 0.04596056267 0.01)
(0.25 0.04596056267 0.01)
(0.26 0.04596056267 0.01)
(0.27 0.04596056267 0.01)
(0.28 0.04596056267 0.01)
(0.29 0.04596056267 0.01)
(0.3 0.04596056267 0.01)
(0.11 0.05112673221 0.01)
(0.12 0.05112673221 0.01)
(0.13 0.05112673221 0.01)
(0.14 0.05112673221 0.01)
(0.15 0.05112673221 0.01)
(0.16 0.05112673221 0.01)
(0.17 0.05112673221 0.01)
(0.18 0.05112673221 0.01)
(0.19 0.05112673221 0.01)
(0.2 0.05112673221 0.01)
(0.21 0.05112673221 0.01)
(0.22 0.05112673221 0.01)
(0.23 0.05112673221 0.01)
(0.24 0.05112673221 0.01)
(0.25 0.05112673221 0.01)
(0.26 0.05112673221 0.01)
(0.27 0.05112673221 0.01)
(0.28 0.05112673221 0.01)
(0.29 0.05112673221 0.01)
(0.3 0.05112673221 0.01)
(0.11 0.05648485101 0.01)
(0.12 0.05648485101 0.01)
(0.13 0.05648485101 0.01)
(0.14 0.05648485101 0.01)
(0.15 0.05648485101 0.01)
(0.16 0.05648485101 0.01)
(0.17 0.05648485101 0.01)
(0.18 0.05648485101 0.01)
(0.19 0.05648485101 0.01)
(0.2 0.05648485101 0.01)
(0.21 0.05648485101 0.01)
(0.22 0.05648485101 0.01)
(0.23 0.05648485101 0.01)
(0.24 0.05648485101 0.01)
(0.25 0.05648485101 0.01)
(0.26 0.05648485101 0.01)
(0.27 0.05648485101 0.01)
(0.28 0.05648485101 0.01)
(0.29 0.05648485101 0.01)
(0.3 0.05648485101 0.01)
(0.11 0.06204205096 0.01)
(0.12 0.06204205096 0.01)
(0.13 0.06204205096 0.01)
(0.14 0.06204205096 0.01)
(0.15 0.06204205096 0.01)
(0.16 0.06204205096 0.01)
(0.17 0.06204205096 0.01)
(0.18 0.06204205096 0.01)
(0.19 0.06204205096 0.01)
(0.2 0.06204205096 0.01)
(0.21 0.06204205096 0.01)
(0.22 0.06204205096 0.01)
(0.23 0.06204205096 0.01)
(0.24 0.06204205096 0.01)
(0.25 0.06204205096 0.01)
(0.26 0.06204205096 0.01)
(0.27 0.06204205096 0.01)
(0.28 0.06204205096 0.01)
(0.29 0.06204205096 0.01)
(0.3 0.06204205096 0.01)
(0.11 0.06780572891 0.01)
(0.12 0.06780572891 0.01)
(0.13 0.06780572891 0.01)
(0.14 0.06780572891 0.01)
(0.15 0.06780572891 0.01)
(0.16 0.06780572891 0.01)
(0.17 0.06780572891 0.01)
(0.18 0.06780572891 0.01)
(0.19 0.06780572891 0.01)
(0.2 0.06780572891 0.01)
(0.21 0.06780572891 0.01)
(0.22 0.06780572891 0.01)
(0.23 0.06780572891 0.01)
(0.24 0.06780572891 0.01)
(0.25 0.06780572891 0.01)
(0.26 0.06780572891 0.01)
(0.27 0.06780572891 0.01)
(0.28 0.06780572891 0.01)
(0.29 0.06780572891 0.01)
(0.3 0.06780572891 0.01)
(0.11 0.07378355658 0.01)
(0.12 0.07378355658 0.01)
(0.13 0.07378355658 0.01)
(0.14 0.07378355658 0.01)
(0.15 0.07378355658 0.01)
(0.16 0.07378355658 0.01)
(0.17 0.07378355658 0.01)
(0.18 0.07378355658 0.01)
(0.19 0.07378355658 0.01)
(0.2 0.07378355658 0.01)
(0.21 0.07378355658 0.01)
(0.22 0.07378355658 0.01)
(0.23 0.07378355658 0.01)
(0.24 0.07378355658 0.01)
(0.25 0.07378355658 0.01)
(0.26 0.07378355658 0.01)
(0.27 0.07378355658 0.01)
(0.28 0.07378355658 0.01)
(0.29 0.07378355658 0.01)
(0.3 0.07378355658 0.01)
(0.11 0.0799834907 0.01)
(0.12 0.0799834907 0.01)
(0.13 0.0799834907 0.01)
(0.14 0.0799834907 0.01)
(0.15 0.0799834907 0.01)
(0.16 0.0799834907 0.01)
(0.17 0.0799834907 0.01)
(0.18 0.0799834907 0.01)
(0.19 0.0799834907 0.01)
(0.2 0.0799834907 0.01)
(0.21 0.0799834907 0.01)
(0.22 0.0799834907 0.01)
(0.23 0.0799834907 0.01)
(0.24 0.0799834907 0.01)
(0.25 0.0799834907 0.01)
(0.26 0.0799834907 0.01)
(0.27 0.0799834907 0.01)
(0.28 0.0799834907 0.01)
(0.29 0.0799834907 0.01)
(0.3 0.0799834907 0.01)
(0.11 0.08641378364 0.01)
(0.12 0.08641378364 0.01)
(0.13 0.08641378364 0.01)
(0.14 0.08641378364 0.01)
(0.15 0.08641378364 0.01)
(0.16 0.08641378364 0.01)
(0.17 0.08641378364 0.01)
(0.18 0.08641378364 0.01)
(0.19 0.08641378364 0.01)
(0.2 0.08641378364 0.01)
(0.21 0.08641378364 0.01)
(0.22 0.08641378364 0.01)
(0.23 0.08641378364 0.01)
(0.24 0.08641378364 0.01)
(0.25 0.08641378364 0.01)
(0.26 0.08641378364 0.01)
(0.27 0.08641378364 0.01)
(0.28 0.08641378364 0.01)
(0.29 0.08641378364 0.01)
(0.3 0.08641378364 0.01)
(0.11 0.09308299441 0.01)
(0.12 0.09308299441 0.01)
(0.13 0.09308299441 0.01)
(0.14 0.09308299441 0.01)
(0.15 0.09308299441 0.01)
(0.16 0.09308299441 0.01)
(0.17 0.09308299441 0.01)
(0.18 0.09308299441 0.01)
(0.19 0.09308299441 0.01)
(0.2 0.09308299441 0.01)
(0.21 0.09308299441 0.01)
(0.22 0.09308299441 0.01)
(0.23 0.09308299441 0.01)
(0.24 0.09308299441 0.01)
(0.25 0.09308299441 0.01)
(0.26 0.09308299441 0.01)
(0.27 0.09308299441 0.01)
(0.28 0.09308299441 0.01)
(0.29 0.09308299441 0.01)
(0.3 0.09308299441 0.01)
(0.11 0.1 0.01)
(0.12 0.1 0.01)
(0.13 0.1 0.01)
(0.14 0.1 0.01)
(0.15 0.1 0.01)
(0.16 0.1 0.01)
(0.17 0.1 0.01)
(0.18 0.1 0.01)
(0.19 0.1 0.01)
(0.2 0.1 0.01)
(0.21 0.1 0.01)
(0.22 0.1 0.01)
(0.23 0.1 0.01)
(0.24 0.1 0.01)
(0.25 0.1 0.01)
(0.26 0.1 0.01)
(0.27 0.1 0.01)
(0.28 0.1 0.01)
(0.29 0.1 0.01)
(0.3 0.1 0.01)
)


// ************************************************************************* //
