/*--------------------------------*- C++ -*----------------------------------*\
| =========                 |                                                 |
| \\      /  F ield         | OpenFOAM: The Open Source CFD Toolbox           |
|  \\    /   O peration     | Version:  v2012                                 |
|   \\  /    A nd           | Website:  www.openfoam.com                      |
|    \\/     M anipulation  |                                                 |
\*---------------------------------------------------------------------------*/
FoamFile
{
    version     2.0;
    format      ascii;
    class       volScalarField;
    location    "0.15";
    object      p;
}
// * * * * * * * * * * * * * * * * * * * * * * * * * * * * * * * * * * * * * //

dimensions      [0 2 -2 0 0 0 0];


internalField   nonuniform List<scalar> 
9600
(
28.5483
28.6165
28.6482
28.6564
28.6529
28.6517
28.6532
28.6656
28.6846
28.714
28.7473
28.7876
28.8259
28.8674
28.9085
28.9565
29.0098
29.0714
29.1399
29.2174
29.3031
29.4
29.5043
29.6215
29.7464
29.8932
30.0546
30.2457
30.454
30.7013
30.9737
31.3012
31.6711
32.1247
32.6505
33.3127
34.1128
35.1502
36.4373
38.0319
28.5798
28.6066
28.6293
28.6413
28.6506
28.653
28.6607
28.6679
28.6879
28.7118
28.7485
28.7841
28.8271
28.8643
28.9102
28.9539
29.0113
29.0689
29.1407
29.2147
29.3036
29.3972
29.5045
29.6185
29.7462
29.8895
30.054
30.2406
30.4533
30.6943
30.9728
31.2918
31.6713
32.113
32.6499
33.2834
34.0637
34.9617
35.9841
36.9553
28.5965
28.6005
28.6159
28.6301
28.6469
28.6546
28.6655
28.6717
28.6901
28.7113
28.7478
28.7819
28.8258
28.8624
28.9092
28.9522
29.0103
29.067
29.1394
29.2122
29.3018
29.3945
29.5021
29.6157
29.7433
29.8861
30.0499
30.2363
30.4477
30.6893
30.9646
31.2844
31.6579
32.0938
32.6129
33.2152
33.9166
34.6909
35.5048
36.2379
28.6067
28.5985
28.6084
28.6227
28.6419
28.6537
28.6663
28.6741
28.6912
28.7117
28.7462
28.7805
28.8232
28.8607
28.9069
28.9504
29.0083
29.0643
29.1374
29.2084
29.299
29.3892
29.4985
29.6081
29.7394
29.8785
30.0441
30.2277
30.4395
30.6784
30.9514
31.2685
31.6317
32.0588
32.5464
33.1127
33.7307
34.4112
35.073
35.6776
28.6123
28.5976
28.6044
28.6171
28.6372
28.6504
28.6649
28.6741
28.6916
28.7114
28.7449
28.7786
28.8208
28.8581
28.9041
28.9477
29.0053
29.0614
29.1336
29.2048
29.294
29.385
29.4918
29.6035
29.7312
29.8724
30.0333
30.2192
30.4248
30.6656
30.9298
31.2455
31.5925
32.0078
32.4593
32.986
33.5329
34.1287
34.6785
35.1722
28.6134
28.5966
28.6021
28.6128
28.6339
28.6467
28.6631
28.672
28.6914
28.7099
28.7441
28.7757
28.8187
28.8542
28.901
28.9438
29.0015
29.058
29.1282
29.2013
29.2868
29.3808
29.4825
29.5985
29.7194
29.8655
30.0179
30.2089
30.4043
30.649
30.9001
31.2139
31.5416
31.9409
32.3579
32.8421
33.3296
33.8462
34.3114
34.7083
28.616
28.5934
28.5983
28.609
28.6314
28.644
28.6606
28.6696
28.6892
28.7082
28.7416
28.7738
28.8149
28.8519
28.8961
28.9412
28.9952
29.0548
29.1205
29.1976
29.2775
29.3759
29.4713
29.5916
29.7057
29.8554
30.0012
30.1934
30.3826
30.6243
30.8677
31.1705
31.4847
31.8584
32.2488
32.6841
33.1253
33.567
33.9681
34.2818
28.6204
28.5879
28.5924
28.6048
28.629
28.6428
28.6576
28.6674
28.685
28.7066
28.7371
28.7725
28.8095
28.8504
28.8896
28.9389
28.9869
29.0511
29.1112
29.1925
29.2673
29.3686
29.4601
29.5813
29.6926
29.8405
29.9846
30.1717
30.3597
30.5914
30.8318
31.1163
31.4212
31.7634
32.1321
32.5179
32.9198
33.2949
33.6445
33.8908
28.6243
28.5832
28.5843
28.6014
28.6252
28.6436
28.6543
28.6662
28.6789
28.7046
28.7311
28.771
28.803
28.8482
28.8826
28.9351
28.9791
29.0451
29.1029
29.1842
29.2584
29.3576
29.45
29.5668
29.6799
29.821
29.9673
30.1446
30.3342
30.5519
30.7904
31.0544
31.3496
31.6613
32.0076
32.3492
32.7133
33.0333
33.3361
33.5319
28.6245
28.5811
28.5733
28.5961
28.6195
28.6446
28.6517
28.6659
28.6722
28.701
28.7244
28.7676
28.7978
28.8439
28.8774
28.9286
28.9729
29.0363
29.0958
29.1729
29.25
29.3436
29.4398
29.5492
29.6662
29.7983
29.9474
30.114
30.3037
30.5085
30.7417
30.9881
31.2694
31.5554
31.8758
32.181
32.5064
32.7826
33.0404
33.2005
28.6168
28.5855
28.5692
28.5898
28.6106
28.6427
28.6502
28.6657
28.6682
28.6953
28.7182
28.7613
28.7939
28.8375
28.8733
28.9199
28.9676
29.0252
29.0888
29.1595
29.2408
29.3277
29.4275
29.5303
29.6491
29.7744
29.9228
30.0821
30.2672
30.4627
30.6861
30.9184
31.182
31.4463
31.7386
32.0138
32.3006
32.5422
32.7571
32.8909
28.6021
28.592
28.5716
28.5839
28.6001
28.6357
28.6488
28.6647
28.6671
28.6879
28.7123
28.7521
28.7901
28.8295
28.8694
28.91
28.9612
29.013
29.0801
29.1456
29.2293
29.3117
29.412
29.5113
29.6279
29.7502
29.8934
30.0487
30.2255
30.4139
30.6247
30.8445
31.089
31.3338
31.5984
31.8474
32.0976
32.3106
32.4865
32.5986
28.5844
28.5958
28.5795
28.5807
28.5907
28.6238
28.6453
28.6622
28.6682
28.6808
28.7063
28.7409
28.7842
28.8208
28.8645
28.9006
28.9531
29.0012
29.0687
29.1321
29.2148
29.2962
29.3933
29.492
29.6032
29.7244
29.8605
30.0126
30.1799
30.3612
30.5591
30.7663
30.9924
31.2184
31.4568
31.6819
31.8987
32.0864
32.2286
32.32
28.5692
28.594
28.5877
28.5803
28.5839
28.6089
28.638
28.6575
28.6696
28.6763
28.7003
28.7293
28.7754
28.8117
28.8578
28.8925
28.9436
28.9899
29.0548
29.1185
29.1976
29.2804
29.3722
29.4716
29.5761
29.6961
29.825
29.9727
30.1317
30.3042
30.4906
30.6841
30.8929
31.1006
31.3145
31.5177
31.7045
31.8685
31.9828
32.0537
28.5596
28.5867
28.5904
28.5819
28.5807
28.5952
28.6269
28.6499
28.6687
28.6742
28.695
28.719
28.764
28.8017
28.8487
28.8851
28.933
28.979
29.0389
29.104
29.1784
29.2632
29.3497
29.4491
29.5479
29.6645
29.7878
29.9289
30.0812
30.2435
30.4191
30.5989
30.7907
30.9815
31.1721
31.3548
31.5155
31.6563
31.7483
31.7984
28.5554
28.5756
28.5869
28.5826
28.5804
28.5864
28.614
28.6394
28.664
28.673
28.6907
28.7106
28.751
28.7901
28.8372
28.877
28.9218
28.9683
29.0221
29.088
29.1578
29.2435
29.3264
29.4238
29.5191
29.6297
29.749
29.8817
30.0279
30.1799
30.3445
30.5115
30.6863
30.8612
31.0304
31.1932
31.3316
31.4499
31.5237
31.5539
28.5538
28.5648
28.5779
28.5802
28.5807
28.5825
28.6025
28.6269
28.6552
28.6699
28.6869
28.704
28.7383
28.7774
28.8234
28.8671
28.9098
28.9572
29.0056
29.0704
29.1365
29.2207
29.3024
29.3959
29.4894
29.5928
29.7078
29.8321
29.9712
30.1141
30.2671
30.4224
30.5807
30.74
30.8901
31.033
31.1526
31.2494
31.3075
31.3202
28.5522
28.5558
28.5665
28.5743
28.5789
28.5811
28.5941
28.6144
28.6433
28.6634
28.6826
28.6989
28.7271
28.7643
28.8078
28.8548
28.8968
28.9451
28.9899
29.0512
29.1148
29.1952
29.2771
29.3658
29.458
29.5545
29.6642
29.7808
29.9113
30.0463
30.1872
30.3315
30.4746
30.6179
30.7515
30.8747
30.9781
31.055
31.0987
31.0966
28.5488
28.549
28.5558
28.5655
28.5741
28.5789
28.5885
28.6039
28.63
28.6537
28.6759
28.694
28.7173
28.7515
28.7912
28.8399
28.8825
28.9312
28.9747
29.031
29.0925
29.1677
29.2495
29.334
29.4241
29.5151
29.6182
29.728
29.849
29.9762
30.1058
30.2388
30.3684
30.4957
30.6143
30.7191
30.8071
30.8668
30.8964
30.8824
28.5429
28.5434
28.5473
28.5556
28.5667
28.5743
28.5842
28.5955
28.6174
28.6418
28.6663
28.6879
28.7084
28.7396
28.7748
28.8228
28.8667
28.9152
28.9593
29.0103
29.0696
29.1391
29.2193
29.3009
29.3876
29.4748
29.5702
29.6737
29.7849
29.9035
30.0233
30.1443
30.2624
30.3738
30.4786
30.5666
30.6393
30.6848
30.7001
30.6766
28.5352
28.5375
28.5407
28.5462
28.5575
28.5673
28.579
28.5888
28.6061
28.6291
28.6542
28.6796
28.6997
28.7282
28.7595
28.8041
28.8493
28.8969
28.9426
28.9895
29.0459
29.1101
29.1868
29.2662
29.3488
29.4327
29.5209
29.6175
29.7198
29.8289
29.9396
30.0487
30.156
30.2532
30.344
30.4173
30.475
30.508
30.51
30.478
28.5269
28.5305
28.5349
28.5378
28.5476
28.5583
28.5717
28.5826
28.5961
28.617
28.6406
28.6685
28.6901
28.7166
28.7455
28.785
28.8304
28.8768
28.9238
28.9686
29.0211
29.0812
29.1526
29.2297
29.308
29.3885
29.4706
29.5595
29.654
29.7526
29.8547
29.9525
30.0491
30.1341
30.2108
30.2714
30.3142
30.336
30.3261
30.2857
28.5188
28.5222
28.5284
28.5303
28.5378
28.5482
28.5623
28.5756
28.587
28.6054
28.6267
28.6551
28.6792
28.7043
28.7318
28.7663
28.8103
28.8553
28.9025
28.9468
28.9954
29.052
29.1173
29.1913
29.2656
29.3421
29.4193
29.5001
29.5873
29.6756
29.7686
29.8562
29.9418
30.0162
30.0794
30.1285
30.1574
30.1683
30.148
30.0994
28.511
28.5129
28.5201
28.5233
28.5284
28.538
28.5513
28.567
28.5782
28.5941
28.6134
28.64
28.6665
28.691
28.7179
28.7483
28.7892
28.833
28.879
28.9236
28.9689
29.0222
29.0819
29.1511
29.2219
29.2935
29.3665
29.4398
29.5196
29.5985
29.6816
29.7598
29.8344
29.8993
29.9502
29.9882
30.0047
30.0048
29.9754
29.9188
28.5032
28.5035
28.5102
28.5159
28.5196
28.528
28.5396
28.5564
28.5691
28.583
28.6006
28.6243
28.6521
28.6766
28.7028
28.7309
28.7676
28.8101
28.8539
28.8985
28.9414
28.9912
29.0463
29.1096
29.1768
29.2431
29.3122
29.3787
29.4508
29.5213
29.594
29.6636
29.7272
29.7832
29.8231
29.8504
29.8562
29.8453
29.808
29.7436
28.495
28.4944
28.4994
28.5072
28.511
28.5181
28.528
28.5442
28.559
28.5718
28.5879
28.6086
28.6361
28.6614
28.6866
28.7133
28.7459
28.7865
28.8279
28.8716
28.9128
28.959
29.0104
29.0675
29.1304
29.1915
29.256
29.3169
29.3812
29.444
29.5065
29.5675
29.6208
29.6678
29.698
29.7153
29.7114
29.6901
29.6454
29.5737
28.486
28.4855
28.4883
28.497
28.5021
28.5082
28.5169
28.531
28.5475
28.5602
28.5752
28.5934
28.6188
28.645
28.6692
28.6951
28.7242
28.7621
28.8014
28.843
28.883
28.9254
28.9737
29.0249
29.0829
29.1391
29.1982
29.2543
29.3109
29.3666
29.4194
29.4715
29.5154
29.5532
29.575
29.5827
29.5703
29.5393
29.4872
29.409
28.476
28.4764
28.4779
28.4857
28.4924
28.4981
28.506
28.5177
28.5345
28.5481
28.562
28.5784
28.601
28.6275
28.651
28.676
28.7023
28.737
28.7745
28.8133
28.852
28.8907
28.9358
28.9821
29.0347
29.0858
29.1391
29.1906
29.2401
29.2891
29.3328
29.3761
29.411
29.4397
29.4537
29.4524
29.4325
29.3925
29.3335
29.2491
28.4654
28.4669
28.468
28.4738
28.4817
28.4875
28.495
28.5046
28.5203
28.5351
28.5483
28.5636
28.583
28.6087
28.632
28.6559
28.6803
28.7112
28.7468
28.7828
28.8197
28.8552
28.8966
28.9389
28.9859
29.0321
29.0791
29.1258
29.169
29.2113
29.2468
29.2813
29.3077
29.3276
29.3342
29.3247
29.2978
29.2498
29.1842
29.094
28.4545
28.4565
28.4582
28.4621
28.47
28.4763
28.4836
28.492
28.5056
28.521
28.5339
28.5485
28.5651
28.589
28.6121
28.6348
28.6578
28.685
28.7184
28.7517
28.7863
28.8188
28.8562
28.895
28.9365
28.978
29.0187
29.0602
29.0975
29.1333
29.1616
29.1874
29.2059
29.217
29.2164
29.1993
29.1658
29.111
29.0389
28.9436
28.4436
28.4453
28.4478
28.4507
28.4576
28.4644
28.4715
28.4795
28.4908
28.5059
28.5188
28.5327
28.5475
28.5687
28.5913
28.6129
28.6347
28.6585
28.6891
28.7199
28.752
28.7818
28.8149
28.8502
28.8868
28.9235
28.958
28.9939
29.0255
29.0552
29.077
29.0944
29.1053
29.108
29.1006
29.0763
29.0365
28.9758
28.8975
28.7977
28.4326
28.4337
28.4366
28.4394
28.445
28.452
28.4587
28.4666
28.4761
28.4901
28.5029
28.5162
28.5298
28.5481
28.5697
28.5901
28.6108
28.6318
28.659
28.6875
28.7168
28.7441
28.7729
28.8044
28.8365
28.8686
28.8974
28.9273
28.9533
28.9771
28.993
29.0026
29.0062
29.0008
28.9867
28.9558
28.9099
28.8439
28.7599
28.6561
28.4214
28.4218
28.4245
28.4279
28.4324
28.439
28.4454
28.4531
28.4615
28.4739
28.4864
28.499
28.5118
28.5274
28.5474
28.5666
28.586
28.6048
28.6285
28.6545
28.6809
28.7058
28.7304
28.758
28.7857
28.8134
28.837
28.8606
28.8811
28.8988
28.9094
28.9119
28.9083
28.8955
28.8746
28.8378
28.7859
28.7152
28.626
28.5184
28.4097
28.41
28.412
28.4157
28.4197
28.4257
28.4317
28.4389
28.4468
28.4575
28.4694
28.481
28.4931
28.5067
28.5246
28.5424
28.5604
28.5774
28.5977
28.6208
28.6444
28.6668
28.6876
28.711
28.7344
28.7577
28.7766
28.7941
28.8091
28.8207
28.8263
28.8224
28.812
28.7921
28.7644
28.7223
28.6646
28.5895
28.4955
28.3843
28.3974
28.398
28.3993
28.4029
28.4068
28.4122
28.4177
28.4241
28.4316
28.4409
28.4519
28.4626
28.4738
28.4858
28.5014
28.5176
28.534
28.5494
28.5666
28.5867
28.6073
28.6272
28.6446
28.6636
28.6827
28.7016
28.7163
28.728
28.7373
28.743
28.7435
28.7339
28.7171
28.6906
28.6563
28.6091
28.546
28.4667
28.3683
28.2538
28.3846
28.3857
28.3867
28.3896
28.3934
28.3983
28.4035
28.409
28.4158
28.424
28.434
28.4437
28.4539
28.4644
28.4779
28.4924
28.507
28.5207
28.5351
28.5522
28.5698
28.5869
28.6012
28.616
28.6309
28.6453
28.6559
28.6624
28.6661
28.6659
28.6612
28.6466
28.6238
28.5912
28.5503
28.4981
28.4301
28.3467
28.2445
28.1266
28.3715
28.3731
28.3741
28.376
28.3796
28.384
28.389
28.3937
28.3996
28.4069
28.4157
28.4246
28.4334
28.4427
28.4541
28.4668
28.4796
28.4915
28.5033
28.5175
28.5319
28.5461
28.5574
28.5682
28.5789
28.5888
28.5954
28.5971
28.5954
28.5896
28.5795
28.5601
28.5318
28.4937
28.4465
28.3894
28.3168
28.2295
28.1238
28.0026
28.3581
28.3598
28.3612
28.3624
28.3654
28.3693
28.3741
28.3783
28.383
28.3893
28.3971
28.405
28.4127
28.4204
28.43
28.4408
28.4517
28.4618
28.4712
28.4823
28.4938
28.505
28.5134
28.5204
28.5269
28.5323
28.5349
28.5322
28.5255
28.5141
28.4986
28.4747
28.4413
28.3981
28.345
28.2829
28.2061
28.115
28.0063
27.8817
28.3447
28.3461
28.3479
28.3487
28.3509
28.3543
28.3586
28.3626
28.3663
28.3714
28.378
28.3851
28.3916
28.3979
28.4055
28.4144
28.4235
28.4317
28.4387
28.447
28.4554
28.4635
28.4691
28.4725
28.475
28.476
28.4745
28.4676
28.4562
28.4396
28.4187
28.3903
28.3522
28.3043
28.2457
28.1787
28.098
28.0031
27.8919
27.7641
28.3313
28.3321
28.3341
28.335
28.3363
28.339
28.3427
28.3466
28.3495
28.3533
28.3586
28.3647
28.3703
28.375
28.3808
28.3877
28.3949
28.4012
28.406
28.4114
28.4169
28.422
28.4246
28.4245
28.4232
28.42
28.4144
28.4035
28.3875
28.3661
28.3399
28.3071
28.2644
28.2122
28.1488
28.0768
27.9925
27.8939
27.7802
27.6496
28.3177
28.3179
28.3196
28.3209
28.3216
28.3236
28.3264
28.33
28.3324
28.3351
28.339
28.3439
28.3486
28.352
28.3558
28.3608
28.366
28.3705
28.373
28.3757
28.3782
28.3803
28.3801
28.3766
28.3716
28.3642
28.3546
28.3398
28.3194
28.2937
28.2623
28.2251
28.1781
28.1217
28.0542
27.9772
27.8893
27.7874
27.6713
27.5384
28.3039
28.3037
28.3048
28.3064
28.3069
28.3081
28.31
28.313
28.3151
28.3167
28.3193
28.3227
28.3265
28.3287
28.3307
28.3336
28.3368
28.3396
28.3399
28.3398
28.3395
28.3385
28.3355
28.3288
28.3202
28.3089
28.2952
28.2767
28.2521
28.2223
28.186
28.1443
28.0934
28.0328
27.9616
27.88
27.7886
27.6836
27.5649
27.4303
28.2898
28.2894
28.2899
28.2915
28.2919
28.2925
28.2935
28.2956
28.2975
28.2981
28.2995
28.3013
28.304
28.3052
28.3055
28.3064
28.3074
28.3083
28.3067
28.304
28.3008
28.2967
28.291
28.2812
28.2691
28.2541
28.2362
28.2142
28.1856
28.1518
28.1112
28.0648
28.0103
27.9457
27.8711
27.7854
27.6902
27.5824
27.4612
27.325
28.2753
28.2751
28.2749
28.2763
28.2767
28.2768
28.277
28.278
28.2795
28.2794
28.2796
28.2799
28.2811
28.2815
28.2802
28.2791
28.2778
28.2768
28.2735
28.2681
28.2622
28.255
28.2465
28.2339
28.2183
28.1998
28.1779
28.1524
28.1201
28.0822
28.0377
27.9869
27.9287
27.8603
27.7823
27.6932
27.5943
27.4839
27.3601
27.2224
28.2605
28.2606
28.26
28.2607
28.2612
28.2608
28.2604
28.2603
28.2611
28.2605
28.2595
28.2585
28.258
28.2574
28.2547
28.2518
28.2484
28.2451
28.2401
28.2323
28.2238
28.2135
28.2021
28.1869
28.1679
28.1461
28.1203
28.0911
28.0555
28.0137
27.9656
27.9104
27.8487
27.7769
27.6954
27.6033
27.5008
27.3878
27.2618
27.1225
28.2456
28.2459
28.2451
28.2451
28.2454
28.2447
28.2438
28.2426
28.2424
28.2413
28.2394
28.2371
28.2349
28.2331
28.2292
28.2244
28.219
28.2133
28.2066
28.1967
28.1855
28.1724
28.1578
28.1402
28.118
28.0929
28.0635
28.0306
27.9919
27.9464
27.8948
27.8357
27.7702
27.6953
27.6105
27.5156
27.4098
27.2941
27.1661
27.0251
28.2305
28.231
28.2303
28.2294
28.2294
28.2284
28.2271
28.225
28.2236
28.222
28.2191
28.2158
28.2118
28.2085
28.2036
28.1971
28.1898
28.1817
28.173
28.1612
28.1474
28.1316
28.1139
28.0938
28.0687
28.0403
28.0077
27.971
27.9293
27.8803
27.8252
27.7626
27.6933
27.6156
27.5276
27.43
27.3214
27.2029
27.073
26.9303
28.2154
28.2158
28.2153
28.2138
28.2132
28.2119
28.2102
28.2075
28.2048
28.2024
28.1987
28.1943
28.1889
28.1839
28.1779
28.1697
28.1606
28.1503
28.1394
28.1258
28.1095
28.0913
28.0706
28.0476
28.02
27.9884
27.9527
27.9124
27.8675
27.8154
27.757
27.6912
27.6182
27.5376
27.4468
27.3465
27.2354
27.1142
26.9825
26.8382
28.2003
28.2005
28.2002
28.1983
28.197
28.1953
28.1931
28.19
28.186
28.1827
28.1782
28.1728
28.1662
28.1593
28.152
28.1425
28.1316
28.1192
28.106
28.0906
28.072
28.0513
28.0278
28.002
27.9719
27.9372
27.8986
27.8549
27.8068
27.7519
27.6902
27.6214
27.545
27.4614
27.368
27.265
27.1518
27.0281
26.8944
26.7488
28.1854
28.1851
28.1847
28.1829
28.1808
28.1786
28.1758
28.1724
28.1675
28.163
28.1577
28.1512
28.1436
28.1349
28.1261
28.1153
28.1026
28.0884
28.0728
28.0556
28.0349
28.0116
27.9856
27.9569
27.9244
27.8869
27.8453
27.7986
27.7472
27.6895
27.6248
27.5532
27.4737
27.387
27.2912
27.1858
27.0705
26.9445
26.8088
26.6619
28.1704
28.1697
28.1691
28.1675
28.1647
28.1619
28.1586
28.1546
28.1491
28.1433
28.1372
28.1297
28.121
28.1108
28.1003
28.0883
28.0739
28.0579
28.0401
28.0207
27.9982
27.9725
27.944
27.9125
27.8775
27.8375
27.793
27.7435
27.689
27.6285
27.5609
27.4865
27.4043
27.3146
27.2164
27.1087
26.9914
26.8635
26.7258
26.5776
28.1554
28.1545
28.1534
28.152
28.1488
28.1454
28.1413
28.1368
28.1309
28.1238
28.1166
28.1082
28.0984
28.087
28.0747
28.0613
28.0455
28.0276
28.0078
27.9862
27.9619
27.934
27.903
27.869
27.8314
27.789
27.7417
27.6895
27.632
27.5688
27.4986
27.4215
27.3367
27.2443
27.1436
27.0337
26.9145
26.7849
26.6454
26.4958
28.1404
28.1394
28.1379
28.1363
28.133
28.1289
28.1242
28.1189
28.1126
28.1046
28.0962
28.0868
28.076
28.0634
28.0494
28.0344
28.0173
27.9977
27.976
27.9522
27.9259
27.896
27.8628
27.8262
27.7861
27.7413
27.6915
27.6366
27.5765
27.5105
27.4378
27.3581
27.2709
27.176
27.0729
26.961
26.8398
26.7087
26.5675
26.4166
28.1253
28.1245
28.1225
28.1205
28.1173
28.1126
28.1073
28.1012
28.0943
28.0857
28.076
28.0656
28.0537
28.04
28.0246
28.0079
27.9894
27.9682
27.9446
27.9188
27.8905
27.8588
27.8232
27.7843
27.7417
27.6947
27.6424
27.585
27.5223
27.4538
27.3786
27.2964
27.2069
27.1097
27.0044
26.8904
26.7675
26.6349
26.4923
26.34
28.1103
28.1096
28.1075
28.1048
28.1015
28.0965
28.0905
28.0836
28.076
28.0669
28.0561
28.0445
28.0316
28.0169
28.0001
27.9817
27.9617
27.9391
27.9138
27.886
27.8557
27.8221
27.7845
27.7433
27.6983
27.649
27.5946
27.5347
27.4695
27.3985
27.321
27.2365
27.1447
27.0454
26.938
26.8221
26.6974
26.5634
26.4195
26.266
28.0954
28.0947
28.0926
28.0894
28.0857
28.0805
28.074
28.0664
28.0579
28.0482
28.0365
28.0238
28.0097
27.9939
27.976
27.9561
27.9345
27.9105
27.8836
27.8539
27.8215
27.7861
27.7467
27.7032
27.656
27.6044
27.5479
27.4857
27.4181
27.3448
27.2651
27.1784
27.0845
26.9831
26.8738
26.756
26.6296
26.4942
26.3492
26.1946
28.0807
28.08
28.0779
28.0742
28.0701
28.0646
28.0576
28.0494
28.04
28.0296
28.0173
28.0034
27.9883
27.9713
27.9523
27.931
27.9078
27.8823
27.8539
27.8226
27.7882
27.7508
27.7097
27.6642
27.6147
27.561
27.5024
27.4381
27.3682
27.2927
27.2109
27.1221
27.0261
26.9227
26.8117
26.6922
26.5641
26.4274
26.2813
26.1257
28.0663
28.0654
28.0633
28.0594
28.0547
28.0489
28.0414
28.0327
28.0225
28.0113
27.9983
27.9835
27.9672
27.949
27.929
27.9065
27.8816
27.8547
27.8248
27.7919
27.7557
27.7164
27.6735
27.6262
27.5747
27.5188
27.4581
27.392
27.3199
27.2422
27.1584
27.0677
26.9698
26.8645
26.7517
26.6307
26.5011
26.363
26.2158
26.0594
28.0522
28.051
28.0488
28.0449
28.0396
28.0334
28.0255
28.0163
28.0054
27.9933
27.9796
27.9639
27.9466
27.9273
27.906
27.8825
27.8562
27.8277
27.7964
27.762
27.7241
27.6829
27.6383
27.5893
27.5358
27.4779
27.4152
27.3472
27.2732
27.1934
27.1076
27.0151
26.9154
26.8083
26.6938
26.5714
26.4404
26.301
26.1528
25.9956
28.0383
28.037
28.0345
28.0306
28.0249
28.0182
28.0099
28.0002
27.9887
27.9757
27.9613
27.9448
27.9264
27.9061
27.8836
27.859
27.8314
27.8015
27.7687
27.7328
27.6935
27.6505
27.6041
27.5534
27.4982
27.4383
27.3737
27.3039
27.2281
27.1464
27.0587
26.9644
26.8631
26.7543
26.6382
26.5144
26.3821
26.2415
26.0923
25.9342
28.0247
28.0233
28.0206
28.0165
28.0106
28.0034
27.9946
27.9844
27.9724
27.9586
27.9433
27.9261
27.9068
27.8854
27.8618
27.8361
27.8074
27.776
27.7418
27.7045
27.6637
27.6191
27.571
27.5187
27.4618
27.4002
27.3337
27.2621
27.1847
27.1011
27.0116
26.9157
26.8128
26.7025
26.5848
26.4596
26.3263
26.1845
26.0343
25.8754
28.0114
28.01
28.007
28.0027
27.9966
27.989
27.9798
27.969
27.9565
27.942
27.9259
27.9079
27.8878
27.8654
27.8407
27.8138
27.7841
27.7514
27.7158
27.6771
27.635
27.5889
27.539
27.4852
27.4267
27.3635
27.2952
27.2218
27.1429
27.0577
26.9665
26.8689
26.7645
26.6529
26.5337
26.4072
26.2728
26.13
25.9788
25.8192
27.9984
27.997
27.9939
27.9893
27.983
27.975
27.9654
27.954
27.941
27.926
27.9091
27.8903
27.8693
27.8461
27.8203
27.7923
27.7615
27.7276
27.6908
27.6507
27.6072
27.5598
27.5083
27.4529
27.393
27.3282
27.2583
27.1833
27.1028
27.0161
26.9233
26.8241
26.7183
26.6054
26.4849
26.3571
26.2216
26.078
25.926
25.7656
27.9859
27.9844
27.9812
27.9763
27.9698
27.9615
27.9514
27.9396
27.926
27.9104
27.8928
27.8732
27.8514
27.8274
27.8007
27.7715
27.7397
27.7048
27.6667
27.6253
27.5805
27.5318
27.4789
27.422
27.3606
27.2944
27.223
27.1464
27.0644
26.9764
26.8821
26.7815
26.6743
26.5601
26.4385
26.3095
26.173
26.0284
25.8757
25.7147
27.9738
27.9723
27.969
27.9639
27.9571
27.9485
27.938
27.9257
27.9115
27.8954
27.8772
27.8568
27.8343
27.8094
27.7819
27.7517
27.7188
27.6828
27.6436
27.601
27.5549
27.505
27.4508
27.3925
27.3298
27.2621
27.1894
27.1113
27.0279
26.9385
26.8429
26.7409
26.6324
26.5171
26.3944
26.2643
26.1268
25.9814
25.828
25.6664
27.9622
27.9606
27.9572
27.9519
27.9448
27.9359
27.9251
27.9124
27.8977
27.8811
27.8622
27.8412
27.8178
27.7922
27.7638
27.7327
27.6988
27.6618
27.6216
27.5779
27.5306
27.4795
27.4241
27.3645
27.3004
27.2315
27.1575
27.0781
26.9932
26.9026
26.8057
26.7025
26.5928
26.4763
26.3527
26.2216
26.0831
25.937
25.783
25.6208
27.9512
27.9495
27.9459
27.9405
27.9332
27.924
27.9128
27.8997
27.8845
27.8673
27.8479
27.8263
27.8022
27.7758
27.7467
27.7147
27.6799
27.6419
27.6007
27.5559
27.5075
27.4552
27.3988
27.3379
27.2726
27.2025
27.1272
27.0466
26.9605
26.8687
26.7707
26.6663
26.5555
26.4379
26.3133
26.1814
26.042
25.8952
25.7405
25.5779
27.9407
27.9389
27.9353
27.9297
27.9221
27.9126
27.9012
27.8876
27.872
27.8543
27.8344
27.8121
27.7874
27.7603
27.7304
27.6976
27.6619
27.6231
27.5809
27.5352
27.4857
27.4324
27.3749
27.3129
27.2465
27.1752
27.0988
27.0171
26.9298
26.8368
26.7377
26.6324
26.5205
26.4019
26.2764
26.1437
26.0036
25.856
25.7008
25.5377
27.9307
27.9289
27.9252
27.9195
27.9117
27.9019
27.8902
27.8763
27.8603
27.8421
27.8216
27.7988
27.7735
27.7457
27.7151
27.6816
27.6451
27.6054
27.5624
27.5158
27.4653
27.411
27.3525
27.2895
27.222
27.1496
27.0722
26.9895
26.9011
26.8071
26.707
26.6007
26.4878
26.3683
26.242
26.1085
25.9677
25.8195
25.6637
25.5002
27.9215
27.9196
27.9157
27.9099
27.9019
27.8919
27.8799
27.8656
27.8493
27.8306
27.8097
27.7864
27.7605
27.7321
27.7008
27.6666
27.6294
27.5889
27.5451
27.4976
27.4463
27.3911
27.3317
27.2678
27.1993
27.1259
27.0475
26.9638
26.8745
26.7795
26.6785
26.5713
26.4576
26.3373
26.2102
26.076
25.9346
25.7858
25.6295
25.4656
27.9128
27.911
27.907
27.901
27.8929
27.8826
27.8703
27.8558
27.8391
27.82
27.7987
27.7749
27.7485
27.7195
27.6876
27.6528
27.6149
27.5737
27.5291
27.4809
27.4288
27.3727
27.3125
27.2477
27.1783
27.1041
27.0248
26.9402
26.85
26.7541
26.6523
26.5442
26.4298
26.3087
26.1809
26.0461
25.9041
25.7548
25.5981
25.4337
27.9049
27.903
27.899
27.8928
27.8846
27.8741
27.8615
27.8468
27.8297
27.8103
27.7886
27.7643
27.7375
27.7079
27.6755
27.6402
27.6016
27.5598
27.5145
27.4656
27.4128
27.3559
27.2949
27.2294
27.1592
27.0842
27.0041
26.9187
26.8277
26.731
26.6285
26.5196
26.4045
26.2828
26.1543
26.0189
25.8764
25.7267
25.5695
25.4048
27.8977
27.8958
27.8917
27.8854
27.877
27.8664
27.8536
27.8386
27.8212
27.8015
27.7794
27.7548
27.7275
27.6975
27.6646
27.6288
27.5896
27.5473
27.5013
27.4518
27.3984
27.3408
27.2791
27.2129
27.142
27.0663
26.9854
26.8993
26.8076
26.7102
26.607
26.4975
26.3817
26.2595
26.1304
25.9945
25.8516
25.7014
25.5439
25.3789
27.8913
27.8894
27.8852
27.8788
27.8703
27.8596
27.8465
27.8313
27.8137
27.7937
27.7713
27.7463
27.7187
27.6882
27.6549
27.6186
27.579
27.5361
27.4896
27.4395
27.3855
27.3274
27.2651
27.1983
27.1267
27.0504
26.9689
26.8821
26.7899
26.6918
26.588
26.478
26.3616
26.2388
26.1093
25.9729
25.8296
25.679
25.5212
25.356
27.8858
27.8838
27.8796
27.8731
27.8645
27.8536
27.8404
27.8249
27.8071
27.7869
27.7642
27.7389
27.711
27.6801
27.6464
27.6097
27.5697
27.5264
27.4795
27.4289
27.3744
27.3157
27.2529
27.1855
27.1134
27.0366
26.9545
26.8672
26.7744
26.6759
26.5715
26.461
26.3442
26.2209
26.0909
25.9542
25.8105
25.6596
25.5016
25.3361
27.8811
27.879
27.8748
27.8682
27.8595
27.8485
27.8352
27.8196
27.8015
27.7811
27.7582
27.7326
27.7044
27.6733
27.6393
27.6022
27.5619
27.5181
27.4708
27.4198
27.3649
27.3059
27.2426
27.1748
27.1022
27.0249
26.9424
26.8546
26.7614
26.6624
26.5576
26.4467
26.3294
26.2058
26.0755
25.9384
25.7944
25.6433
25.485
25.3194
27.8772
27.8752
27.8709
27.8643
27.8555
27.8444
27.8309
27.8152
27.797
27.7764
27.7533
27.7275
27.6991
27.6677
27.6335
27.5961
27.5555
27.5115
27.4639
27.4125
27.3573
27.2979
27.2342
27.166
27.0932
27.0154
26.9326
26.8444
26.7508
26.6515
26.5463
26.4351
26.3175
26.1936
26.063
25.9257
25.7814
25.6301
25.4716
25.3058
27.8743
27.8722
27.8679
27.8613
27.8524
27.8412
27.8277
27.8118
27.7936
27.7728
27.7496
27.7236
27.695
27.6635
27.629
27.5915
27.5506
27.5064
27.4586
27.4069
27.3514
27.2918
27.2278
27.1594
27.0863
27.0082
26.9251
26.8367
26.7428
26.6432
26.5377
26.4263
26.3085
26.1843
26.0535
25.916
25.7715
25.6201
25.4614
25.2955
27.8723
27.8703
27.8659
27.8593
27.8503
27.8391
27.8255
27.8096
27.7912
27.7704
27.747
27.721
27.6922
27.6607
27.6261
27.5883
27.5474
27.5029
27.455
27.4032
27.3475
27.2877
27.2235
27.1549
27.0816
27.0034
26.9201
26.8314
26.7374
26.6377
26.5319
26.4203
26.3024
26.178
26.0471
25.9094
25.7649
25.6133
25.4545
25.2886
27.8713
27.8692
27.8649
27.8583
27.8493
27.838
27.8244
27.8084
27.7901
27.7692
27.7458
27.7197
27.6908
27.6592
27.6245
27.5867
27.5457
27.5012
27.4531
27.4013
27.3455
27.2857
27.2213
27.1526
27.0792
27.0009
26.9175
26.8288
26.7346
26.6348
26.529
26.4173
26.2993
26.1748
26.0439
25.9061
25.7615
25.6099
25.451
25.2851
39.6193
39.1248
37.2975
35.3207
33.6294
32.2935
31.2361
30.3935
29.6778
29.0666
28.517
28.0271
27.5656
27.1327
26.6976
26.279
25.8378
25.4152
24.9629
24.5312
24.0742
23.633
23.1774
22.7279
22.2749
21.8157
21.3634
20.8924
20.4328
19.9455
19.4708
18.9613
18.4761
17.9256
17.4456
16.8287
16.3556
15.6862
15.1788
14.5135
13.9129
13.2765
12.5886
11.9393
11.1853
10.5414
9.65014
9.09174
8.06124
7.49023
6.50972
5.77555
4.93563
4.0502
3.48218
2.29834
2.06832
0.878265
0.528434
-0.125276
-0.920148
-0.693559
-1.91849
-1.51882
-1.86757
-2.508
-1.6105
-2.56852
-2.20323
-1.47966
-2.2796
-1.3503
-0.96845
-1.59338
-0.882083
-0.689706
-1.0029
-0.494162
-0.00681784
-0.00378926
37.6363
37.5656
36.671
35.2149
33.6719
32.3074
31.1825
30.2986
29.5669
28.9783
28.4321
27.9735
27.499
27.093
26.6332
26.243
25.7736
25.3802
24.9017
24.4943
24.0213
23.5911
23.1377
22.6778
22.2487
21.7565
21.3426
20.8271
20.4082
19.8813
19.4465
18.8969
18.4612
17.8588
17.4332
16.7769
16.326
15.6727
15.1168
14.5387
13.8412
13.3078
12.5243
11.9793
11.1172
10.5922
9.60629
9.09657
8.11688
7.41627
6.65292
5.67859
5.10732
3.95123
3.59758
2.35134
1.99936
1.16881
0.328576
0.17574
-1.03204
-0.689809
-1.55287
-1.87182
-1.47557
-2.54763
-1.77066
-2.03177
-2.66912
-1.40989
-1.89722
-1.81534
-0.720703
-1.36254
-1.25794
-0.485687
-0.82688
-0.703138
-0.00575074
0.0606161
36.7611
36.8295
36.2914
35.1967
33.811
32.4473
31.2536
30.3001
29.5222
28.9196
28.3772
27.9234
27.4599
27.0476
26.6003
26.192
25.7425
25.322
24.8725
24.4316
23.9936
23.5286
23.1072
22.6176
22.2089
21.7017
21.29
20.7787
20.3467
19.8367
19.3831
18.8552
18.3933
17.8319
17.3453
16.778
16.2188
15.684
15.0237
14.5236
13.7962
13.2579
12.5183
11.9261
11.1419
10.5093
9.71381
8.97206
8.2598
7.35487
6.72506
5.75503
5.13501
4.17253
3.52427
2.73384
1.92552
1.42088
0.520921
0.241326
-0.494842
-0.864727
-1.10878
-1.70814
-1.51395
-1.88508
-2.04894
-1.77685
-2.12289
-1.78452
-1.46594
-1.60092
-1.09611
-0.969497
-1.18648
-0.785663
-0.562723
-0.597844
-0.232273
0.0274429
36.0635
36.135
35.7185
34.8736
33.6777
32.4295
31.2427
30.2639
29.4461
28.8176
28.2754
27.8174
27.3777
26.9577
26.5385
26.1091
25.6911
25.2377
24.8247
24.3463
23.9441
23.4491
23.0498
22.5505
22.1388
21.6484
21.2086
20.7328
20.2616
19.7897
19.2988
18.8098
18.3039
17.7966
17.2479
16.7504
16.1328
15.6445
14.976
14.4541
13.7816
13.1727
12.5212
11.8475
11.1628
10.4415
9.7667
8.93512
8.30277
7.40044
6.72167
5.9036
5.12979
4.36818
3.56044
2.95254
2.05403
1.53061
0.857931
0.309575
-0.1618
-0.759224
-0.917988
-1.31952
-1.50954
-1.55232
-1.89627
-1.7579
-1.75515
-1.8134
-1.40413
-1.32706
-1.21596
-0.923014
-0.944937
-0.885463
-0.540936
-0.444569
-0.320821
-0.0260811
35.4607
35.5057
35.1702
34.4907
33.49
32.3662
31.2454
30.2578
29.4292
28.7567
28.21
27.7298
27.3075
26.8793
26.4823
26.0437
25.6424
25.1784
24.7738
24.2913
23.8856
23.4013
22.9826
22.511
22.0654
21.6125
21.1361
20.692
20.195
19.7406
19.2354
18.7591
18.2376
17.7486
17.1869
16.6959
16.0945
15.5777
14.9643
14.3797
13.7775
13.1165
12.5067
11.8102
11.1585
10.4277
9.76987
8.97387
8.29324
7.5012
6.7332
6.01207
5.19513
4.49808
3.6959
3.06341
2.29075
1.65235
1.10226
0.482334
0.0458272
-0.457318
-0.762973
-1.03932
-1.3301
-1.39994
-1.57461
-1.64364
-1.54395
-1.57766
-1.37594
-1.17005
-1.10111
-0.939971
-0.815594
-0.789513
-0.583027
-0.377699
-0.283398
-0.0554384
34.9344
34.9444
34.6709
34.0966
33.2655
32.2578
31.2271
30.2501
29.4246
28.7162
28.1528
27.6524
27.2287
26.8003
26.4107
25.9781
25.5786
25.124
24.7091
24.2439
23.8148
23.3579
22.9082
22.4673
21.9934
21.5622
21.0727
20.6332
20.1395
19.678
19.1812
18.6984
18.182
17.6882
17.1401
16.6273
16.0636
15.5056
14.9385
14.3217
13.7451
13.085
12.4703
11.7954
11.1377
10.4324
9.75137
9.0182
8.28917
7.56774
6.78188
6.0794
5.29777
4.58985
3.84686
3.16297
2.49319
1.81766
1.28103
0.70575
0.230039
-0.198535
-0.575874
-0.834527
-1.08598
-1.2427
-1.33791
-1.4627
-1.4229
-1.38422
-1.28673
-1.09624
-0.979774
-0.898794
-0.773852
-0.684404
-0.572963
-0.371161
-0.232836
-0.0683257
34.4674
34.4446
34.2161
33.7122
33.0109
32.1099
31.1697
30.2303
29.4092
28.6883
28.0977
27.584
27.1453
26.7206
26.3279
25.9089
25.5049
25.0679
24.6387
24.1953
23.744
23.3089
22.8405
22.412
21.9331
21.4988
21.0195
20.5661
20.0883
19.6125
19.128
18.6364
18.1299
17.6262
17.095
16.5638
16.0235
15.4501
14.8945
14.2841
13.699
13.0635
12.4326
11.7851
11.1184
10.4354
9.74588
9.04663
8.31239
7.60795
6.85075
6.13711
5.40406
4.68602
3.98061
3.29001
2.66159
2.00268
1.44444
0.918567
0.432255
0.0168064
-0.362374
-0.644534
-0.858606
-1.05125
-1.16281
-1.26177
-1.28078
-1.2285
-1.1524
-1.01539
-0.887209
-0.814915
-0.735417
-0.615518
-0.518514
-0.360589
-0.200965
-0.0626761
34.0427
33.9976
33.7942
33.3476
32.735
31.9359
31.0743
30.1928
29.3804
28.6637
28.0472
27.522
27.0645
26.6404
26.2417
25.835
25.4274
25.0069
24.5696
24.1403
23.6808
23.2512
22.7831
22.3485
21.8806
21.4319
20.9681
20.5008
20.0344
19.552
19.0719
18.5787
18.0769
17.5682
17.0469
16.5097
15.9749
15.4062
14.8447
14.2527
13.6546
13.0408
12.4046
11.7697
11.1063
10.4355
9.75282
9.06433
8.34809
7.64133
6.92225
6.20327
5.4994
4.78936
4.10393
3.43009
2.81032
2.1853
1.61382
1.11229
0.636084
0.216144
-0.149216
-0.44777
-0.65671
-0.852714
-0.999866
-1.07879
-1.11942
-1.08857
-1.02052
-0.922095
-0.811545
-0.731376
-0.679348
-0.56905
-0.456912
-0.334632
-0.185031
-0.0566206
33.65
33.5938
33.399
33.0031
32.4504
31.7446
30.9487
30.1331
29.3397
28.6335
28.0022
27.464
26.9911
26.561
26.1569
25.7574
25.3487
24.94
24.5025
24.0787
23.6229
23.1881
22.7304
22.2834
21.8288
21.368
20.9132
20.441
19.9766
19.4959
19.014
18.5239
18.0228
17.5142
16.9959
16.4617
15.9233
15.3662
14.798
14.2181
13.6189
13.0127
12.3847
11.7505
11.1001
10.4361
9.76372
9.08009
8.38487
7.68223
6.98542
6.27801
5.58595
4.89485
4.22455
3.56933
2.95441
2.35536
1.79019
1.29558
0.83067
0.412877
0.0533355
-0.249815
-0.47101
-0.662498
-0.827742
-0.909996
-0.954064
-0.951714
-0.901515
-0.823419
-0.734885
-0.656986
-0.612138
-0.524039
-0.405658
-0.299788
-0.173435
-0.052932
33.2838
33.2236
33.0287
32.6761
32.1677
31.54
30.8043
30.0495
29.2871
28.5929
27.9602
27.4089
26.9241
26.4846
26.0745
25.6775
25.2701
24.8678
24.4362
24.0126
23.5663
23.1241
22.6766
22.2215
21.7731
21.3093
20.8542
20.3851
19.9172
19.4407
18.9572
18.4689
17.9696
17.4619
16.9449
16.4153
15.8734
15.3256
14.7561
14.1808
13.5889
12.9836
12.3668
11.7334
11.0963
10.4374
9.77541
9.09859
8.42087
7.72949
7.0419
6.35485
5.67091
5.00016
4.34325
3.70438
3.09682
2.51663
1.96641
1.47203
1.01584
0.60557
0.248892
-0.0558786
-0.292435
-0.482155
-0.650195
-0.747701
-0.797589
-0.817594
-0.787341
-0.72277
-0.653724
-0.587161
-0.541723
-0.473302
-0.363848
-0.265018
-0.160033
-0.0493419
32.9417
32.8795
32.6828
32.3635
31.8936
31.3256
30.6487
29.9445
29.2218
28.5417
27.9165
27.3562
26.8613
26.4125
25.9944
25.5972
25.1916
24.7918
24.3692
23.944
23.5077
23.0611
22.6196
22.1628
21.7142
21.2533
20.7942
20.3299
19.8586
19.3853
18.9017
18.414
17.9171
17.4107
16.8947
16.3686
15.8277
15.2828
14.7184
14.1436
13.5606
12.9571
12.3484
11.7211
11.0914
10.4412
9.78724
9.1216
8.45583
7.77737
7.09792
6.43063
5.75824
5.10255
4.45966
3.8346
3.23825
2.67326
2.13589
1.64466
1.19475
0.79203
0.439903
0.130739
-0.117646
-0.308003
-0.474353
-0.589323
-0.652552
-0.685471
-0.671215
-0.622688
-0.570557
-0.517784
-0.474209
-0.420177
-0.326875
-0.233712
-0.143402
-0.0446269
32.6218
32.5559
32.3601
32.0635
31.6297
31.1063
30.4852
29.8235
29.1429
28.4814
27.8671
27.3041
26.8007
26.344
25.9176
25.5172
25.1136
24.7139
24.2999
23.8745
23.4453
22.9995
22.5595
22.1056
21.6546
21.1973
20.7358
20.2734
19.8023
19.3291
18.8474
18.3599
17.8648
17.3609
16.8451
16.3228
15.7845
15.2397
14.6829
14.1083
13.5329
12.933
12.3308
11.7116
11.0863
10.4473
9.80018
9.1478
8.48888
7.8254
7.15714
6.50401
5.84651
5.2014
4.57347
3.962
3.37855
2.82516
2.29768
1.81369
1.36951
0.972339
0.624228
0.310028
0.0550922
-0.137759
-0.30551
-0.435618
-0.513246
-0.553868
-0.554218
-0.524321
-0.488002
-0.448533
-0.411179
-0.366723
-0.289191
-0.204508
-0.124883
-0.0391772
32.3223
32.2494
32.058
31.7755
31.3752
30.8865
30.3151
29.6922
29.0503
28.4128
27.8101
27.2509
26.7411
26.2777
25.8445
25.438
25.0364
24.635
24.2279
23.8046
23.3797
22.9382
22.4977
22.0484
21.5954
21.1407
20.679
20.2165
19.7473
19.2732
18.7939
18.3067
17.8133
17.3116
16.797
16.2778
15.7423
15.1984
14.6479
14.0762
13.5048
12.9116
12.3147
11.7031
11.083
10.4549
9.81529
9.17387
8.52244
7.8745
7.21811
6.57498
5.93347
5.29834
4.68586
4.08758
3.51501
2.97219
2.45368
1.97833
1.54137
1.14612
0.799804
0.484943
0.226167
0.0277431
-0.145647
-0.28574
-0.374299
-0.424824
-0.43996
-0.428083
-0.407074
-0.379287
-0.34974
-0.31256
-0.24972
-0.176673
-0.106711
-0.0338056
32.0407
31.9584
31.7734
31.5001
31.1288
30.6697
30.1397
29.5542
28.9463
28.3355
27.746
27.1941
26.6817
26.2127
25.7743
25.3608
24.9595
24.5568
24.1537
23.7341
23.3121
22.8757
22.4358
21.9898
21.5371
21.0834
20.6229
20.1603
19.6924
19.2187
18.7403
18.2548
17.7622
17.2628
16.7508
16.2328
15.7017
15.1592
14.6134
14.0463
13.4774
12.8927
12.2997
11.6958
11.0816
10.4636
9.83185
9.1993
8.55901
7.92305
7.27902
6.64474
6.01857
5.39566
4.79618
4.20967
3.64689
3.11538
2.60594
2.13828
1.70886
1.31311
0.968035
0.657229
0.393762
0.187134
0.00735835
-0.13848
-0.236286
-0.299999
-0.329591
-0.333564
-0.32664
-0.308792
-0.287787
-0.25985
-0.210317
-0.149504
-0.089886
-0.0285434
31.7744
31.682
31.503
31.2377
30.8893
30.4577
29.9611
29.4114
28.8334
28.2495
27.6759
27.132
26.6216
26.1476
25.7062
25.2859
24.8831
24.4799
24.0778
23.6634
23.243
22.8119
22.3738
21.9299
21.4796
21.0258
20.5673
20.1048
19.6376
19.1653
18.6871
18.2039
17.7118
17.215
16.7055
16.1887
15.6623
15.1218
14.5797
14.0175
13.4523
12.8748
12.2856
11.6902
11.082
10.4731
9.84927
9.22558
8.5976
7.97024
7.33965
6.71447
6.10248
5.49277
4.9025
4.32842
3.7759
3.25507
2.75495
2.29255
1.8701
1.47532
1.13149
0.825497
0.555978
0.340813
0.156294
0.00531442
-0.101295
-0.178317
-0.222866
-0.240529
-0.245319
-0.237322
-0.226734
-0.209954
-0.171417
-0.122388
-0.0740027
-0.0231144
31.521
31.4195
31.2446
30.9876
30.6568
30.2506
29.7815
29.2647
28.7141
28.1555
27.5997
27.0647
26.5595
26.0825
25.6388
25.2134
24.8076
24.4041
24.0019
23.5917
23.1733
22.7467
22.3111
21.8696
21.4215
20.9687
20.5115
20.05
19.5834
19.1124
18.6351
18.1534
17.6627
17.1679
16.6609
16.1462
15.6237
15.086
14.5468
13.9904
13.4292
12.8572
12.2734
11.686
11.084
10.4827
9.86816
9.25316
8.63639
8.01704
7.39986
6.78492
6.18479
5.58755
5.00579
4.44518
3.90247
3.39038
2.89977
2.44144
2.02553
1.63459
1.29065
0.987273
0.712639
0.490194
0.302265
0.145117
0.0299891
-0.0595357
-0.119644
-0.148252
-0.16296
-0.166767
-0.167459
-0.161666
-0.133243
-0.0950969
-0.0580444
-0.0177224
31.2783
31.1702
30.9967
30.7486
30.4315
30.0479
29.6031
29.1145
28.5906
28.0543
27.5177
26.9928
26.494
26.0171
25.5712
25.143
24.7331
24.3294
23.9266
23.5191
23.1036
22.6798
22.2479
21.8087
21.3626
20.9122
20.4553
19.996
19.5297
19.0601
18.5842
18.1031
17.6152
17.1212
16.6176
16.1049
15.5858
15.0517
14.515
13.9649
13.4069
12.8408
12.2629
11.6828
11.0873
10.4925
9.88903
9.28138
8.6746
8.0645
7.45949
6.85568
6.26465
5.67985
5.10821
4.55932
4.02571
3.52108
3.04036
2.58656
2.17579
1.79038
1.44478
1.14187
0.865058
0.636512
0.445134
0.280835
0.156282
0.0555641
-0.0178042
-0.0557753
-0.0812231
-0.0984293
-0.109557
-0.114026
-0.0957669
-0.0673623
-0.0418134
-0.0127591
31.0452
30.9329
30.7587
30.5195
30.2136
29.8494
29.4268
28.9622
28.4638
27.9476
27.4302
26.9165
26.4251
25.9508
25.5032
25.0739
24.6599
24.2558
23.852
23.4463
23.0334
22.6121
22.1839
21.7472
21.3035
20.8555
20.3995
19.9422
19.4767
19.0085
18.5339
18.0539
17.5683
17.0753
16.5754
16.0645
15.5488
15.0187
14.4848
13.9403
13.3856
12.8262
12.2539
11.6801
11.092
10.5034
9.91101
9.30966
8.71251
8.11313
7.51821
6.92562
6.3426
5.77059
5.20979
4.66958
4.14554
3.6483
3.17696
2.72825
2.321
1.94137
1.59397
1.2908
1.01415
0.779627
0.583755
0.411944
0.2772
0.168395
0.0849271
0.0354818
-0.00241143
-0.0324236
-0.0523745
-0.0658631
-0.0583753
-0.0400732
-0.0259713
-0.00809415
30.8212
30.7058
30.5307
30.2986
30.0034
29.6551
29.2529
28.8091
28.334
27.8371
27.3374
26.8365
26.3526
25.8828
25.4348
25.005
24.5882
24.1828
23.7785
23.3735
22.9629
22.5443
22.1189
21.6856
21.2441
20.7985
20.3443
19.8881
19.4249
18.9571
18.4844
18.0058
17.5219
17.0308
16.5337
16.0254
15.5127
14.9869
14.456
13.9164
13.366
12.8129
12.2458
11.6777
11.0984
10.5156
9.9326
9.33863
8.75083
8.16229
7.57573
6.99418
6.42009
5.85981
5.30915
4.77632
4.26254
3.77272
3.30907
2.86624
2.46158
2.08679
1.73942
1.43542
1.15898
0.918676
0.717529
0.538807
0.394727
0.280303
0.186955
0.123144
0.0731499
0.0326427
0.00547206
-0.0167314
-0.0218881
-0.0146798
-0.0106314
-0.00315211
30.6059
30.4877
30.3121
30.0851
29.8004
29.465
29.0818
28.6562
28.202
27.7237
27.24
26.7529
26.2766
25.8129
25.3656
24.936
24.5177
24.1105
23.706
23.301
22.8924
22.4764
22.0535
21.6237
21.1842
20.7414
20.2893
19.8343
19.3736
18.9062
18.4359
17.9583
17.4764
16.9876
16.4927
15.9876
15.4774
14.9564
14.4283
13.8936
13.348
12.8002
12.2388
11.6764
11.1063
10.5285
9.95363
9.3693
8.78936
8.21085
7.63244
7.06164
6.49773
5.94649
5.40559
4.88095
4.37666
3.89403
3.43673
3.00042
2.59788
2.22717
1.8817
1.57544
1.29865
1.05383
0.846964
0.66237
0.510393
0.389725
0.285526
0.207662
0.147364
0.0984579
0.0636978
0.0314992
0.0126427
0.0089062
0.00486163
0.0024198
30.3992
30.2778
30.1022
29.8789
29.6038
29.2798
28.9131
28.5044
28.0687
27.608
27.1394
26.6657
26.1979
25.7407
25.2954
24.8668
24.4475
24.0391
23.6343
23.2292
22.8224
22.4084
21.9881
21.5613
21.1243
20.6839
20.2344
19.7808
19.3224
18.8563
18.3879
17.9117
17.4319
16.9451
16.4526
15.9509
15.4431
14.9268
14.4016
13.8719
13.3313
12.7879
12.2335
11.6762
11.1144
10.5424
9.97498
9.40118
8.82749
8.25841
7.6892
7.12836
6.57445
6.03028
5.49973
4.98411
4.4874
4.01196
3.56048
3.13044
2.73053
2.36332
2.01968
1.7108
1.43382
1.18537
0.972448
0.783015
0.623811
0.494855
0.38063
0.291095
0.221646
0.164462
0.120053
0.0774724
0.0459404
0.0321322
0.0209359
0.00823938
30.2006
30.0751
29.9005
29.6797
29.4131
29.0994
28.7468
28.3541
27.9345
27.4907
27.036
26.5753
26.1167
25.666
25.2242
24.7968
24.3777
23.9686
23.5632
23.1584
22.7526
22.3407
21.9227
21.4984
21.0645
20.6261
20.1797
19.7276
19.2714
18.8073
18.3402
17.8661
17.3882
16.9036
16.4134
15.9153
15.41
14.8979
14.3765
13.8512
13.3157
12.7765
12.2295
11.6769
11.1224
10.5578
9.99687
9.43288
8.86545
8.30547
7.74631
7.1938
6.64901
6.11247
5.59214
5.08512
4.59473
4.12643
3.68075
3.25655
2.86001
2.49485
2.15264
1.84277
1.56486
1.31277
1.09439
0.900718
0.734038
0.595879
0.473542
0.374161
0.295594
0.228779
0.173534
0.121844
0.0795072
0.0561928
0.0369019
0.0134744
30.0093
29.8796
29.7061
29.4873
29.2279
28.9236
28.5834
28.2054
27.8003
27.3722
26.9304
26.4824
26.0328
25.5891
25.1518
24.7261
24.3081
23.8984
23.493
23.0883
22.6832
22.2733
21.8572
21.4355
21.0044
20.5682
20.125
19.6746
19.2208
18.7586
18.2933
17.8214
17.3452
16.8633
16.3751
15.8807
15.3779
14.8698
14.3528
13.8311
13.3011
12.7663
12.2262
11.6785
11.1306
10.5746
10.019
9.46377
8.90409
8.35241
7.80284
7.25751
6.72181
6.19429
5.6822
5.18315
4.69921
4.23753
3.79805
3.37907
2.98555
2.62161
2.28163
1.97163
1.69119
1.43611
1.21334
1.01504
0.840621
0.693995
0.564751
0.456245
0.368163
0.290542
0.225018
0.165746
0.114233
0.0807338
0.0513459
0.0178762
29.8244
29.6911
29.5181
29.3015
29.048
28.7523
28.423
28.0584
27.6666
27.2528
26.8235
26.3872
25.9467
25.5103
25.0778
24.6546
24.2385
23.8285
23.4237
23.0189
22.6145
22.2063
21.7918
21.3727
20.9443
20.5105
20.0701
19.6219
19.1706
18.7104
18.2472
17.7775
17.303
16.824
16.3376
15.8469
15.347
14.8424
14.3302
13.8119
13.2874
12.7573
12.2231
11.6813
11.1395
10.5917
10.0415
9.49424
8.94359
8.39886
7.85783
7.32029
6.79371
6.27509
5.76921
5.27829
4.80147
4.34567
3.91229
3.49749
3.10674
2.74482
2.40715
2.09626
1.81316
1.55608
1.32904
1.12554
0.944
0.790043
0.653939
0.536559
0.438626
0.350275
0.275802
0.209698
0.149533
0.104212
0.0638736
0.0220985
29.6454
29.509
29.3363
29.122
28.8732
28.5855
28.2655
27.9132
27.5337
27.1329
26.7156
26.2901
25.8588
25.4297
25.0024
24.5825
24.1684
23.7591
23.3549
22.9501
22.5464
22.1395
21.7269
21.3102
20.8843
20.4531
20.0153
19.5695
19.1206
18.6627
18.2017
17.7344
17.2615
16.7855
16.3013
15.8136
15.3175
14.8159
14.3085
13.7938
13.2746
12.7495
12.2203
11.6853
11.149
10.6086
10.0649
9.52472
8.98311
8.44452
7.91164
7.38291
6.86437
6.35356
5.85378
5.3712
4.90162
4.45085
4.02264
3.61191
3.2246
2.86497
2.52839
2.21644
1.93185
1.67258
1.44098
1.23263
1.04478
0.883906
0.740685
0.614588
0.506947
0.40916
0.326461
0.253122
0.183819
0.125981
0.0757321
0.0267343
29.472
29.3329
29.1603
28.9482
28.7034
28.4229
28.1112
27.77
27.4017
27.0131
26.6069
26.1917
25.7695
25.3473
24.9259
24.5094
24.098
23.6899
23.2863
22.8821
22.4788
22.0734
21.6624
21.2478
20.8247
20.3956
19.9607
19.5173
19.0708
18.6156
18.1565
17.6921
17.2209
16.7478
16.2662
15.7809
15.2892
14.7903
14.2873
13.777
13.2623
12.7425
12.2181
11.69
11.1589
10.6256
10.0892
9.55522
9.0218
8.48983
7.96495
7.44483
6.93303
6.42967
5.93713
5.46194
4.99899
4.5528
4.12913
3.72345
3.3395
2.98116
2.64516
2.33303
2.04745
1.78518
1.5494
1.3367
1.1429
0.975199
0.824911
0.690293
0.573696
0.467795
0.376447
0.295006
0.216285
0.147041
0.0882527
0.0316096
29.3035
29.1624
28.9897
28.7798
28.5385
28.2643
27.96
27.6288
27.2709
26.8935
26.4979
26.0923
25.679
25.2635
24.8483
24.4353
24.0271
23.6207
23.2179
22.8149
22.4117
22.0079
21.5985
21.1858
20.7655
20.3382
19.9064
19.4654
19.0213
18.5691
18.1116
17.6505
17.1812
16.7107
16.2322
15.749
15.2618
14.7656
14.2668
13.7615
13.2506
12.7362
12.2171
11.6949
11.1695
10.6427
10.1137
9.58576
9.05954
8.53523
8.01774
7.50504
6.99992
6.50437
6.01932
5.54981
5.09318
4.65196
4.23276
3.83223
3.45054
3.09318
2.75832
2.44649
2.15948
1.89405
1.65458
1.4376
1.23835
1.06391
0.90672
0.763944
0.639193
0.525757
0.425103
0.335038
0.247385
0.168584
0.101531
0.0361997
29.1399
28.9973
28.8241
28.6166
28.3782
28.1098
27.8122
27.4897
27.1415
26.7742
26.3889
25.9923
25.5875
25.1786
24.7695
24.3606
23.9557
23.5515
23.1497
22.7482
22.3454
21.9429
21.5352
21.1241
20.7066
20.2812
19.8523
19.4139
18.972
18.5231
18.0673
17.6094
17.1425
16.6741
16.1992
15.7182
15.2348
14.7422
14.2471
13.7467
13.2397
12.7308
12.2168
11.6999
11.1808
10.66
10.1381
9.61638
9.09673
8.58055
8.06951
7.56348
7.06591
6.57787
6.09927
5.63482
5.18471
4.74892
4.33373
3.93716
3.55764
3.20195
2.86837
2.55646
2.26765
1.99957
1.75645
1.53544
1.33137
1.14993
0.98614
0.835728
0.703376
0.582556
0.472293
0.373441
0.277908
0.190881
0.114801
0.0402491
28.9809
28.837
28.6634
28.4582
28.2224
27.9593
27.6676
27.3529
27.0137
26.6556
26.2801
25.8919
25.4954
25.093
24.6897
24.2853
23.8835
23.4823
23.0818
22.682
22.2799
21.8784
21.4726
21.0629
20.6481
20.2249
19.7983
19.363
18.923
18.4774
18.0237
17.5685
17.1049
16.6381
16.1672
15.6884
15.2082
14.7202
14.228
13.7325
13.23
12.7257
12.2173
11.7052
11.1925
10.6776
10.1621
9.64701
9.13385
8.62505
8.12015
7.62097
7.13102
6.64937
6.17665
5.71785
5.274
4.84339
4.43145
4.03811
3.66177
3.30792
2.97492
2.66254
2.37221
2.10205
1.8552
1.63052
1.42164
1.23317
1.06329
0.905879
0.766234
0.637742
0.517963
0.410733
0.308463
0.213362
0.127292
0.0438792
28.8264
28.6813
28.5073
28.3042
28.0709
27.8124
27.5263
27.2184
26.8874
26.5377
26.1716
25.7914
25.4028
25.0068
24.609
24.2095
23.8108
23.413
23.0141
22.616
22.2153
21.8144
21.4106
21.0022
20.5898
20.1692
19.7445
19.3125
18.8745
18.432
17.981
17.528
17.068
16.6031
16.1357
15.6598
15.1823
14.6991
14.2097
13.7189
13.2211
12.7211
12.2182
11.7111
11.2044
10.6954
10.1857
9.67775
9.17091
8.66824
8.17017
7.67788
7.19435
6.71874
6.25216
5.79924
5.36071
4.93477
4.52603
4.13604
3.76324
3.41058
3.07767
2.76496
2.47372
2.20162
1.95095
1.72254
1.50882
1.31402
1.13845
0.974588
0.82733
0.690803
0.562566
0.447712
0.338922
0.235003
0.138812
0.0474611
28.6763
28.53
28.3556
28.1542
27.9238
27.669
27.3884
27.0863
26.763
26.4209
26.0634
25.6911
25.3099
24.9203
24.5277
24.1332
23.7378
23.3433
22.9467
22.5502
22.1514
21.751
21.3491
20.9423
20.5319
20.1141
19.6912
19.2625
18.8265
18.3868
17.939
17.4878
17.0316
16.5691
16.1047
15.6323
15.1573
14.6784
14.1925
13.7058
13.213
12.717
12.2195
11.7178
11.2164
10.7133
10.2095
9.70834
9.20745
8.71046
8.21979
7.73365
7.25564
6.78655
6.3261
5.87855
5.44457
5.02319
4.61815
4.23138
3.86135
3.50958
3.17706
2.86431
2.57231
2.29803
2.04358
1.81132
1.59335
1.39295
1.21159
1.04146
0.886076
0.742213
0.606958
0.484374
0.368277
0.255259
0.149973
0.0513343
28.5306
28.3828
28.2081
28.0082
27.7806
27.5291
27.2537
26.9568
26.6405
26.3054
25.9557
25.5911
25.2167
24.8339
24.4459
24.0565
23.6646
23.2733
22.8796
22.4846
22.088
21.6886
21.2881
20.8832
20.4744
20.0595
19.6386
19.2127
18.7794
18.3421
17.8975
17.4484
16.9957
16.5359
16.0741
15.6057
15.1331
14.6581
14.1763
13.6932
13.2054
12.7136
12.2213
11.725
11.2284
10.7313
10.2334
9.73819
9.24348
8.75233
8.26846
7.78798
7.31547
6.85298
6.3982
5.95545
5.52583
5.10915
4.70798
4.32377
3.95573
3.60539
3.27372
2.96065
2.66753
2.39112
2.13328
1.89726
1.67559
1.46978
1.28236
1.10602
0.942962
0.792941
0.650874
0.519793
0.395951
0.274739
0.161555
0.0554267
28.3892
28.2397
28.0647
27.866
27.6411
27.3927
27.122
26.8299
26.5199
26.1913
25.8486
25.4916
25.1236
24.7474
24.3642
23.9793
23.5914
23.2029
22.8127
22.4193
22.0248
21.627
21.2276
20.8248
20.4175
20.0052
19.5868
19.1632
18.7329
18.2978
17.8565
17.4099
16.96
16.5036
16.0443
15.5797
15.1099
14.6384
14.1609
13.6813
13.1983
12.711
12.2234
11.7324
11.2405
10.7496
10.2571
9.76728
9.27928
8.79384
8.31569
7.84115
7.37426
6.91771
6.46824
6.03002
5.60496
5.1928
4.79507
4.41299
4.04685
3.69852
3.36758
3.05361
2.75926
2.48132
2.22044
1.98054
1.75533
1.54414
1.35068
1.16861
0.99886
0.842697
0.693262
0.553725
0.422516
0.294295
0.173569
0.0593577
28.2521
28.1005
27.9253
27.7273
27.5052
27.2596
26.9932
26.7057
26.4012
26.0789
25.7424
25.3926
25.0308
24.6608
24.2827
23.9019
23.5183
23.1326
22.7456
22.3546
21.9619
21.5662
21.1678
20.767
20.3615
19.9514
19.5356
19.1143
18.687
18.2542
17.8158
17.3721
16.9247
16.4718
16.0153
15.5543
15.0878
14.6194
14.1461
13.67
13.1916
12.7089
12.2258
11.7399
11.253
10.7677
10.2805
9.79607
9.31469
8.8346
8.3616
7.89346
7.4319
6.98048
6.53622
6.10257
5.68215
5.27385
4.87911
4.49944
4.13538
3.7888
3.45815
3.14331
2.848
2.56888
2.30497
2.06103
1.83234
1.61611
1.41694
1.22967
1.05358
0.89057
0.734068
0.586818
0.448606
0.31395
0.185403
0.0629351
28.1189
27.9651
27.7898
27.5921
27.3727
27.1298
26.8673
26.5843
26.2844
25.9682
25.6372
25.2942
24.9384
24.5742
24.2015
23.8245
23.4451
23.0624
22.6784
22.2903
21.8993
21.5059
21.1089
20.7098
20.3063
19.898
19.485
19.066
18.6415
18.2114
17.7757
17.3348
16.8901
16.4406
15.9871
15.5294
15.0665
14.6012
14.1318
13.6595
13.1854
12.7073
12.2285
11.7478
11.2658
10.7855
10.3038
9.8247
9.34926
8.87452
8.40665
7.94479
7.48811
7.04134
6.60235
6.17336
5.75716
5.35204
4.96039
4.58361
4.22135
3.87571
3.54548
3.23036
2.93398
2.65354
2.3867
2.13884
1.90676
1.68596
1.48138
1.289
1.10651
0.936628
0.773932
0.619376
0.474214
0.333164
0.196642
0.0663062
27.9896
27.8336
27.6581
27.4606
27.2432
27.0033
26.7441
26.4656
26.1698
25.8592
25.5335
25.1964
24.8467
24.4878
24.1206
23.7473
23.3718
22.9925
22.6112
22.2263
21.8372
21.4461
21.0509
20.6532
20.2519
19.8453
19.4349
19.0185
18.5965
18.1692
17.7361
17.2981
16.8563
16.4099
15.9595
15.5052
15.0457
14.5837
14.118
13.6495
13.1797
12.7059
12.2315
11.7559
11.2785
10.8031
10.3271
9.85293
9.38285
8.91377
8.451
7.99476
7.54277
7.10059
6.66686
6.24221
5.8296
5.42772
5.03941
4.66539
4.30439
3.95929
3.63011
3.31497
3.01696
2.73509
2.46583
2.21425
1.97868
1.75378
1.54388
1.34625
1.15772
0.981447
0.812926
0.651207
0.49912
0.351539
0.207365
0.0696998
27.8637
27.7058
27.5299
27.3326
27.1168
26.8799
26.6236
26.3494
26.0575
25.7518
25.4313
25.0993
24.7557
24.4017
24.04
23.6708
23.2987
22.9229
22.5442
22.1625
21.7758
21.3866
20.9937
20.5973
20.1981
19.7935
19.3852
18.9716
18.5521
18.1277
17.6972
17.262
16.8231
16.3797
15.9326
15.4815
15.0255
14.5669
14.1048
13.6401
13.1743
12.7048
12.2348
11.7642
11.2913
10.8207
10.3503
9.88062
9.41567
8.95244
8.49445
8.04317
7.5961
7.15857
6.7296
6.30875
5.89967
5.50148
5.11608
4.74428
4.38452
4.0402
3.71222
3.39676
3.0969
2.81375
2.54259
2.28732
2.04817
1.8195
1.60426
1.40155
1.20758
1.02509
0.850715
0.682239
0.523203
0.369034
0.217887
0.0731986
27.7412
27.5817
27.4052
27.2083
26.9934
26.7593
26.5059
26.2356
25.9477
25.6461
25.3307
25.0034
24.6654
24.3163
23.9595
23.5947
23.2258
22.8537
22.4776
22.0989
21.7149
21.3276
20.9371
20.5423
20.145
19.7426
19.3361
18.9253
18.5084
18.0867
17.6591
17.2265
16.7906
16.3501
15.9061
15.4584
15.0059
14.5507
14.0923
13.6312
13.1693
12.7042
12.2384
11.7724
11.3042
10.8382
10.373
9.90787
9.44795
8.99028
8.53673
8.09026
7.64835
7.21511
6.79026
6.3731
5.96787
5.57327
5.18998
4.82022
4.46232
4.11885
3.79136
3.47552
3.17424
2.88979
2.61689
2.35804
2.11525
1.88298
1.66267
1.45519
1.25607
1.06732
0.887236
0.712532
0.546426
0.385854
0.228402
0.0767191
27.6218
27.461
27.2838
27.0875
26.8731
26.6416
26.3909
26.1242
25.8402
25.5423
25.2317
24.9087
24.5758
24.2317
23.8793
23.5192
23.1535
22.7847
22.4116
22.0354
21.6545
21.2692
20.881
20.4883
20.0926
19.6925
19.2878
18.8796
18.4653
18.0464
17.6218
17.1917
16.7586
16.3211
15.8801
15.4359
14.9868
14.5351
14.0805
13.6227
13.1647
12.704
12.242
11.7807
11.3172
10.8556
10.3952
9.93487
9.47964
9.02705
8.57795
8.13633
7.69934
7.26987
6.849
6.43577
6.03415
5.64261
5.26119
4.8937
4.53802
4.19492
3.86726
3.55164
3.2493
2.96314
2.6886
2.42645
2.17999
1.94427
1.71938
1.50718
1.30289
1.10814
0.922641
0.742026
0.568885
0.402221
0.238817
0.0801344
27.5053
27.3437
27.1656
26.9699
26.756
26.5265
26.2786
26.015
25.735
25.4404
25.1342
24.8155
24.487
24.148
23.7997
23.4441
23.0819
22.7161
22.3461
21.9723
21.5945
21.2115
20.8255
20.435
20.041
19.6432
19.2404
18.8344
18.423
18.0066
17.585
17.1577
16.7272
16.2928
15.8547
15.4139
14.9682
14.5199
14.0692
13.6147
13.1604
12.704
12.2458
11.7889
11.3303
10.8726
10.4171
9.96158
9.51058
9.0628
8.61832
8.18129
7.74876
7.32294
6.90625
6.49681
6.09809
5.70944
5.33029
4.96501
4.61118
4.26816
3.94042
3.62545
3.32196
3.03375
2.75766
2.49264
2.24255
2.00355
1.77441
1.55723
1.34808
1.14784
0.95692
0.77059
0.590774
0.418174
0.248889
0.0834001
27.3919
27.2295
27.0506
26.8555
26.6422
26.4141
26.169
25.9081
25.632
25.3408
25.0382
24.7238
24.3993
24.0651
23.7208
23.3694
23.0109
22.6481
22.2812
21.9099
21.5348
21.1544
20.7705
20.3825
19.9903
19.5945
19.1939
18.79
18.3813
17.9675
17.5489
17.1243
16.6965
16.2651
15.8298
15.3923
14.9503
14.5052
14.0581
13.6074
13.1564
12.7041
12.2498
11.7971
11.3432
10.8895
10.4387
9.98783
9.54076
9.09774
8.65777
8.22487
7.79666
7.37464
6.96198
6.55592
6.15967
5.77414
5.39762
5.03382
4.6814
4.33899
4.0114
3.69667
3.392
3.10178
2.8242
2.55674
2.30313
2.06081
1.82747
1.60543
1.39198
1.18645
0.989876
0.798217
0.612235
0.433607
0.258465
0.0865496
27.2814
27.1183
26.9388
26.744
26.5317
26.3045
26.0619
25.8036
25.531
25.2433
24.944
24.6336
24.3129
23.983
23.6429
23.2953
22.9407
22.5807
22.2169
21.8481
21.4755
21.098
20.7162
20.3306
19.9404
19.5466
19.1483
18.7463
18.3402
17.929
17.5133
17.0917
16.6664
16.238
15.8057
15.3712
14.9329
14.4909
14.0474
13.6005
13.1528
12.7045
12.2541
11.8052
11.3558
10.9063
10.4599
10.0135
9.57032
9.1319
8.69614
8.2671
7.84327
7.42501
7.0159
6.61307
6.2193
5.83693
5.46283
5.09989
4.74899
4.40789
4.08006
3.76499
3.45957
3.16754
2.88835
2.61877
2.36164
2.11587
1.87864
1.65219
1.43459
1.22368
1.02153
0.825031
0.633264
0.44844
0.26754
0.0896164
27.1741
27.0099
26.8301
26.6354
26.4241
26.1977
25.9572
25.7016
25.4321
25.1479
24.8516
24.5449
24.2278
23.9019
23.566
23.2219
22.8711
22.5141
22.1532
21.7872
21.4169
21.0421
20.6626
20.2793
19.8914
19.4995
19.1034
18.7035
18.2998
17.8912
17.4783
17.0598
16.637
16.2115
15.7821
15.3506
14.9158
14.4771
14.0371
13.594
13.1495
12.7051
12.2586
11.8132
11.3683
10.9229
10.4805
10.0386
9.59934
9.16516
8.73344
8.3081
7.88861
7.47391
7.0679
6.66847
6.27731
5.89753
5.52556
5.16364
4.81446
4.47459
4.1461
3.83063
3.52492
3.23118
2.95017
2.6785
2.418
2.16891
1.92825
1.69756
1.47549
1.25952
1.0522
0.851034
0.653709
0.462675
0.276194
0.0926144
27.0699
26.9044
26.7244
26.5297
26.3195
26.094
25.8551
25.6019
25.3352
25.0545
24.7612
24.4578
24.1442
23.8219
23.49
23.1494
22.8021
22.4483
22.0901
21.727
21.359
20.9868
20.6098
20.2287
19.8432
19.4533
19.0594
18.6615
18.2601
17.8542
17.4439
17.0284
16.6084
16.1856
15.7592
15.3305
14.8991
14.4637
14.0271
13.5878
13.1465
12.7058
12.2631
11.8212
11.3805
10.9392
10.5007
10.0632
9.62774
9.19746
8.76977
8.34794
7.93254
7.52127
7.11813
6.72228
6.33361
5.95572
5.58601
5.22561
4.87766
4.53861
4.20976
3.89403
3.58807
3.29264
3.00956
2.73587
2.47246
2.22027
1.97626
1.74115
1.51466
1.2944
1.08203
0.876004
0.673429
0.476435
0.284551
0.0955273
26.9687
26.8018
26.6215
26.4269
26.2176
25.9931
25.7555
25.5045
25.2405
24.963
24.6727
24.3723
24.0621
23.7431
23.4151
23.0779
22.7339
22.3834
22.0279
21.6676
21.3019
20.9321
20.5576
20.1789
19.7957
19.408
19.0162
18.6204
18.2213
17.8178
17.4101
16.9977
16.5805
16.1604
15.737
15.3109
14.8827
14.4509
14.0173
13.5818
13.144
12.7066
12.2677
11.8292
11.3925
10.9552
10.5204
10.0872
9.65546
9.22885
8.80515
8.38664
7.97499
7.56712
7.16681
6.77438
6.38802
6.01173
5.64454
5.28571
4.93825
4.60008
4.27146
3.9553
3.64881
3.35179
3.06665
2.79116
2.52519
2.26981
2.02235
1.783
1.5526
1.32836
1.11075
0.899825
0.692466
0.489911
0.292659
0.0982898
26.8703
26.7021
26.5214
26.3269
26.1183
25.8951
25.6586
25.4095
25.1479
24.8734
24.5862
24.2886
23.9814
23.6657
23.3412
23.0075
22.6666
22.3192
21.9665
21.6089
21.2458
20.8782
20.5062
20.1297
19.749
19.3635
18.9738
18.5802
18.1832
17.7822
17.3771
16.9675
16.5531
16.1357
15.7152
15.2919
14.8668
14.4383
14.0079
13.576
13.1416
12.7075
12.2724
11.8373
11.4042
10.9708
10.5397
10.1106
9.68251
9.25933
8.83958
8.42424
8.0159
7.61156
7.21405
6.82454
6.44054
6.066
5.7011
5.34355
4.99644
4.6594
4.33118
4.01424
3.70705
3.40876
3.12178
2.84451
2.57596
2.31732
2.06664
1.82362
1.58936
1.36099
1.13834
0.922695
0.710928
0.503139
0.300443
0.100862
26.7746
26.6054
26.424
26.2297
26.0217
25.7997
25.5644
25.3169
25.0575
24.7858
24.5016
24.2067
23.9024
23.5897
23.2685
22.9382
22.6003
22.2559
21.9059
21.5511
21.1906
20.8252
20.4555
20.0814
19.7031
19.3199
18.9322
18.5408
18.1459
17.7474
17.3448
16.9379
16.5264
16.1117
15.694
15.2735
14.8513
14.4261
13.9989
13.5703
13.1394
12.7086
12.2771
11.8453
11.4156
10.9861
10.5584
10.1333
9.70889
9.28896
8.87302
8.46071
8.05536
7.65467
7.25977
6.87272
6.49139
6.11866
5.75542
5.39911
5.05268
4.71663
4.38861
4.07085
3.76304
3.46379
3.17504
2.89574
2.62463
2.363
2.1095
1.86302
1.62456
1.39217
1.16511
0.944806
0.728736
0.515967
0.307873
0.103299
26.6815
26.5116
26.3294
26.1352
25.9278
25.7069
25.4728
25.2267
24.9694
24.7003
24.4189
24.1266
23.825
23.5151
23.1971
22.8701
22.5351
22.1936
21.8463
21.4941
21.1363
20.7731
20.4057
20.0339
19.6579
19.2771
18.8916
18.5023
18.1095
17.7134
17.3132
16.9089
16.5003
16.0883
15.6734
15.2558
14.8363
14.4143
13.9901
13.5648
13.1374
12.7097
12.2818
11.8532
11.4268
11.001
10.5767
10.1553
9.73461
9.31781
8.90537
8.49606
8.09358
7.69634
7.30384
6.91913
6.54062
6.16949
5.80749
5.4527
5.10712
4.77155
4.44365
4.12538
3.81705
3.51687
3.2262
2.94481
2.67145
2.40713
2.15083
1.90084
1.65823
1.42224
1.19118
0.966113
0.745728
0.528304
0.315074
0.105673
26.591
26.4205
26.2377
26.0434
25.8365
25.6166
25.3839
25.139
24.8834
24.6167
24.338
24.0485
23.7494
23.4421
23.127
22.8031
22.4711
22.1323
21.7877
21.4381
21.0828
20.7221
20.3567
19.9871
19.6135
19.2351
18.8519
18.4646
18.074
17.6801
17.2823
16.8807
16.4748
16.0655
15.6534
15.2385
14.8217
14.4028
13.9816
13.5595
13.1355
12.711
12.2864
11.8612
11.4378
11.0156
10.5945
10.1766
9.75963
9.34583
8.93658
8.53041
8.13064
7.73637
7.34638
6.96402
6.58803
6.21836
5.85764
5.5045
5.15955
4.82413
4.49656
4.17801
3.86906
3.56778
3.27527
2.99203
2.71665
2.44962
2.19035
1.93708
1.69078
1.45129
1.21631
0.986574
0.761907
0.540205
0.322161
0.107982
26.5031
26.3321
26.1488
25.9542
25.7479
25.5289
25.2974
25.0539
24.7997
24.5352
24.2591
23.9722
23.6755
23.3706
23.0582
22.7374
22.4084
22.0722
21.7301
21.383
21.0303
20.672
20.3088
19.9413
19.5699
19.1939
18.813
18.4279
18.0393
17.6475
17.2523
16.8531
16.4498
16.0432
15.6339
15.2217
14.8077
14.3916
13.9734
13.5544
13.1337
12.7122
12.291
11.869
11.4486
11.0297
10.6118
10.1971
9.78387
9.373
8.96675
8.56378
8.1664
7.7748
7.38756
7.00735
6.63345
6.26544
5.90612
5.55436
5.20983
4.87461
4.54752
4.22868
3.91891
3.61657
3.32251
3.03754
2.7601
2.49031
2.22811
1.97205
1.72234
1.4791
1.24036
1.00632
0.777419
0.551691
0.329096
0.110202
26.4178
26.2464
26.0626
25.8678
25.6618
25.4436
25.2134
24.9712
24.7184
24.4557
24.1821
23.8977
23.6035
23.3008
22.991
22.673
22.3468
22.0133
21.6736
21.3289
20.9788
20.6229
20.2618
19.8964
19.5272
19.1536
18.775
18.392
18.0054
17.6158
17.2229
16.8262
16.4256
16.0215
15.6148
15.2055
14.7941
14.3808
13.9655
13.5494
13.132
12.7135
12.2954
11.8766
11.4591
11.0435
10.6287
10.217
9.80723
9.39931
8.99597
8.59601
8.20087
7.81188
7.42734
7.04896
6.67701
6.31092
5.95287
5.60211
5.25814
4.92327
4.59649
4.27724
3.96663
3.66345
3.36806
3.08124
2.80166
2.5293
2.26444
2.00577
1.75268
1.50561
1.26343
1.02549
0.79235
0.562671
0.335787
0.112353
26.3352
26.1632
25.9792
25.7841
25.5783
25.3609
25.1319
24.8911
24.6395
24.3785
24.107
23.8252
23.5334
23.2328
22.9253
22.61
22.2866
21.9557
21.6183
21.2759
20.9283
20.5748
20.216
19.8525
19.4853
19.1141
18.7378
18.357
17.9725
17.585
17.1943
16.8001
16.402
16.0004
15.5963
15.1897
14.7809
14.3704
13.9579
13.5446
13.1303
12.7149
12.2997
11.8842
11.4695
11.0569
10.6451
10.2363
9.82969
9.42481
9.02421
8.62702
8.23422
7.84767
7.46554
7.08893
6.71897
6.35474
5.99769
5.64786
5.30471
4.97008
4.64333
4.32371
4.01242
3.70858
3.41183
3.12301
2.84144
2.56686
2.29942
2.038
1.78167
1.53108
1.28563
1.04402
0.806692
0.573082
0.34221
0.114467
26.255
26.0826
25.8984
25.7031
25.4974
25.2807
25.0528
24.8133
24.563
24.3034
24.034
23.7544
23.465
23.1666
22.8612
22.5484
22.2276
21.8994
21.5643
21.224
20.8789
20.5277
20.1712
19.8097
19.4444
19.0754
18.7016
18.323
17.9405
17.5549
17.1665
16.7746
16.379
15.9799
15.5783
15.1744
14.7682
14.3603
13.9506
13.5399
13.1287
12.7162
12.3039
11.8915
11.4796
11.0698
10.6611
10.2549
9.85131
9.44946
9.0514
8.65691
8.26651
7.88208
7.50216
7.12746
6.75934
6.39672
6.04063
5.69185
5.34954
5.01493
4.6881
4.36827
4.05645
3.75185
3.45365
3.163
2.87967
2.60301
2.33292
2.06863
1.80948
1.55572
1.3069
1.06177
0.820468
0.583001
0.348374
0.116529
26.1775
26.0045
25.8203
25.6248
25.4192
25.2031
24.9761
24.7379
24.4889
24.2306
23.963
23.6856
23.3986
23.1023
22.7987
22.4883
22.1701
21.8444
21.5116
21.1734
20.8305
20.4817
20.1274
19.7681
19.4046
19.0376
18.6661
18.2898
17.9094
17.5257
17.1394
16.7499
16.3567
15.9601
15.5608
15.1595
14.7559
14.3506
13.9435
13.5354
13.127
12.7175
12.3081
11.8986
11.4894
11.0823
10.6765
10.2728
9.87213
9.47318
9.07758
8.68575
8.29765
7.9151
7.53735
7.16456
6.79803
6.43687
6.08188
5.73412
5.3925
5.05785
4.73098
4.41108
4.09865
3.79309
3.49365
3.20148
2.91638
2.63756
2.36486
2.09792
1.83626
1.57941
1.32715
1.07871
0.833778
0.592543
0.354237
0.118491
26.1025
25.929
25.7447
25.5492
25.3436
25.1279
24.9018
24.665
24.4172
24.1601
23.8941
23.6187
23.3339
23.0398
22.7381
22.4298
22.1139
21.7907
21.4603
21.124
20.7832
20.4368
20.0848
19.7275
19.3658
19.0008
18.6316
18.2575
17.8792
17.4975
17.1131
16.7259
16.3351
15.9408
15.5439
15.145
14.744
14.3413
13.9368
13.5312
13.1253
12.7188
12.3121
11.9054
11.499
11.0944
10.6914
10.2903
9.89219
9.49595
9.10279
8.71348
8.32757
7.94685
7.57116
7.20015
6.83503
6.47533
6.12152
5.77458
5.43354
5.09902
4.77214
4.45207
4.13888
3.8324
3.53205
3.23846
2.95142
2.67043
2.39546
2.12614
1.86188
1.60198
1.34646
1.09494
0.846662
0.601718
0.359751
0.120338
26.0301
25.856
25.6716
25.4763
25.2707
25.0553
24.83
24.5943
24.3479
24.092
23.8274
23.5538
23.2712
22.9792
22.6793
22.3729
22.0592
21.7385
21.4104
21.0761
20.7372
20.393
20.0432
19.6881
19.3282
18.965
18.5979
18.2261
17.85
17.4701
17.0877
16.7026
16.3141
15.9222
15.5276
15.1309
14.7325
14.3323
13.9303
13.5271
13.1238
12.72
12.3159
11.912
11.5082
11.1061
10.7057
10.3071
9.91148
9.51781
9.12703
8.74006
8.35629
7.97739
7.60357
7.23421
6.87046
6.5122
6.15948
5.81319
5.47276
5.13854
4.81157
4.49112
4.1772
3.87008
3.56887
3.27373
2.9848
2.70185
2.42488
2.15318
1.88613
1.62348
1.36504
1.11048
0.859012
0.610487
0.364969
0.122101
25.9604
25.7856
25.6011
25.4059
25.2005
24.9854
24.7606
24.5261
24.281
24.0262
23.763
23.491
23.2103
22.9204
22.6223
22.3177
22.0062
21.6876
21.3619
21.0296
20.6925
20.3503
20.0027
19.6498
19.2918
18.9302
18.5651
18.1955
17.8216
17.4437
17.063
16.68
16.2938
15.9042
15.5119
15.1173
14.7213
14.3236
13.9241
13.5233
13.1223
12.721
12.3196
11.9184
11.5172
11.1174
10.7195
10.3234
9.93
9.5388
9.15027
8.76545
8.38385
8.00673
7.6346
7.26679
6.9044
6.54745
6.1957
5.85006
5.5103
5.17638
4.84917
4.52829
4.21388
3.90615
3.60389
3.30726
3.01673
2.732
2.45301
2.17885
1.90917
1.64409
1.3829
1.12527
0.87072
0.618906
0.370007
0.123787
25.8934
25.7179
25.5331
25.3381
25.1329
24.918
24.6937
24.4601
24.2164
23.9628
23.7008
23.4302
23.1513
22.8635
22.5673
22.2644
21.9547
21.6382
21.3148
20.9845
20.6491
20.3089
19.9634
19.6126
19.2566
18.8966
18.5334
18.1658
17.7941
17.4182
17.0393
16.6582
16.2741
15.8868
15.4967
15.1043
14.7105
14.3151
13.9181
13.5198
13.1209
12.722
12.3231
11.9245
11.5258
11.1283
10.7328
10.339
9.94778
9.55894
9.1725
8.78973
8.41024
8.03485
7.66427
7.29795
6.93684
6.58106
6.23024
5.88531
5.54614
5.21242
4.885
4.56384
4.24899
3.94043
3.63709
3.33925
3.04735
2.76082
2.47962
2.20323
1.93131
1.66381
1.39987
1.13927
0.881848
0.627057
0.374897
0.125371
25.829
25.6528
25.4677
25.2728
25.0679
24.8534
24.6294
24.3966
24.1541
23.9018
23.6409
23.3717
23.0944
22.8086
22.5141
22.2128
21.9049
21.5904
21.2691
20.9409
20.6072
20.2689
19.9252
19.5766
19.2225
18.8642
18.5027
18.1371
17.7674
17.3937
17.0164
16.6371
16.2551
15.87
15.4821
15.0918
14.7
14.307
13.9123
13.5163
13.1196
12.7229
12.3264
11.9303
11.5341
11.1388
10.7455
10.3538
9.96483
9.57819
9.19376
8.81293
8.43543
8.06171
7.69264
7.32773
6.96778
6.61306
6.26318
5.91895
5.58023
5.24668
4.91919
4.59783
4.28236
3.9729
3.66871
3.36984
3.07652
2.78813
2.50485
2.2266
1.95253
1.68242
1.41591
1.15264
0.892502
0.634886
0.379571
0.126861
25.7671
25.5905
25.4049
25.2101
25.0054
24.7913
24.5678
24.3356
24.0942
23.8431
23.5833
23.3153
23.0395
22.7555
22.4629
22.1632
21.857
21.5442
21.225
20.8987
20.5668
20.2301
19.8883
19.5416
19.1896
18.833
18.473
18.1093
17.7416
17.37
16.9945
16.6168
16.2368
15.8538
15.4681
15.0798
14.69
14.2991
13.9067
13.513
13.1185
12.7239
12.3296
11.9358
11.542
11.149
10.7576
10.3681
9.98111
9.59655
9.21413
8.83509
8.45941
8.0873
7.71971
7.35615
6.99723
6.64351
6.29455
5.95093
5.61262
5.27929
4.95179
4.63015
4.31399
4.00376
3.69887
3.39889
3.10411
2.81405
2.52898
2.24894
1.97259
1.69997
1.43118
1.16547
0.90264
0.642252
0.384013
0.12831
25.7078
25.5308
25.3448
25.1499
24.9455
24.7318
24.5088
24.277
24.0367
23.7868
23.5281
23.2613
22.9867
22.7044
22.4136
22.1154
21.8108
21.4997
21.1823
20.8581
20.5279
20.1929
19.8528
19.5079
19.1579
18.8029
18.4446
18.0826
17.7167
17.3471
16.9736
16.5974
16.2192
15.8382
15.4546
15.0684
14.6804
14.2915
13.9013
13.5098
13.1175
12.7248
12.3326
11.941
11.5496
11.1586
10.7692
10.3817
9.9966
9.61407
9.23359
8.85619
8.48218
8.11164
7.74548
7.38323
7.02524
6.67245
6.32433
5.98126
5.6434
5.3103
4.98273
4.66077
4.34403
4.03314
3.72749
3.42633
3.13018
2.83878
2.55206
2.26998
1.99149
1.71671
1.44576
1.17766
0.912167
0.649159
0.388294
0.129741
25.6511
25.4737
25.2874
25.0924
24.8882
24.6749
24.4524
24.2211
23.9815
23.7328
23.4753
23.2096
22.9361
22.6553
22.3663
22.0696
21.7665
21.4569
21.1413
20.8191
20.4905
20.157
19.8186
19.4754
19.1273
18.7741
18.4173
18.0569
17.6928
17.3251
16.9535
16.5789
16.2024
15.8232
15.4416
15.0575
14.6713
14.2842
13.8961
13.5067
13.1165
12.7258
12.3355
11.9459
11.5567
11.1678
10.7804
10.3947
10.0113
9.63072
9.2521
8.87625
8.50382
8.13474
7.76991
7.40895
7.05189
6.6999
6.35253
6.00997
5.67258
5.33972
5.01199
4.68975
4.37259
4.061
3.7545
3.45225
3.15491
2.86233
2.57386
2.28973
2.00947
1.73273
1.45951
1.1891
0.921149
0.655734
0.392411
0.131105
25.5969
25.4193
25.2327
25.0376
24.8336
24.6206
24.3986
24.1678
23.9288
23.6812
23.4248
23.1603
22.8878
22.6083
22.321
22.0258
21.7241
21.416
21.1019
20.7815
20.4546
20.1227
19.7859
19.4442
19.098
18.7465
18.3912
18.0324
17.6699
17.3039
16.9343
16.5613
16.1863
15.8089
15.4291
15.047
14.6627
14.2773
13.8911
13.5038
13.1156
12.7268
12.3382
11.9505
11.5633
11.1766
10.791
10.407
10.0254
9.64647
9.26963
8.8953
8.52434
8.15662
7.79299
7.43331
7.0772
6.72587
6.37919
6.03711
5.70015
5.36755
5.03962
4.71714
4.39965
4.08729
3.77994
3.4768
3.17833
2.88448
2.59435
2.30846
2.02659
1.74784
1.47237
1.19985
0.929731
0.662001
0.396256
0.132369
25.5454
25.3675
25.1808
24.9855
24.7816
24.5689
24.3475
24.1171
23.8787
23.632
23.3767
23.1132
22.8418
22.5634
22.2776
21.984
21.6837
21.3769
21.0643
20.7456
20.4204
20.0899
19.7546
19.4145
19.0698
18.7202
18.3662
18.009
17.648
17.2837
16.9159
16.5445
16.171
15.7952
15.4172
15.037
14.6545
14.2707
13.8863
13.5009
13.1146
12.7278
12.3409
11.9548
11.5696
11.1848
10.8011
10.4188
10.0386
9.66131
9.2862
8.91337
8.54375
8.1773
7.81476
7.45629
7.10115
6.75039
6.40434
6.06272
5.72612
5.39381
5.06572
4.74298
4.42515
4.11204
3.80394
3.50003
3.20037
2.90518
2.61372
2.3263
2.04269
1.76198
1.48447
1.21005
0.9379
0.667859
0.399792
0.133558
25.4965
25.3184
25.1316
24.9362
24.7323
24.5199
24.2989
24.0691
23.8312
23.5852
23.3309
23.0686
22.7982
22.5208
22.2364
21.9442
21.6453
21.3398
21.0284
20.7113
20.3878
20.0587
19.7249
19.3861
19.043
18.695
18.3426
17.9867
17.6272
17.2644
16.8983
16.5286
16.1565
15.7823
15.4058
15.0275
14.6468
14.2646
13.8818
13.4981
13.1137
12.7287
12.3434
11.959
11.5755
11.1926
10.8106
10.43
10.0512
9.67528
9.3018
8.93041
8.56206
8.19682
7.83524
7.47786
7.12372
6.77352
6.42802
6.08681
5.75046
5.41847
5.09035
4.76727
4.44905
4.13533
3.82654
3.52186
3.22099
2.92457
2.63206
2.34311
2.05768
1.77527
1.49595
1.21966
0.945512
0.673289
0.403108
0.134699
25.4504
25.272
25.085
24.8896
24.6857
24.4735
24.253
24.0238
23.7863
23.541
23.2876
23.0263
22.757
22.4805
22.1972
21.9065
21.6088
21.3047
20.9945
20.6788
20.3568
20.0291
19.6966
19.3592
19.0175
18.6711
18.3201
17.9656
17.6076
17.2461
16.8816
16.5135
16.1428
15.7701
15.3951
15.0183
14.6395
14.2588
13.8775
13.4954
13.1127
12.7296
12.3459
11.9629
11.581
11.1998
10.8195
10.4405
10.0631
9.68842
9.3164
8.94642
8.57928
8.21517
7.85447
7.49802
7.1449
6.79531
6.45025
6.10941
5.77321
5.44154
5.11351
4.79
4.47141
4.15722
3.84771
3.54224
3.2403
2.9428
2.64924
2.35875
2.0717
1.78783
1.50677
1.22856
0.952531
0.678405
0.406267
0.135762
25.4071
25.2283
25.0412
24.8458
24.642
24.4299
24.2097
23.9811
23.7441
23.4994
23.2468
22.9864
22.7182
22.4426
22.1602
21.8708
21.5744
21.2715
20.9625
20.648
20.3275
20.0012
19.67
19.3339
18.9934
18.6485
18.2989
17.9457
17.589
17.2289
16.8658
16.4992
16.13
15.7586
15.385
15.0097
14.6325
14.2534
13.8735
13.4929
13.1117
12.7303
12.3483
11.9667
11.5862
11.2065
10.8278
10.4503
10.0743
9.70075
9.33002
8.96139
8.5954
8.23235
7.87249
7.51681
7.16467
6.81571
6.47104
6.13054
5.79444
5.46302
5.13512
4.81125
4.49231
4.17767
3.86739
3.56122
3.25846
2.95986
2.6651
2.37329
2.08492
1.79962
1.51682
1.23677
0.959073
0.683272
0.409217
0.136717
25.3665
25.1874
25.0002
24.8047
24.601
24.3891
24.1691
23.941
23.7047
23.4605
23.2085
22.949
22.6818
22.407
22.1256
21.8373
21.5421
21.2404
20.9324
20.619
20.3
19.975
19.6449
19.3101
18.9708
18.6273
18.279
17.927
17.5716
17.2127
16.8509
16.4858
16.1179
15.7479
15.3756
15.0015
14.6259
14.2484
13.8698
13.4906
13.1108
12.7309
12.3506
11.9702
11.591
11.2128
10.8355
10.4595
10.0847
9.71227
9.34266
8.97531
8.61041
8.24835
7.88933
7.53429
7.18298
6.83472
6.49041
6.15021
5.81421
5.48289
5.15516
4.83111
4.51177
4.19662
3.88565
3.57886
3.27544
2.97565
2.67968
2.38689
2.09727
1.81052
1.52613
1.2444
0.965208
0.687801
0.411902
0.137586
25.3288
25.1493
24.962
24.7665
24.5629
24.3512
24.1314
23.9037
23.6679
23.4242
23.1729
22.914
22.6478
22.374
22.0933
21.806
21.5119
21.2114
20.9045
20.592
20.2741
19.9505
19.6215
19.2878
18.9496
18.6073
18.2605
17.9096
17.5553
17.1977
16.837
16.4733
16.1066
15.7378
15.3669
14.994
14.6197
14.2436
13.8664
13.4884
13.1099
12.7314
12.3526
11.9736
11.5955
11.2185
10.8426
10.468
10.0945
9.723
9.35437
8.98816
8.6243
8.2632
7.90497
7.55048
7.19985
6.85231
6.50836
6.16844
5.83253
5.50118
5.17365
4.84956
4.52974
4.2141
3.90255
3.59518
3.29111
2.99022
2.69318
2.39949
2.10862
1.82053
1.53478
1.25155
0.970856
0.691886
0.414366
0.138416
25.2938
25.1142
24.9267
24.7311
24.5276
24.3161
24.0965
23.8691
23.6338
23.3907
23.1399
22.8817
22.6162
22.3433
22.0634
21.777
21.4839
21.1844
20.8786
20.567
20.2501
19.9277
19.5999
19.2672
18.9301
18.5888
18.2432
17.8934
17.5403
17.1837
16.8241
16.4617
16.0962
15.7285
15.3588
14.9871
14.6139
14.2392
13.8632
13.4865
13.1092
12.7318
12.3544
11.9767
11.5997
11.2238
10.8491
10.4757
10.1035
9.73297
9.36516
8.99994
8.63708
8.27686
7.91942
7.5654
7.2153
6.86845
6.52489
6.18522
5.84943
5.51796
5.19059
4.86653
4.54626
4.23018
3.9181
3.6101
3.30544
3.0037
2.70566
2.41095
2.11898
1.82975
1.54282
1.25818
0.975929
0.695553
0.416687
0.139211
25.2617
25.0819
24.8942
24.6987
24.4952
24.2839
24.0645
23.8374
23.6025
23.3599
23.1097
22.852
22.5872
22.3151
22.036
21.7503
21.4581
21.1595
20.8547
20.544
20.2281
19.9067
19.5799
19.2483
18.9121
18.5717
18.2273
17.8785
17.5264
17.1709
16.8123
16.451
16.0866
15.72
15.3514
14.9807
14.6086
14.2352
13.8603
13.4847
13.1085
12.7321
12.3559
11.9796
11.6036
11.2287
10.855
10.4827
10.1117
9.74215
9.37503
9.01068
8.64873
8.28931
7.93264
7.57907
7.22935
6.88312
6.54
6.20057
5.86487
5.53328
5.20597
4.88197
4.56138
4.24488
3.93228
3.62364
3.31846
3.01612
2.71702
2.42129
2.12844
1.8382
1.55018
1.2642
0.98048
0.698907
0.418844
0.139929
25.2326
25.0526
24.8648
24.6692
24.4658
24.2546
24.0354
23.8086
23.5741
23.3319
23.0822
22.825
22.5608
22.2894
22.011
21.7261
21.4346
21.1369
20.833
20.5231
20.208
19.8875
19.5617
19.2311
18.8957
18.5562
18.2128
17.865
17.5138
17.1592
16.8015
16.4412
16.0779
15.7122
15.3446
14.975
14.6038
14.2314
13.8576
13.4831
13.1079
12.7325
12.3573
11.9821
11.6072
11.2332
10.8604
10.489
10.1191
9.7505
9.38403
9.0204
8.65923
8.30056
7.94461
7.59146
7.24207
6.89635
6.55367
6.21444
5.87885
5.54717
5.21979
4.89588
4.57509
4.25816
3.9451
3.63586
3.33022
3.02733
2.72727
2.43064
2.13701
1.84581
1.55678
1.26961
0.984661
0.701966
0.420723
0.140547
25.2064
25.0263
24.8383
24.6428
24.4394
24.2283
24.0093
23.7827
23.5485
23.3067
23.0574
22.8008
22.5371
22.2663
21.9886
21.7043
21.4135
21.1165
20.8134
20.5044
20.1899
19.8702
19.5453
19.2155
18.881
18.5422
18.1996
17.8529
17.5024
17.1487
16.7919
16.4324
16.0701
15.7052
15.3385
14.9698
14.5995
14.228
13.8552
13.4816
13.1074
12.7328
12.3585
11.9844
11.6103
11.2373
10.8652
10.4946
10.1257
9.75797
9.39216
9.0291
8.66856
8.31061
7.95529
7.60258
7.25348
6.90813
6.56586
6.22684
5.89136
5.55962
5.23211
4.90823
4.58733
4.27005
3.95658
3.64681
3.34066
3.03725
2.73647
2.43907
2.14461
1.85254
1.56262
1.27451
0.98852
0.704647
0.422285
0.14109
25.1833
25.003
24.815
24.6194
24.416
24.205
23.9863
23.7598
23.5259
23.2844
23.0356
22.7794
22.5161
22.2459
21.9688
21.685
21.3948
21.0984
20.7961
20.4878
20.1739
19.8549
19.5308
19.2018
18.868
18.5299
18.188
17.8421
17.4924
17.1394
16.7833
16.4246
16.0631
15.699
15.3331
14.9652
14.5957
14.225
13.853
13.4802
13.107
12.7332
12.3596
11.9863
11.6132
11.2409
10.8695
10.4996
10.1314
9.76453
9.39938
9.03678
8.67677
8.31943
7.96467
7.61242
7.26359
6.91848
6.57655
6.23775
5.90238
5.57063
5.24297
4.91903
4.59808
4.28056
3.96671
3.65648
3.34978
3.04591
2.74466
2.44653
2.15123
1.85841
1.56775
1.2789
0.991948
0.706928
0.423625
0.141581
25.1632
24.9828
24.7947
24.5991
24.3958
24.1848
23.9663
23.74
23.5063
23.2652
23.0166
22.7609
22.4979
22.2281
21.9515
21.6683
21.3786
21.0828
20.781
20.4734
20.1601
19.8416
19.5181
19.1898
18.8567
18.5192
18.1779
17.8327
17.4837
17.1314
16.7759
16.4178
16.0571
15.6937
15.3284
14.9612
14.5925
14.2224
13.8511
13.4791
13.1066
12.7335
12.3605
11.9879
11.6156
11.244
10.8732
10.5039
10.1363
9.77016
9.40564
9.04345
8.68388
8.32701
7.97274
7.62096
7.27237
6.9274
6.58572
6.24716
5.9119
5.58017
5.25239
4.92828
4.60731
4.28965
3.97548
3.66485
3.3576
3.05335
2.75176
2.45296
2.15694
1.86345
1.57216
1.28268
0.994868
0.708913
0.424821
0.141996
25.1463
24.9658
24.7777
24.5821
24.3787
24.1678
23.9494
23.7233
23.4898
23.2489
23.0006
22.7452
22.4826
22.2132
21.937
21.6542
21.365
21.0696
20.7683
20.4612
20.1484
19.8305
19.5075
19.1796
18.8472
18.5102
18.1694
17.8247
17.4764
17.1246
16.7697
16.4121
16.0519
15.6892
15.3245
14.9579
14.5897
14.2202
13.8496
13.4781
13.1062
12.7338
12.3613
11.9892
11.6176
11.2466
10.8764
10.5075
10.1404
9.77483
9.4109
9.04911
8.68988
8.33336
7.97947
7.62813
7.2798
6.93489
6.59337
6.25503
5.9199
5.58825
5.26032
4.93599
4.61502
4.29728
3.98287
3.67188
3.36415
3.05956
2.75769
2.45838
2.16177
1.86768
1.57581
1.28579
0.997342
0.710683
0.425826
0.142304
25.1326
24.952
24.7639
24.5682
24.365
24.1541
23.9358
23.7098
23.4765
23.2357
22.9877
22.7325
22.4702
22.2011
21.9252
21.6427
21.3539
21.0589
20.758
20.4513
20.139
19.8214
19.4988
19.1714
18.8394
18.503
18.1625
17.8183
17.4704
17.1191
16.7647
16.4075
16.0478
15.6856
15.3213
14.9552
14.5875
14.2184
13.8483
13.4773
13.1058
12.734
12.362
11.9903
11.6192
11.2486
10.879
10.5105
10.1437
9.77854
9.41515
9.05374
8.69475
8.33847
7.98485
7.63391
7.28585
6.94097
6.5995
6.26134
5.92638
5.59482
5.26672
4.94219
4.62121
4.30344
3.98887
3.67756
3.36945
3.06454
2.76244
2.46281
2.1657
1.87107
1.57869
1.28823
0.99942
0.712192
0.426587
0.142517
25.1223
24.9416
24.7534
24.5577
24.3545
24.1437
23.9254
23.6996
23.4663
23.2257
22.9779
22.7229
22.4608
22.1919
21.9163
21.6341
21.3455
21.0508
20.7501
20.4438
20.1318
19.8146
19.4923
19.1652
18.8335
18.4975
18.1573
17.8134
17.4658
17.1149
16.7609
16.404
16.0446
15.6828
15.3189
14.9531
14.5858
14.2171
13.8474
13.4768
13.1056
12.7341
12.3625
11.9912
11.6204
11.2502
10.8809
10.5128
10.1462
9.78133
9.41836
9.05728
8.69849
8.34231
7.98887
7.63831
7.29047
6.94559
6.60414
6.26608
5.93131
5.59982
5.27156
4.94688
4.62588
4.30811
3.99343
3.68186
3.37346
3.06828
2.766
2.46619
2.1687
1.87362
1.58083
1.29007
1.00102
0.713349
0.427153
0.142673
25.1153
24.9345
24.7464
24.5506
24.3474
24.1367
23.9184
23.6927
23.4595
23.219
22.9713
22.7163
22.4544
22.1857
21.9102
21.6282
21.3399
21.0453
20.7449
20.4387
20.127
19.8099
19.4879
19.1609
18.8296
18.4938
18.1538
17.8101
17.4628
17.1121
16.7584
16.4016
16.0424
15.681
15.3172
14.9517
14.5846
14.2161
13.8467
13.4764
13.1054
12.7342
12.3629
11.9918
11.6212
11.2512
10.8823
10.5144
10.1479
9.78321
9.4205
9.05967
8.70104
8.34488
7.99156
7.64128
7.29359
6.94873
6.60725
6.26925
5.93465
5.6032
5.27482
4.95004
4.629
4.31125
3.99653
3.68476
3.37615
3.0708
2.76841
2.46844
2.17073
1.87535
1.58226
1.29131
1.00205
0.714111
0.427585
0.142791
25.1117
24.9309
24.7428
24.547
24.3438
24.1331
23.9148
23.6892
23.456
23.2156
22.9679
22.713
22.4512
22.1826
21.9071
21.6253
21.337
21.0426
20.7422
20.4361
20.1245
19.8076
19.4856
19.1588
18.8275
18.4919
18.152
17.8084
17.4612
17.1107
16.7571
16.4004
16.0413
15.68
15.3164
14.951
14.584
14.2157
13.8464
13.4762
13.1053
12.7343
12.3631
11.9921
11.6216
11.2517
10.8829
10.5152
10.1487
9.78416
9.42158
9.06088
8.70235
8.34618
7.99291
7.64278
7.29517
6.95034
6.60882
6.27084
5.93635
5.60491
5.27647
4.95163
4.63057
4.31284
3.99811
3.68624
3.37749
3.07208
2.76963
2.46957
2.17177
1.87623
1.58299
1.29195
1.00253
0.714484
0.427839
0.142858
)
;

boundaryField
{
    top
    {
        type            symmetryPlane;
    }
    bottom
    {
        type            symmetryPlane;
    }
    plate
    {
        type            zeroGradient;
    }
    left
    {
        type            zeroGradient;
    }
    right
    {
        type            fixedValue;
        value           uniform 0;
    }
    frontAndBack
    {
        type            empty;
    }
}


// ************************************************************************* //
