/*--------------------------------*- C++ -*----------------------------------*\
| =========                 |                                                 |
| \\      /  F ield         | OpenFOAM: The Open Source CFD Toolbox           |
|  \\    /   O peration     | Version:  v2012                                 |
|   \\  /    A nd           | Website:  www.openfoam.com                      |
|    \\/     M anipulation  |                                                 |
\*---------------------------------------------------------------------------*/
FoamFile
{
    version     2.0;
    format      ascii;
    class       volScalarField;
    location    "0.25";
    object      p;
}
// * * * * * * * * * * * * * * * * * * * * * * * * * * * * * * * * * * * * * //

dimensions      [0 2 -2 0 0 0 0];


internalField   nonuniform List<scalar> 
9600
(
28.5754
28.6287
28.6541
28.6631
28.6627
28.6655
28.6718
28.6852
28.7035
28.7294
28.7596
28.7971
28.8375
28.8822
28.9258
28.975
29.0249
29.0875
29.1529
29.2337
29.3149
29.414
29.5151
29.6366
29.7623
29.9109
30.0692
30.2594
30.4673
30.7153
30.988
31.3173
31.6844
32.1391
32.6642
33.3278
34.1263
35.1642
36.4509
38.046
28.6055
28.6198
28.637
28.6472
28.6604
28.6665
28.6788
28.6875
28.7073
28.7272
28.7605
28.794
28.8382
28.8796
28.9269
28.9728
29.0259
29.0852
29.1536
29.2313
29.3152
29.4113
29.515
29.6332
29.7622
29.9064
30.0692
30.2529
30.4672
30.7072
30.9888
31.3067
31.6864
32.1271
32.6645
33.2995
34.0758
34.9776
35.9943
36.9721
28.6229
28.6141
28.6234
28.6355
28.6564
28.668
28.6835
28.6914
28.7097
28.7268
28.7596
28.7921
28.8367
28.8779
28.9258
28.9713
29.0249
29.0836
29.152
29.2298
29.3132
29.4092
29.5126
29.6308
29.7587
29.9037
30.0646
30.2492
30.4602
30.7016
30.9802
31.2986
31.6727
32.1088
32.627
33.2309
33.93
34.7052
35.5162
36.2536
28.633
28.612
28.6152
28.628
28.6514
28.6673
28.6847
28.6939
28.711
28.7272
28.7581
28.7905
28.8344
28.8756
28.9239
28.9688
29.0231
29.0803
29.1495
29.2241
29.3109
29.4042
29.5095
29.6255
29.7541
29.8977
30.0579
30.2418
30.4498
30.6927
30.9645
31.2844
31.6449
32.0748
32.5578
33.1295
33.7434
34.4252
35.0855
35.6927
28.6384
28.6109
28.6108
28.6226
28.6466
28.6646
28.6834
28.6943
28.7113
28.7274
28.7565
28.789
28.8316
28.8734
28.9208
28.9665
29.0195
29.0778
29.145
29.2215
29.3053
29.4006
29.5027
29.6208
29.7454
29.8916
30.0469
30.2329
30.4355
30.6794
30.9433
31.2609
31.6068
32.0223
32.4729
33.0002
33.5482
34.141
34.6936
35.1839
28.6398
28.6095
28.6085
28.6184
28.6427
28.6608
28.6816
28.6925
28.711
28.7264
28.7553
28.7857
28.8288
28.8707
28.9168
28.9641
29.0143
29.0753
29.1387
29.2187
29.2972
29.3969
29.4925
29.6157
29.7331
29.8842
30.032
30.2217
30.4169
30.6607
30.9168
31.2268
31.5594
31.9525
32.3756
32.8523
33.3485
33.8564
34.3288
34.7173
28.641
28.6071
28.605
28.6152
28.6392
28.6584
28.6787
28.691
28.7084
28.7256
28.7522
28.7846
28.8243
28.8685
28.9112
28.9618
29.0077
29.0723
29.1308
29.2146
29.2883
29.3912
29.4824
29.6073
29.7216
29.872
30.018
30.204
30.3976
30.6336
30.8869
31.1811
31.5046
31.8676
32.2685
32.6927
33.1452
33.5765
33.9855
34.2916
28.6422
28.6035
28.6
28.6128
28.6357
28.6572
28.675
28.6899
28.7037
28.7246
28.7474
28.7836
28.818
28.8664
28.9036
28.9585
28.9998
29.0676
29.1231
29.2081
29.2802
29.382
29.4732
29.5949
29.7108
29.855
30.0038
30.1804
30.3767
30.5988
30.8521
31.1257
31.4413
31.7727
32.1514
32.5281
32.9378
33.3067
33.6588
33.9047
28.6404
28.6027
28.5939
28.6099
28.6313
28.6567
28.6712
28.6891
28.6981
28.7223
28.742
28.7814
28.8127
28.8627
28.8984
28.9532
28.9946
29.06
29.1169
29.1982
29.273
29.3695
29.4646
29.5789
29.6994
29.8342
29.9874
30.1526
30.3512
30.5593
30.8099
31.0647
31.3685
31.6724
32.0247
32.3628
32.7277
33.0489
33.3459
33.5506
28.632
28.6064
28.5913
28.6062
28.6238
28.6546
28.668
28.6882
28.6943
28.7182
28.7371
28.7762
28.8089
28.8567
28.8945
28.9455
28.99
29.0501
29.1109
29.1859
29.2654
29.3545
29.4545
29.5609
29.6853
29.8119
29.9666
30.1232
30.3196
30.5173
30.7598
31.0003
31.2865
31.5689
31.8899
32.1981
32.517
32.8017
33.047
33.2217
28.6171
28.6127
28.5942
28.6024
28.6151
28.6481
28.6653
28.686
28.693
28.7124
28.7327
28.7683
28.8055
28.849
28.8911
28.9362
28.9849
29.0389
29.1037
29.1727
29.2555
29.3394
29.4412
29.5429
29.6671
29.7893
29.9409
30.0927
30.2821
30.4728
30.7026
30.9322
31.1968
31.4621
31.75
32.0334
32.3088
32.563
32.7633
32.9114
28.5988
28.6169
28.6023
28.6003
28.6076
28.6372
28.6616
28.6821
28.6936
28.7061
28.7284
28.7585
28.8005
28.8405
28.8867
28.927
28.978
29.0279
29.0938
29.1602
29.2426
29.3248
29.4245
29.5248
29.6451
29.7656
29.9112
30.0598
30.2398
30.4248
30.64
30.8599
31.1019
31.3518
31.6077
31.8683
32.1055
32.3309
32.4945
32.6157
28.583
28.6156
28.6119
28.6005
28.6022
28.6233
28.6545
28.6763
28.6945
28.7017
28.7239
28.7484
28.7927
28.8318
28.8801
28.9193
28.9692
29.0179
29.0812
29.1477
29.227
29.3099
29.4053
29.5057
29.6205
29.7398
29.8783
30.0237
30.194
30.3728
30.5733
30.7831
31.0038
31.2376
31.4654
31.7026
31.9082
32.1041
32.2399
32.3334
28.5733
28.6082
28.6159
28.6029
28.6001
28.6097
28.644
28.6685
28.6933
28.6996
28.7195
28.7398
28.7822
28.8227
28.871
28.9124
28.9589
29.0083
29.0668
29.1345
29.2096
29.2936
29.3848
29.4843
29.5945
29.7108
29.8433
29.984
30.1452
30.317
30.5033
30.7023
30.9033
31.1201
31.3239
31.5364
31.7167
31.883
31.9973
32.0642
28.5697
28.5948
28.6131
28.6048
28.601
28.6014
28.6313
28.6582
28.6882
28.6987
28.7154
28.7331
28.77
28.8124
28.8595
28.905
28.948
28.9984
29.0517
29.1196
29.1912
29.2747
29.3635
29.4603
29.5672
29.6792
29.8061
29.9411
30.0933
30.2576
30.4306
30.6177
30.8013
30.9998
31.1835
31.3709
31.5304
31.6686
31.7645
31.8082
28.5705
28.5829
28.6033
28.6033
28.6027
28.5984
28.6195
28.646
28.6789
28.6962
28.7115
28.7283
28.758
28.8012
28.8461
28.8955
28.9367
28.9875
29.0372
29.1026
29.1723
29.2529
29.341
29.4342
29.5384
29.6456
29.7663
29.8956
30.0383
30.195
30.3554
30.53
30.6984
30.8775
31.0442
31.2069
31.3482
31.4614
31.5398
31.5649
28.5719
28.573
28.5901
28.5977
28.6023
28.5991
28.611
28.6339
28.666
28.6904
28.7069
28.7246
28.7477
28.7891
28.8313
28.8832
28.9249
28.9751
29.0235
29.0842
29.1526
29.2291
29.3165
29.4063
29.5074
29.6103
29.7242
29.8476
29.9808
30.129
30.2784
30.4395
30.5946
30.7544
30.9055
31.0459
31.1694
31.2615
31.3223
31.3328
28.5707
28.5657
28.5777
28.5889
28.5982
28.5991
28.6058
28.6239
28.6517
28.6813
28.7005
28.7208
28.7393
28.7768
28.8163
28.8679
28.912
28.9609
29.0098
29.0653
29.132
29.2039
29.2895
29.3769
29.4739
29.5736
29.68
29.7972
29.9214
30.0599
30.1998
30.3467
30.4901
30.6315
30.7672
30.8882
30.9936
31.0686
31.1119
31.1105
28.5667
28.5605
28.5677
28.579
28.5909
28.5967
28.6024
28.6164
28.6384
28.6693
28.6914
28.7151
28.7323
28.7651
28.8017
28.8505
28.8975
28.9449
28.9953
29.0463
29.1101
29.178
29.2599
29.3458
29.4382
29.5349
29.6344
29.7445
29.8604
29.9882
30.1193
30.2526
30.3845
30.5096
30.6295
30.7337
30.8213
30.8816
30.9087
30.8965
28.5604
28.5554
28.5601
28.5695
28.5814
28.5913
28.5981
28.6107
28.6273
28.6563
28.6801
28.7065
28.7255
28.7539
28.7882
28.832
28.8808
28.9274
28.9787
29.0276
29.0872
29.1517
29.2284
29.3124
29.4007
29.4938
29.5877
29.6895
29.7979
29.9147
30.0368
30.1579
30.2776
30.3891
30.4927
30.5825
30.6529
30.6996
30.7127
30.6897
28.5528
28.5495
28.5536
28.5612
28.5713
28.5835
28.5918
28.6051
28.6181
28.6435
28.6673
28.6949
28.7175
28.7429
28.7753
28.8139
28.8622
28.9085
28.9597
29.0083
29.0635
29.1249
29.1958
29.2768
29.3615
29.4503
29.5397
29.6331
29.734
29.8401
29.9525
30.0627
30.1699
30.2694
30.3576
30.4339
30.4887
30.5223
30.5234
30.49
28.5448
28.5427
28.5465
28.5538
28.5617
28.5741
28.5836
28.5981
28.6104
28.6315
28.6545
28.6811
28.7072
28.7316
28.7624
28.7969
28.8421
28.8883
28.9384
28.9876
29.0393
29.0973
29.1628
29.239
29.3206
29.4045
29.4899
29.5756
29.6683
29.7649
29.8665
29.9671
30.0619
30.1504
30.2247
30.2876
30.3291
30.3493
30.3403
30.2969
28.5367
28.5352
28.5383
28.5464
28.5529
28.5643
28.574
28.5891
28.6027
28.6203
28.642
28.6663
28.6945
28.7195
28.749
28.7809
28.8215
28.867
28.9152
28.9648
29.0143
29.0686
29.1297
29.1999
29.2779
29.3569
29.438
29.5172
29.6013
29.6894
29.7797
29.8711
29.954
30.0318
30.0941
30.1439
30.1737
30.1809
30.1628
30.1102
28.5282
28.5275
28.5295
28.5381
28.5445
28.5546
28.5641
28.5784
28.594
28.6097
28.6299
28.6515
28.6796
28.7062
28.7346
28.7651
28.801
28.8445
28.8909
28.9398
28.9882
29.0388
29.0961
29.16
29.2335
29.3078
29.3839
29.4579
29.5333
29.6132
29.6927
29.7745
29.8468
29.9136
29.9655
30.0029
30.0221
30.0174
29.9902
29.9297
28.519
28.5196
28.5205
28.5286
28.536
28.5448
28.5542
28.5666
28.5836
28.5991
28.6177
28.6374
28.6632
28.6912
28.7189
28.7487
28.781
28.8212
28.8658
28.9128
28.9608
29.0079
29.0616
29.1198
29.1875
29.2575
29.3278
29.3974
29.4646
29.5365
29.606
29.6775
29.7404
29.7961
29.8387
29.8647
29.874
29.8586
29.8224
29.7551
28.5093
28.5113
28.5118
28.5182
28.5268
28.535
28.5443
28.5547
28.5714
28.5878
28.6053
28.6239
28.6464
28.6746
28.7021
28.7313
28.7613
28.7973
28.84
28.8844
28.9316
28.976
29.0258
29.0793
29.1405
29.206
29.2704
29.3353
29.3955
29.4592
29.5196
29.5807
29.6346
29.6797
29.7136
29.7293
29.7293
29.7045
29.6594
29.5859
28.4992
28.5021
28.5034
28.5075
28.5165
28.5248
28.5341
28.5433
28.5581
28.5755
28.5924
28.6104
28.6299
28.6566
28.6842
28.7126
28.7414
28.7733
28.8134
28.8551
28.9006
28.9431
28.9887
29.0383
29.0929
29.1535
29.212
29.2717
29.3258
29.3814
29.4337
29.4845
29.5296
29.5647
29.5899
29.5966
29.5877
29.5547
29.5012
29.4217
28.4891
28.4919
28.4946
28.4971
28.5053
28.514
28.5232
28.5322
28.5445
28.562
28.5786
28.5964
28.6139
28.6378
28.6652
28.6926
28.7209
28.7492
28.7861
28.8251
28.8682
28.9091
28.9505
28.9965
29.0449
29.1002
29.1529
29.2068
29.2555
29.3033
29.3482
29.389
29.4256
29.4512
29.4678
29.4664
29.4491
29.409
29.3475
29.2626
28.4791
28.4811
28.4848
28.4871
28.4936
28.5026
28.5116
28.521
28.5311
28.5475
28.5641
28.5815
28.5981
28.6187
28.6452
28.6715
28.6992
28.7251
28.7581
28.7946
28.8346
28.8739
28.9114
28.9535
28.9967
29.0461
29.0934
29.141
29.1844
29.225
29.2629
29.2946
29.3226
29.3394
29.3476
29.3387
29.3134
29.267
29.1982
29.1081
28.469
28.47
28.474
28.4771
28.4819
28.4906
28.4992
28.5091
28.518
28.5324
28.5488
28.5656
28.5822
28.5997
28.6243
28.6494
28.6764
28.7007
28.7297
28.7634
28.7999
28.8375
28.8716
28.9095
28.9479
28.9915
29.0337
29.0746
29.1128
29.1465
29.1777
29.2014
29.2207
29.2293
29.2291
29.2133
29.1807
29.1283
29.0533
28.9581
28.4586
28.4589
28.4623
28.4665
28.4703
28.4782
28.4863
28.4963
28.505
28.5171
28.5329
28.5488
28.5654
28.5809
28.6028
28.6266
28.6523
28.6758
28.701
28.7317
28.7646
28.8
28.831
28.8646
28.8986
28.9364
28.9737
29.0081
29.0408
29.0679
29.0928
29.1093
29.1201
29.1211
29.1125
29.0904
29.0509
28.993
28.9124
28.8123
28.4475
28.4479
28.4502
28.4551
28.4587
28.4655
28.4732
28.4825
28.4916
28.5017
28.5164
28.5313
28.5477
28.562
28.5811
28.6031
28.6271
28.6499
28.6721
28.6993
28.7288
28.7613
28.7897
28.8191
28.8487
28.8809
28.9134
28.9417
28.9685
28.9894
29.008
29.018
29.0211
29.0147
28.9981
28.9698
28.9238
28.8607
28.7753
28.6706
28.4358
28.4367
28.4381
28.4428
28.4467
28.4526
28.4598
28.4682
28.4775
28.4864
28.4996
28.5134
28.529
28.5428
28.5591
28.5792
28.601
28.623
28.6428
28.6666
28.6925
28.7217
28.7478
28.7729
28.7984
28.8251
28.8528
28.8756
28.8963
28.9113
28.9234
28.9277
28.9235
28.9102
28.8859
28.8513
28.7997
28.7314
28.6418
28.5327
28.4235
28.4251
28.4263
28.43
28.4342
28.4394
28.4463
28.4535
28.4626
28.4708
28.4824
28.4951
28.5094
28.5228
28.537
28.5549
28.5744
28.5951
28.613
28.6335
28.6559
28.6815
28.7051
28.7263
28.7477
28.769
28.7919
28.8096
28.8244
28.8336
28.8391
28.8381
28.8273
28.8075
28.7762
28.7351
28.6784
28.6051
28.5117
28.3986
28.411
28.413
28.4143
28.417
28.4212
28.4258
28.4323
28.4387
28.4471
28.4548
28.4649
28.4765
28.4894
28.5022
28.5146
28.5302
28.5474
28.5663
28.5826
28.6
28.6191
28.6408
28.6617
28.6794
28.6967
28.7129
28.7307
28.7437
28.7529
28.7565
28.7556
28.7493
28.7325
28.7066
28.6688
28.6212
28.5597
28.4816
28.3849
28.268
28.3983
28.4003
28.402
28.404
28.4077
28.4119
28.4179
28.4238
28.4312
28.4384
28.4471
28.4576
28.4689
28.4808
28.4917
28.5052
28.5201
28.5368
28.5515
28.5661
28.582
28.5997
28.6177
28.6321
28.6454
28.6569
28.6694
28.678
28.6818
28.6801
28.6729
28.6611
28.639
28.6075
28.5637
28.5099
28.4436
28.361
28.2611
28.141
28.3856
28.3871
28.3892
28.3909
28.3939
28.3976
28.403
28.4085
28.4149
28.4214
28.4289
28.4383
28.4482
28.4589
28.4684
28.4799
28.4925
28.5068
28.5198
28.5318
28.5447
28.5585
28.5732
28.5845
28.5939
28.6009
28.6082
28.6125
28.6112
28.6045
28.5913
28.5739
28.5468
28.51
28.461
28.401
28.3301
28.2433
28.1403
28.0175
28.3727
28.3736
28.3757
28.3776
28.38
28.3831
28.3877
28.3929
28.3985
28.4042
28.4104
28.4185
28.4272
28.4365
28.4447
28.4541
28.4646
28.4765
28.4876
28.4971
28.507
28.5173
28.5285
28.5365
28.5422
28.5451
28.5473
28.5471
28.5411
28.5296
28.5109
28.4878
28.456
28.414
28.3605
28.2948
28.2191
28.1284
28.0223
27.8974
28.3596
28.3601
28.3617
28.3638
28.3659
28.3684
28.3721
28.3767
28.3817
28.3867
28.3917
28.3984
28.4058
28.4138
28.4206
28.428
28.4364
28.4458
28.455
28.462
28.469
28.4759
28.4835
28.4885
28.4905
28.4895
28.4868
28.4821
28.4715
28.4554
28.4316
28.403
28.3665
28.3197
28.262
28.1912
28.1108
28.0164
27.9071
27.7803
28.3462
28.3464
28.3475
28.3496
28.3516
28.3536
28.3563
28.3601
28.3646
28.3688
28.3727
28.3779
28.384
28.3907
28.3962
28.4016
28.4079
28.4149
28.422
28.4267
28.4309
28.4345
28.4385
28.4403
28.4387
28.434
28.4267
28.4175
28.4026
28.382
28.3537
28.3195
28.2784
28.227
28.1653
28.0902
28.0049
27.9072
27.7946
27.6662
28.3323
28.3326
28.3332
28.3349
28.3369
28.3385
28.3405
28.3433
28.3471
28.3507
28.3536
28.3573
28.3619
28.3672
28.3715
28.375
28.3792
28.3838
28.3887
28.3912
28.3926
28.393
28.3935
28.3922
28.3871
28.3788
28.367
28.3534
28.3343
28.3093
28.2769
28.2374
28.1919
28.1361
28.0704
27.9916
27.9017
27.8007
27.685
27.5548
28.3181
28.3187
28.3189
28.32
28.3218
28.3232
28.3245
28.3263
28.3292
28.3322
28.3343
28.3366
28.3395
28.3434
28.3465
28.3483
28.3503
28.3525
28.3551
28.3555
28.3542
28.3516
28.3485
28.3441
28.3356
28.3238
28.308
28.2899
28.2669
28.2375
28.2012
28.1569
28.1068
28.047
27.9773
27.8953
27.8012
27.6968
27.5783
27.4461
28.3037
28.3044
28.3046
28.3049
28.3064
28.3075
28.3084
28.3093
28.311
28.3133
28.3146
28.3157
28.317
28.3193
28.3212
28.3214
28.3213
28.321
28.3213
28.3197
28.3157
28.3103
28.3037
28.2961
28.2845
28.2692
28.2496
28.2271
28.2003
28.1668
28.1266
28.0781
28.0234
27.9598
27.8861
27.8011
27.7033
27.5955
27.4745
27.34
28.2891
28.2898
28.2901
28.2898
28.2907
28.2915
28.2921
28.2922
28.2927
28.2942
28.2947
28.2948
28.2945
28.295
28.2956
28.2942
28.2923
28.2896
28.2874
28.2837
28.2773
28.2691
28.2591
28.2483
28.2337
28.2149
28.1919
28.165
28.1345
28.0971
28.053
28.0008
27.9415
27.8744
27.7969
27.7089
27.6081
27.4968
27.3734
27.2368
28.2745
28.275
28.2754
28.2748
28.2749
28.2753
28.2755
28.2751
28.2743
28.2748
28.2745
28.2736
28.272
28.2705
28.2697
28.267
28.2632
28.2583
28.2534
28.2477
28.2389
28.2281
28.2149
28.2007
28.1832
28.1611
28.1348
28.1038
28.0695
28.0286
27.9807
27.925
27.8615
27.7907
27.7098
27.6187
27.5153
27.4008
27.2751
27.1364
28.2598
28.2599
28.2604
28.2597
28.259
28.259
28.2585
28.2578
28.256
28.2552
28.2541
28.2522
28.2495
28.2461
28.2436
28.2395
28.2341
28.2272
28.2195
28.2117
28.2006
28.1873
28.1712
28.1534
28.1332
28.1078
28.0783
28.0437
28.0053
27.9612
27.9096
27.8506
27.7833
27.7088
27.6248
27.5306
27.4248
27.3074
27.1793
27.0388
28.245
28.2448
28.2451
28.2445
28.2431
28.2425
28.2414
28.2403
28.2377
28.2356
28.2336
28.2306
28.2269
28.2219
28.2175
28.212
28.2048
28.1962
28.1859
28.1756
28.1625
28.1466
28.1279
28.1066
28.0835
28.0552
28.0225
27.9847
27.9423
27.8949
27.8399
27.7776
27.7069
27.6287
27.5418
27.4446
27.3365
27.2167
27.0861
26.9439
28.2302
28.2296
28.2295
28.2291
28.2273
28.2259
28.2242
28.2225
28.2195
28.216
28.213
28.2089
28.2042
28.1978
28.1913
28.1845
28.1756
28.1652
28.1526
28.1397
28.1246
28.1062
28.085
28.0606
28.0343
28.0033
27.9675
27.9266
27.8805
27.8297
27.7716
27.7061
27.6324
27.5506
27.4608
27.3609
27.2504
27.1285
26.9956
26.8517
28.2152
28.2145
28.2139
28.2135
28.2115
28.2094
28.207
28.2045
28.2012
28.1965
28.1923
28.1871
28.1813
28.1738
28.1654
28.1569
28.1464
28.1342
28.1197
28.1041
28.0869
28.0661
28.0425
28.0152
27.9857
27.9521
27.9132
27.8695
27.82
27.7658
27.7048
27.6361
27.5596
27.4746
27.3818
27.2794
27.1665
27.0427
26.9078
26.7622
28.2001
28.1995
28.1983
28.1976
28.1956
28.1929
28.1898
28.1865
28.1827
28.1772
28.1716
28.1654
28.1584
28.1499
28.1397
28.1293
28.1173
28.1034
28.087
28.0688
28.0494
28.0265
28.0004
27.9706
27.9378
27.9017
27.8599
27.8133
27.7608
27.7032
27.6393
27.5677
27.4884
27.4006
27.3048
27.2
27.0849
26.9593
26.8226
26.6752
28.1849
28.1844
28.1829
28.1817
28.1797
28.1764
28.1728
28.1684
28.1641
28.158
28.1511
28.1437
28.1354
28.1259
28.1143
28.102
28.0884
28.0728
28.0547
28.0342
28.0123
27.9873
27.9588
27.9266
27.8909
27.8519
27.8076
27.7581
27.7028
27.642
27.5753
27.5009
27.419
27.3285
27.2299
27.1228
27.0056
26.8782
26.7399
26.591
28.1696
28.1693
28.1677
28.1658
28.1636
28.16
28.1558
28.1506
28.1453
28.1388
28.1308
28.1222
28.1126
28.102
28.0892
28.075
28.0597
28.0423
28.0226
28
27.9756
27.9486
27.9179
27.8833
27.8448
27.8031
27.7563
27.7041
27.6461
27.5823
27.5128
27.4358
27.3512
27.2585
27.1572
27.0477
26.9286
26.7994
26.6598
26.5094
28.1544
28.1541
28.1526
28.15
28.1474
28.1436
28.1388
28.133
28.1266
28.1196
28.1107
28.1009
28.09
28.0781
28.0642
28.0483
28.0312
28.0122
27.9908
27.9664
27.9396
27.9104
27.8775
27.8408
27.7997
27.7552
27.706
27.6512
27.5907
27.5242
27.4519
27.3724
27.2853
27.1903
27.0867
26.9749
26.8539
26.723
26.5821
26.4304
28.1394
28.1389
28.1375
28.1346
28.1313
28.1272
28.122
28.1155
28.1081
28.1003
28.0908
28.0798
28.0677
28.0544
28.0394
28.0221
28.0032
27.9825
27.9594
27.9333
27.9043
27.8728
27.8379
27.799
27.7556
27.7084
27.6568
27.5996
27.5366
27.4675
27.3925
27.3107
27.2212
27.124
27.0183
26.9044
26.7815
26.649
26.5067
26.354
28.1246
28.1238
28.1223
28.1193
28.1154
28.1109
28.1052
28.0982
28.09
28.0811
28.0709
28.059
28.0456
28.031
28.0148
27.9963
27.9756
27.9532
27.9285
27.9007
27.8697
27.8359
27.799
27.758
27.7125
27.6627
27.6087
27.5492
27.4839
27.4124
27.3349
27.2508
27.1591
27.0596
26.9519
26.836
26.7114
26.5773
26.4338
26.2801
28.1099
28.1089
28.1071
28.1042
28.0997
28.0947
28.0885
28.0811
28.0721
28.0621
28.0512
28.0384
28.0239
28.008
27.9905
27.9708
27.9486
27.9244
27.898
27.8686
27.8358
27.7999
27.7609
27.7179
27.6704
27.6183
27.5618
27.5001
27.4326
27.3588
27.2789
27.1926
27.0988
26.9973
26.8877
26.77
26.6437
26.5081
26.3633
26.2088
28.0953
28.0942
28.0921
28.0891
28.0844
28.0787
28.072
28.064
28.0546
28.0436
28.0317
28.0181
28.0026
27.9854
27.9665
27.9457
27.9222
27.8963
27.8681
27.8371
27.8027
27.7648
27.7236
27.6788
27.6293
27.575
27.5162
27.4524
27.3828
27.3069
27.2247
27.1362
27.0404
26.9371
26.8256
26.7061
26.5783
26.4414
26.2953
26.1398
28.0809
28.0797
28.0773
28.0741
28.0692
28.063
28.0558
28.0472
28.0372
28.0254
28.0125
27.9981
27.9816
27.9633
27.9431
27.9209
27.8962
27.8688
27.839
27.8063
27.7703
27.7306
27.6874
27.6406
27.5892
27.533
27.472
27.406
27.3345
27.2566
27.1722
27.0816
26.984
26.8789
26.7657
26.6445
26.5152
26.377
26.2298
26.0734
28.0666
28.0655
28.0629
28.0593
28.0543
28.0476
28.0398
28.0307
28.02
28.0077
27.9937
27.9784
27.961
27.9416
27.9202
27.8967
27.8708
27.842
27.8105
27.7762
27.7386
27.6974
27.6522
27.6034
27.5503
27.4922
27.4292
27.3611
27.2876
27.2079
27.1216
27.029
26.9295
26.8227
26.708
26.5852
26.4545
26.3151
26.1668
26.0095
28.0527
28.0515
28.0488
28.0448
28.0396
28.0325
28.0242
28.0145
28.0032
27.9903
27.9754
27.9591
27.9409
27.9205
27.8979
27.8731
27.8459
27.8159
27.7829
27.747
27.7078
27.665
27.6182
27.5674
27.5125
27.4528
27.3878
27.3177
27.2423
27.1609
27.0728
26.9783
26.8771
26.7687
26.6525
26.5282
26.3961
26.2557
26.1064
25.9482
28.039
28.0378
28.035
28.0307
28.0251
28.0178
28.009
27.9987
27.9867
27.9732
27.9576
27.9404
27.9212
27.8999
27.8763
27.8501
27.8217
27.7905
27.7561
27.7187
27.6779
27.6336
27.5852
27.5327
27.476
27.4146
27.348
27.276
27.1987
27.1156
27.0259
26.9296
26.8267
26.7167
26.5992
26.4735
26.3401
26.1986
26.0484
25.8895
28.0257
28.0244
28.0215
28.0169
28.011
28.0034
27.9942
27.9833
27.9707
27.9566
27.9403
27.9222
27.9021
27.8798
27.8552
27.828
27.7983
27.7658
27.7302
27.6913
27.6491
27.6033
27.5534
27.4992
27.4409
27.3778
27.3095
27.2359
27.1568
27.072
26.9808
26.8829
26.7784
26.6669
26.5481
26.4212
26.2865
26.144
25.993
25.8333
28.0128
28.0114
28.0084
28.0036
27.9973
27.9894
27.9798
27.9684
27.9552
27.9404
27.9235
27.9046
27.8836
27.8604
27.8348
27.8065
27.7756
27.742
27.7051
27.665
27.6213
27.574
27.5228
27.4671
27.4071
27.3424
27.2726
27.1975
27.1167
27.0302
26.9376
26.8383
26.7322
26.6193
26.4992
26.3713
26.2354
26.0919
25.9401
25.7798
28.0003
27.9988
27.9956
27.9907
27.9841
27.9759
27.9658
27.954
27.9403
27.9247
27.9073
27.8876
27.8658
27.8416
27.8151
27.7859
27.7539
27.719
27.681
27.6396
27.5946
27.5459
27.4933
27.4363
27.3747
27.3085
27.2373
27.1607
27.0784
26.9904
26.8963
26.7957
26.6883
26.574
26.4527
26.3237
26.1869
26.0423
25.8897
25.7288
27.9882
27.9866
27.9833
27.9783
27.9714
27.9628
27.9524
27.9401
27.9259
27.9097
27.8916
27.8712
27.8486
27.8236
27.7962
27.7661
27.733
27.697
27.6579
27.6154
27.5692
27.5191
27.4652
27.4069
27.3439
27.2762
27.2036
27.1256
27.0419
26.9525
26.8571
26.7551
26.6465
26.5309
26.4084
26.2786
26.1408
25.9953
25.842
25.6805
27.9766
27.975
27.9716
27.9663
27.9592
27.9503
27.9395
27.9268
27.9121
27.8953
27.8766
27.8556
27.8322
27.8064
27.7781
27.7471
27.7131
27.6761
27.6359
27.5922
27.5449
27.4936
27.4384
27.3788
27.3146
27.2456
27.1716
27.0923
27.0074
26.9166
26.8198
26.7167
26.6069
26.4903
26.3666
26.2358
26.0972
25.9509
25.7969
25.6348
27.9655
27.9639
27.9603
27.9549
27.9475
27.9384
27.9272
27.914
27.8989
27.8816
27.8623
27.8406
27.8166
27.7901
27.7609
27.7291
27.6942
27.6562
27.6149
27.5702
27.5218
27.4694
27.413
27.3523
27.2868
27.2166
27.1414
27.0608
26.9747
26.8827
26.7847
26.6805
26.5696
26.4519
26.3272
26.1955
26.0562
25.9091
25.7544
25.5918
27.955
27.9533
27.9496
27.944
27.9365
27.927
27.9155
27.902
27.8864
27.8687
27.8487
27.8265
27.8018
27.7746
27.7446
27.712
27.6763
27.6374
27.5952
27.5495
27.5001
27.4466
27.389
27.3272
27.2607
27.1893
27.1129
27.0312
26.944
26.8509
26.7518
26.6465
26.5346
26.416
26.2903
26.1577
26.0177
25.87
25.7147
25.5516
27.9451
27.9433
27.9396
27.9338
27.926
27.9163
27.9045
27.8906
27.8747
27.8564
27.836
27.8131
27.7879
27.76
27.7294
27.6959
27.6595
27.6197
27.5766
27.53
27.4796
27.4252
27.3667
27.3038
27.2362
27.1638
27.0864
27.0036
26.9153
26.8212
26.721
26.6147
26.5019
26.3825
26.256
26.1225
25.9818
25.8336
25.6777
25.5141
27.9358
27.934
27.9301
27.9242
27.9163
27.9063
27.8942
27.88
27.8636
27.845
27.8241
27.8007
27.7749
27.7464
27.7151
27.681
27.6437
27.6032
27.5594
27.5119
27.4606
27.4054
27.3458
27.282
27.2135
27.1401
27.0617
26.9779
26.8887
26.7936
26.6926
26.5853
26.4717
26.3514
26.2242
26.09
25.9486
25.7998
25.6435
25.4795
27.9272
27.9253
27.9214
27.9153
27.9072
27.897
27.8847
27.8701
27.8534
27.8344
27.813
27.7892
27.7628
27.7338
27.7019
27.6671
27.6292
27.588
27.5434
27.4951
27.4431
27.387
27.3266
27.2619
27.1926
27.1183
27.039
26.9543
26.8642
26.7683
26.6664
26.5583
26.4439
26.3228
26.195
26.0601
25.9182
25.7688
25.6121
25.4477
27.9193
27.9173
27.9133
27.9072
27.8989
27.8885
27.8759
27.8611
27.8441
27.8247
27.8029
27.7787
27.7518
27.7223
27.6899
27.6544
27.616
27.5741
27.5288
27.4798
27.427
27.3702
27.3091
27.2436
27.1734
27.0984
27.0182
26.9328
26.8418
26.7452
26.6425
26.5337
26.4186
26.2968
26.1684
26.0329
25.8904
25.7407
25.5835
25.4188
27.9121
27.9101
27.906
27.8998
27.8914
27.8808
27.868
27.8529
27.8356
27.8159
27.7938
27.7691
27.7418
27.7118
27.679
27.643
27.604
27.5616
27.5156
27.466
27.4126
27.3551
27.2933
27.227
27.1562
27.0804
26.9996
26.9134
26.8217
26.7244
26.6211
26.5116
26.3958
26.2735
26.1445
26.0085
25.8655
25.7154
25.5579
25.3929
27.9057
27.9037
27.8995
27.8932
27.8847
27.8739
27.8609
27.8456
27.828
27.8081
27.7856
27.7607
27.7329
27.7026
27.6693
27.6328
27.5933
27.5504
27.5039
27.4538
27.3997
27.3417
27.2793
27.2124
27.1409
27.0645
26.983
26.8963
26.8039
26.706
26.6021
26.492
26.3757
26.2528
26.1233
25.987
25.8435
25.693
25.5352
25.3699
27.9001
27.8981
27.8939
27.8875
27.8788
27.8679
27.8548
27.8393
27.8215
27.8012
27.7785
27.7533
27.7252
27.6945
27.6608
27.624
27.584
27.5407
27.4937
27.4431
27.3886
27.33
27.2671
27.1997
27.1277
27.0507
26.9687
26.8814
26.7885
26.69
26.5856
26.475
26.3583
26.2349
26.105
25.9682
25.8245
25.6737
25.5155
25.3501
27.8954
27.8934
27.8891
27.8826
27.8739
27.8628
27.8495
27.8339
27.8159
27.7954
27.7725
27.747
27.7187
27.6876
27.6536
27.6165
27.5762
27.5324
27.4851
27.4341
27.3791
27.3201
27.2568
27.1889
27.1165
27.039
26.9566
26.8688
26.7755
26.6766
26.5717
26.4607
26.3435
26.2198
26.0895
25.9525
25.8084
25.6573
25.499
25.3333
27.8916
27.8895
27.8852
27.8787
27.8698
27.8587
27.8453
27.8295
27.8114
27.7907
27.7676
27.7419
27.7134
27.682
27.6478
27.6104
27.5698
27.5257
27.4781
27.4268
27.3715
27.3121
27.2484
27.1802
27.1074
27.0296
26.9467
26.8586
26.7649
26.6656
26.5604
26.4491
26.3316
26.2076
26.077
25.9397
25.7954
25.6441
25.4856
25.3198
27.8886
27.8866
27.8823
27.8756
27.8668
27.8556
27.842
27.8262
27.8079
27.7872
27.7639
27.738
27.7093
27.6778
27.6433
27.6058
27.5649
27.5207
27.4728
27.4212
27.3657
27.306
27.2421
27.1736
27.1004
27.0224
26.9393
26.8508
26.7569
26.6573
26.5519
26.4403
26.3225
26.1983
26.0675
25.93
25.7855
25.634
25.4754
25.3095
27.8867
27.8846
27.8803
27.8736
27.8647
27.8535
27.8399
27.8239
27.8056
27.7848
27.7614
27.7353
27.7066
27.675
27.6403
27.6027
27.5616
27.5172
27.4692
27.4174
27.3618
27.3019
27.2378
27.1692
27.0958
27.0175
26.9342
26.8456
26.7515
26.6517
26.5461
26.4344
26.3164
26.1921
26.0611
25.9234
25.7789
25.6272
25.4685
25.3026
27.8856
27.8836
27.8793
27.8726
27.8636
27.8524
27.8387
27.8228
27.8044
27.7835
27.7601
27.734
27.7052
27.6735
27.6388
27.6011
27.56
27.5155
27.4674
27.4155
27.3598
27.2998
27.2356
27.1669
27.0934
27.0151
26.9317
26.8429
26.7488
26.6488
26.5432
26.4314
26.3133
26.1889
26.0579
25.9201
25.7755
25.6238
25.4651
25.2991
39.6322
39.1427
37.3117
35.3379
33.6433
32.3064
31.2504
30.4057
29.6935
29.0832
28.5329
28.044
27.5788
27.1468
26.713
26.2891
25.8553
25.4213
24.981
24.5354
24.0922
23.6404
23.1967
22.7433
22.2961
21.8377
21.3826
20.9114
20.4496
19.9532
19.4938
18.9559
18.5038
17.917
17.4569
16.8462
16.3373
15.7451
15.1534
14.5711
13.9197
13.3034
12.6035
11.9861
11.1551
10.6094
9.64526
9.08152
8.1482
7.41604
6.58386
5.72703
5.04553
3.9574
3.57763
2.34684
1.94475
1.02144
0.375974
0.0978854
-1.04776
-0.701207
-1.69362
-1.8045
-1.56787
-2.57509
-1.62842
-2.0742
-2.47198
-1.44497
-2.19973
-1.86069
-0.894383
-1.45017
-0.873706
-0.243668
-0.686739
-0.563822
-0.121379
-0.0111271
37.6469
37.5853
36.683
35.2356
33.682
32.3245
31.1914
30.3159
29.5777
28.9988
28.4439
27.992
27.5109
27.1061
26.6508
26.2488
25.7988
25.3784
24.9342
24.4877
24.0563
23.5858
23.1685
22.6822
22.2698
21.7738
21.3555
20.8467
20.4241
19.8868
19.4728
18.8925
18.4791
17.8744
17.4133
16.8397
16.2704
15.7597
15.0839
14.5844
13.8581
13.3267
12.5376
12.0191
11.1101
10.6063
9.67994
9.00988
8.25489
7.33049
6.7194
5.63682
5.16656
3.94344
3.56716
2.54178
1.80048
1.31818
0.195759
0.255392
-0.902602
-0.850523
-1.24152
-2.13638
-1.40292
-2.30208
-2.01323
-1.61236
-2.57068
-1.62366
-1.69019
-2.1924
-0.942787
-1.01118
-1.27788
-0.24134
-0.34668
-0.717937
-0.213143
0.0409799
36.7738
36.8474
36.3052
35.2161
33.8217
32.4623
31.265
30.3145
29.5373
28.9354
28.3942
27.936
27.4787
27.0551
26.6239
26.1943
25.7706
25.3213
24.9021
24.4316
24.0177
23.5335
23.1212
22.6331
22.2137
21.7265
21.2948
20.8008
20.3614
19.8479
19.4006
18.8708
18.3895
17.871
17.3157
16.8316
16.1931
15.7231
15.0455
14.5245
13.8404
13.2668
12.5444
11.9308
11.1848
10.4804
9.78592
8.93192
8.3078
7.37308
6.72867
5.77862
5.11498
4.25531
3.46152
2.83306
1.88225
1.44105
0.568496
0.175968
-0.344467
-0.927091
-1.01769
-1.6458
-1.61807
-1.68765
-2.01613
-1.65779
-1.93884
-1.94334
-1.51169
-1.68432
-1.32902
-0.834749
-0.893692
-0.589573
-0.281654
-0.468009
-0.352793
-0.0213546
36.0776
36.1505
35.7357
34.8892
33.6931
32.4393
31.2591
30.2733
29.4668
28.8274
28.2977
27.8244
27.4021
26.9599
26.5656
26.1091
25.7177
25.2423
24.8444
24.3612
23.9509
23.4736
23.0456
22.5812
22.1327
21.6768
21.2126
20.7516
20.277
19.8046
19.3083
18.836
18.2942
17.8345
17.239
16.7758
16.1511
15.6406
15.0241
14.4332
13.8264
13.1834
12.5447
11.8518
11.2114
10.4276
9.80299
8.94885
8.28472
7.47107
6.69891
5.9272
5.12486
4.43834
3.52615
2.96022
2.12582
1.4958
0.893127
0.268768
-0.0663983
-0.700368
-0.951273
-1.24376
-1.56292
-1.49208
-1.71486
-1.72149
-1.61643
-1.81887
-1.55543
-1.38011
-1.33661
-0.903354
-0.686498
-0.66341
-0.397415
-0.332519
-0.350039
-0.0736154
35.4775
35.5188
35.1899
34.5032
33.5084
32.3747
31.2632
30.2668
29.4496
28.7658
28.2313
27.7378
27.3305
26.8839
26.5047
26.0498
25.6602
25.1941
24.7818
24.3194
23.8821
23.4348
22.9752
22.5404
22.0656
21.6297
21.1486
20.7009
20.212
19.7549
19.242
18.7845
18.2375
17.7723
17.2043
16.7015
16.1343
15.5635
15.0049
14.3739
13.7977
13.1358
12.524
11.822
11.1957
10.4417
9.77568
9.01713
8.26717
7.54851
6.73156
6.02343
5.21046
4.53245
3.70891
3.03962
2.35743
1.64035
1.12043
0.493524
0.0843799
-0.395284
-0.788573
-0.979723
-1.30175
-1.3931
-1.45088
-1.58315
-1.4832
-1.54001
-1.48486
-1.24603
-1.14224
-0.914088
-0.627034
-0.549512
-0.453104
-0.303121
-0.258426
-0.0829013
34.9526
34.9568
34.6893
34.1103
33.2825
32.2688
31.2422
30.2622
29.4411
28.727
28.1714
27.6632
27.2491
26.8106
26.4262
25.9922
25.5872
25.1481
24.7102
24.2758
23.8119
23.3862
22.9103
22.4843
22.0074
21.5685
21.0929
20.6397
20.155
19.6943
19.1872
18.7186
18.1938
17.6976
17.1711
16.6269
16.099
15.5047
14.9602
14.3361
13.7504
13.1077
12.4886
11.8112
11.1595
10.4626
9.75065
9.05511
8.28509
7.58622
6.80167
6.08341
5.31771
4.60548
3.87538
3.15427
2.52753
1.83393
1.28754
0.724295
0.251581
-0.150209
-0.559269
-0.806117
-1.04766
-1.23693
-1.26041
-1.36767
-1.37437
-1.34097
-1.34992
-1.17794
-1.00944
-0.860305
-0.636259
-0.485552
-0.444855
-0.31817
-0.203184
-0.0793757
34.4835
34.46
34.2304
33.7307
33.0236
32.1257
31.1821
30.2442
29.4239
28.6998
28.1156
27.5966
27.1627
26.7356
26.3374
25.9288
25.5078
25.0944
24.6406
24.2219
23.7505
23.3257
22.8555
22.4187
21.9551
21.5024
21.0386
20.5761
20.0993
19.6308
19.1353
18.652
18.1483
17.6308
17.1256
16.5697
16.0467
15.4628
14.9057
14.3046
13.7036
13.0834
12.4549
11.7993
11.1341
10.4704
9.74971
9.07024
8.32317
7.61481
6.87778
6.14322
5.41924
4.69747
4.01368
3.29468
2.67062
2.03161
1.45964
0.929364
0.444319
0.0647751
-0.323207
-0.625188
-0.83548
-1.03383
-1.10005
-1.17029
-1.23294
-1.19717
-1.19167
-1.08372
-0.914389
-0.769925
-0.610598
-0.452472
-0.392438
-0.306328
-0.174624
-0.062927
34.0544
34.0175
33.8041
33.3691
32.7449
31.954
31.0861
30.2053
29.3964
28.6747
28.0652
27.5358
27.0793
26.6587
26.2484
25.8565
25.4307
25.0296
24.5778
24.1583
23.6967
23.2599
22.8041
22.3528
21.9017
21.4397
20.9819
20.5158
20.0427
19.5699
19.0827
18.5906
18.097
17.575
17.0707
16.5235
15.9897
15.4252
14.854
14.2709
13.6659
13.0551
12.4281
11.7835
11.1222
10.467
9.76239
9.07845
8.36642
7.65135
6.94234
6.21499
5.51049
4.80304
4.13347
3.44254
2.81304
2.21147
1.64069
1.11917
0.646723
0.263169
-0.109758
-0.429005
-0.642858
-0.826038
-0.935532
-1.00004
-1.07703
-1.06524
-1.04484
-0.972263
-0.830476
-0.690696
-0.562887
-0.430776
-0.3511
-0.281563
-0.163185
-0.0547644
33.6576
33.6167
33.4071
33.0239
32.4615
31.7605
30.9636
30.1426
29.3577
28.6442
28.0192
27.4799
27.0031
26.5814
26.1637
25.7767
25.3568
24.956
24.5179
24.09
23.6439
23.195
22.7503
22.2915
21.844
21.3819
20.9224
20.4585
19.9849
19.5116
19.0282
18.5336
18.0424
17.5246
17.0143
16.4788
15.9372
15.3835
14.8105
14.233
13.6344
13.0252
12.4051
11.7689
11.1148
10.4614
9.77773
9.09288
8.40448
7.69511
7.00044
6.29098
5.59912
4.91088
4.24641
3.58718
2.96006
2.37673
1.81874
1.30519
0.842945
0.452526
0.0901381
-0.226347
-0.455073
-0.634413
-0.767299
-0.843943
-0.919965
-0.93005
-0.908921
-0.857455
-0.745917
-0.621671
-0.507378
-0.401376
-0.319703
-0.251442
-0.151155
-0.0479398
33.2902
33.246
33.0387
32.6933
32.1829
31.5517
30.823
30.0571
29.3057
28.605
27.975
27.4268
26.9341
26.5052
26.0837
25.6932
25.2832
24.8784
24.4556
24.0218
23.5868
23.134
22.6919
22.2343
21.7839
21.3258
20.8632
20.4013
19.928
19.4544
18.9727
18.4795
17.9867
17.4754
16.9603
16.4322
15.8903
15.3385
14.7723
14.1944
13.605
12.9967
12.3848
11.7554
11.1079
10.4596
9.79194
9.11473
8.43613
7.74308
7.05782
6.36744
5.68756
5.01496
4.36044
3.7246
3.10822
2.53349
1.99077
1.48906
1.0305
0.637152
0.283494
-0.0283729
-0.269344
-0.457561
-0.601297
-0.689067
-0.765853
-0.793848
-0.781232
-0.74703
-0.660343
-0.554595
-0.452779
-0.363209
-0.289794
-0.223526
-0.137131
-0.0428712
32.9502
32.8981
32.6971
32.3764
31.9123
31.3347
30.6687
29.9531
29.2384
28.5566
27.9287
27.3749
26.8715
26.4307
26.0076
25.609
25.2082
24.8001
24.3884
23.9552
23.5245
23.0756
22.6308
22.1785
21.7239
21.2694
20.8055
20.3434
19.8723
19.3973
18.9176
18.426
17.9323
17.4252
16.9098
16.3843
15.846
15.2945
14.7348
14.1586
13.575
12.9721
12.3654
11.7425
11.1028
10.4618
9.80556
9.13854
8.46734
7.79224
7.11717
6.44255
5.77395
5.11712
4.47554
3.85581
3.25406
2.6859
2.15777
1.66724
1.21177
0.818268
0.469854
0.161608
-0.0876006
-0.288189
-0.437816
-0.533748
-0.615795
-0.661128
-0.661408
-0.640446
-0.57289
-0.485456
-0.399688
-0.320699
-0.258307
-0.199081
-0.122822
-0.0381026
32.6343
32.57
32.3785
32.0736
31.6495
31.1153
30.5036
29.8352
29.1565
28.4985
27.878
27.3223
26.8126
26.3592
25.9342
25.5268
25.1311
24.7227
24.3166
23.889
23.459
23.0165
22.5695
22.1212
21.6654
21.2118
20.7488
20.286
19.8165
19.3416
18.8626
18.373
17.8796
17.374
16.8623
16.3361
15.8031
15.2531
14.6971
14.1258
13.545
12.9507
12.346
11.7317
11.0996
10.4663
9.81907
9.16258
8.50221
7.84051
7.17767
6.51514
5.85958
5.21872
4.58966
3.9828
3.39513
2.8361
2.32005
1.83787
1.38829
0.995215
0.649819
0.344173
0.0888722
-0.12125
-0.277884
-0.381409
-0.471051
-0.533462
-0.54645
-0.533932
-0.484088
-0.415676
-0.346924
-0.278128
-0.225487
-0.176311
-0.108929
-0.0328255
32.3384
32.2606
32.0782
31.7857
31.3934
30.8978
30.3306
29.7069
29.0624
28.4299
27.8221
27.2669
26.7555
26.2906
25.8624
25.4481
25.0524
24.6465
24.2415
23.8216
23.392
22.9553
22.509
22.0622
21.6083
21.1535
20.6929
20.2292
19.7608
19.2869
18.808
18.3207
17.8279
17.3239
16.8154
16.2896
15.7607
15.2141
14.66
14.0945
13.5171
12.9299
12.3283
11.723
11.098
10.4721
9.83333
9.18794
8.53999
7.88716
7.23743
6.58761
5.94545
5.31859
4.70167
4.10582
3.53205
2.98438
2.47688
2.00206
1.55961
1.16818
0.824581
0.519152
0.259804
0.0435641
-0.121375
-0.234192
-0.332581
-0.408212
-0.432165
-0.427977
-0.397081
-0.347068
-0.293793
-0.236687
-0.192293
-0.152915
-0.0944778
-0.0273057
32.0586
31.969
31.7926
31.5124
31.1444
30.6835
30.153
29.5703
28.9584
28.3512
27.7601
27.2078
26.6978
26.2245
25.7918
25.3726
24.9736
24.5705
24.1654
23.752
23.3243
22.892
22.4484
22.0024
21.551
21.0958
20.6369
20.1733
19.7057
19.2327
18.7547
18.2684
17.7776
17.2747
16.7685
16.2456
15.7182
15.1771
14.6239
14.0646
13.4912
12.9095
12.3136
11.715
11.0982
10.4785
9.84964
9.21483
8.57767
7.93337
7.29707
6.66109
6.03024
5.41561
4.81111
4.22614
3.66637
3.12894
2.62816
2.16126
1.72525
1.33738
0.994011
0.686785
0.425664
0.205945
0.0318139
-0.0934254
-0.199174
-0.282457
-0.318214
-0.326259
-0.313379
-0.279309
-0.239796
-0.19525
-0.158487
-0.127515
-0.0795189
-0.0226495
31.7918
31.6942
31.5198
31.2523
30.9031
30.4725
29.974
29.4268
28.847
28.2634
27.6912
27.145
26.6376
26.1604
25.7219
25.2998
24.8957
24.4945
24.0895
23.68
23.2565
22.8268
22.3872
21.9425
21.493
21.0391
20.5805
20.1184
19.6509
19.1792
18.7022
18.2165
17.7284
17.2261
16.7223
16.2033
15.6766
15.1411
14.5896
14.0361
13.4665
12.8903
12.301
11.7075
11.0999
10.4859
9.86824
9.24181
8.61441
7.98152
7.35657
6.734
6.11325
5.50991
4.91908
4.34491
3.79698
3.26856
2.7747
2.31624
1.886
1.50178
1.15773
0.848536
0.587323
0.364937
0.180049
0.0422268
-0.0681857
-0.157156
-0.207117
-0.229932
-0.2317
-0.211403
-0.184391
-0.152367
-0.124425
-0.101849
-0.0651605
-0.018597
31.5364
31.434
31.2592
31.0037
30.6701
30.265
29.7955
29.2784
28.7296
28.1682
27.6153
27.0782
26.5745
26.0967
25.6527
25.2287
24.8196
24.4189
24.014
23.607
23.1878
22.7606
22.3251
21.8823
21.4347
20.9824
20.5245
20.0638
19.5969
19.1261
18.6504
18.1658
17.6794
17.179
16.677
16.1619
15.6365
15.1056
14.5579
14.0081
13.4432
12.8727
12.2899
11.7012
11.1028
10.4953
9.88745
9.26875
8.65181
8.03136
7.41496
6.80525
6.19522
5.60283
5.02588
4.46085
3.92273
3.4043
2.91743
2.46729
2.04216
1.65972
1.31629
1.00648
0.744652
0.518384
0.323238
0.175876
0.0607204
-0.0356967
-0.0998061
-0.136718
-0.150783
-0.142894
-0.127773
-0.108949
-0.0916974
-0.0773994
-0.0507948
-0.0140507
31.292
31.186
31.0107
30.7646
30.4456
30.0612
29.618
29.1272
28.6065
28.0673
27.5325
27.0073
26.508
26.0323
25.5845
25.1582
24.7457
24.3436
23.9393
23.5338
23.118
22.6942
22.2616
21.8218
21.3759
20.9254
20.4691
20.009
19.544
19.0734
18.5995
18.1161
17.6309
17.1336
16.6322
16.1216
15.5977
15.0711
14.5278
13.9806
13.4219
12.8562
12.2801
11.696
11.1067
10.5066
9.90613
9.29712
8.69005
8.08093
7.47269
6.87489
6.27716
5.69473
5.12955
4.57339
4.04478
3.53733
3.05651
2.61354
2.19322
1.81149
1.47106
1.16137
0.896136
0.665549
0.463346
0.308253
0.185873
0.0807459
0.00490865
-0.0447827
-0.0705019
-0.0741794
-0.0717969
-0.0665834
-0.0597981
-0.0530943
-0.0356714
-0.00914296
31.0581
30.9486
30.7735
30.5341
30.2291
29.8616
29.4422
28.9749
28.479
27.9619
27.4436
26.9321
26.4382
25.9663
25.5166
25.0883
24.6735
24.2691
23.8655
23.4606
23.0476
22.6272
22.1971
21.7608
21.3168
20.8684
20.414
19.9545
19.4915
19.0213
18.5495
18.0671
17.5833
17.0891
16.5884
16.082
15.5605
15.0376
14.4986
13.9546
13.4022
12.8404
12.2715
11.6925
11.1115
10.5191
9.92498
9.32715
8.72826
8.1296
7.53065
6.9434
6.35881
5.78448
5.22944
4.68407
4.16422
3.66698
3.19144
2.75432
2.33979
1.95906
1.62194
1.31191
1.04128
0.807886
0.601368
0.437851
0.306955
0.193139
0.107144
0.0462625
0.00925865
-0.00665142
-0.0178317
-0.0246455
-0.0270364
-0.0283688
-0.0205401
-0.00443461
30.8345
30.7207
30.5466
30.3121
30.0195
29.6671
29.268
28.8225
28.3483
27.8525
27.35
26.8523
26.3657
25.8982
25.4486
25.0189
24.6022
24.196
23.7921
23.3878
22.977
22.5593
22.1324
21.6988
21.2579
20.8111
20.3589
19.9008
19.4392
18.9704
18.4998
18.0192
17.5366
17.0453
16.5459
16.0432
15.5248
15.0048
14.4706
13.9303
13.3835
12.8255
12.264
11.6909
11.1164
10.5323
9.94503
9.35765
8.76634
8.17762
7.58906
7.0111
6.43861
5.87209
5.32698
4.79335
4.28055
3.79207
3.32262
2.89046
2.48261
2.10309
1.76737
1.45725
1.18179
0.946704
0.736396
0.563706
0.424463
0.30182
0.206831
0.137038
0.0880395
0.0583006
0.0346685
0.0178531
0.00679619
-0.00358431
-0.00610806
-3.44326e-05
30.6204
30.5015
30.329
30.0984
29.8162
29.4778
29.0957
28.6707
28.2154
27.7397
27.2527
26.7683
26.2904
25.8275
25.3802
24.9494
24.5317
24.124
23.7193
23.3159
22.9062
22.4912
22.0675
21.6362
21.1989
20.7535
20.3041
19.8473
19.3872
18.9205
18.4505
17.9725
17.4907
17.0023
16.5047
16.005
15.4904
14.9727
14.444
13.9072
13.3655
12.8122
12.2573
11.6908
11.1214
10.5467
9.96657
9.38755
8.80476
8.22539
7.64758
7.07779
6.51579
5.9589
5.42287
4.89988
4.39335
3.91297
3.45101
3.02257
2.62112
2.24305
1.90701
1.59811
1.31932
1.08158
0.867194
0.685833
0.53832
0.407718
0.305113
0.226769
0.164308
0.120688
0.0869319
0.0611295
0.0413159
0.0208747
0.00732516
0.00413036
30.4146
30.2908
30.1195
29.8926
29.6189
29.2934
28.926
28.5196
28.0815
27.6242
27.1523
26.6806
26.2121
25.7547
25.3106
24.8798
24.4617
24.0528
23.6474
23.2443
22.8358
22.423
22.0023
21.5735
21.1394
20.6961
20.2491
19.7942
19.3357
18.8709
18.402
17.9265
17.4455
16.9602
16.4647
15.9676
15.4571
14.9417
14.4186
13.8849
13.3485
12.8007
12.251
11.6917
11.1272
10.5619
9.98898
9.41674
8.84395
8.27311
7.70535
7.14332
6.59104
6.04526
5.51651
5.00268
4.50341
4.03072
3.57621
3.15059
2.7548
2.37893
2.04203
1.73506
1.45375
1.21157
0.993607
0.804553
0.649101
0.51236
0.401486
0.31311
0.237732
0.182207
0.140037
0.1049
0.075375
0.0441486
0.0200879
0.0085096
30.216
30.0884
29.9172
29.6944
29.4274
29.1137
28.7593
28.3693
27.9475
27.5065
27.0495
26.5897
26.131
25.6798
25.2394
24.81
24.3917
23.9823
23.5765
23.1733
22.7663
22.3547
21.9372
21.5107
21.0794
20.6389
20.1936
19.7415
19.2845
18.8217
18.3544
17.8812
17.4015
16.9189
16.4259
15.9309
15.4249
14.912
14.3939
13.8639
13.3325
12.7906
12.245
11.6936
11.1347
10.5772
10.0118
9.44625
8.88358
8.32056
7.76168
7.20817
6.66529
6.12998
5.60754
5.10227
4.61154
4.14529
3.69732
3.27506
2.88375
2.51104
2.17345
1.86761
1.58416
1.33705
1.11618
0.920268
0.757711
0.615129
0.494167
0.39566
0.309972
0.244571
0.193541
0.147576
0.107426
0.0665022
0.0335685
0.0133974
30.0241
29.8935
29.7218
29.5032
29.2416
28.9384
28.5956
28.2203
27.8137
27.3873
26.9447
26.4962
26.0474
25.6029
25.1667
24.7397
24.3216
23.9124
23.5063
23.103
22.6973
22.2867
21.8722
21.4478
21.0192
20.5816
20.1382
19.6891
19.2336
18.7732
18.3074
17.8365
17.3586
16.8782
16.3883
15.8951
15.3937
14.8835
14.3698
13.8443
13.3173
12.7814
12.2398
11.6963
11.1435
10.5919
10.0352
9.47671
8.92262
8.36752
7.81687
7.27284
6.73842
6.21186
5.6967
5.19963
4.71724
4.25628
3.81455
3.39635
3.00828
2.63961
2.30125
1.99515
1.71058
1.4591
1.23502
1.03314
0.863926
0.714399
0.583405
0.476066
0.382244
0.307223
0.245414
0.188038
0.137961
0.0896133
0.0484427
0.0182337
29.8383
29.7055
29.5332
29.3181
29.0615
28.7673
28.4351
28.0729
27.6802
27.2675
26.8383
26.4007
25.9617
25.5238
25.0928
24.6685
24.2516
23.8428
23.4367
23.0336
22.6289
22.2193
21.807
21.3851
20.9589
20.5242
20.0831
19.6367
19.1831
18.7253
18.261
17.7926
17.3168
16.8383
16.3517
15.8603
15.3633
14.8562
14.3463
13.8262
13.3028
12.773
12.2361
11.6993
11.1531
10.6067
10.0593
9.50778
8.96057
8.41425
7.8717
7.33686
6.80969
6.29115
5.78482
5.29479
4.81958
4.36404
3.92834
3.51429
3.12906
2.76426
2.42491
2.11828
1.83354
1.5779
1.34987
1.14314
0.967071
0.810082
0.670671
0.555233
0.453819
0.36823
0.294921
0.227366
0.16867
0.113997
0.0636398
0.0224191
29.6583
29.5238
29.3509
29.1389
28.8869
28.6004
28.278
27.9271
27.5475
27.1474
26.7305
26.3037
25.8738
25.4431
25.0174
24.5963
24.1814
23.7734
23.3678
22.9649
22.5609
22.1526
21.7419
21.3227
20.8987
20.467
20.0283
19.5843
19.1331
18.6776
18.2154
17.7492
17.276
16.7991
16.316
15.8268
15.3334
14.8302
14.3237
13.8091
13.2892
12.7652
12.2339
11.7021
11.1634
10.6225
10.0833
9.53893
8.99798
8.46096
7.92624
7.39917
6.87923
6.3691
5.87147
5.38723
4.91856
4.46905
4.03889
3.62893
3.24629
2.88429
2.54489
2.23802
1.95267
1.69302
1.46112
1.25018
1.06691
0.903033
0.756462
0.6328
0.523392
0.426906
0.34325
0.266877
0.200055
0.138378
0.0778497
0.02617
29.4838
29.3479
29.1745
28.9652
28.7175
28.4376
28.1242
27.7832
27.4157
27.0271
26.6221
26.2054
25.7844
25.361
24.9405
24.5235
24.1109
23.704
23.2994
22.8967
22.4937
22.0864
21.6772
21.2605
20.8386
20.4101
19.9735
19.5323
19.0834
18.6302
18.1706
17.7063
17.2361
16.7607
16.2811
15.7945
15.3041
14.8054
14.302
13.7925
13.2766
12.7582
12.2325
11.7053
11.1744
10.6393
10.1068
9.57014
9.03572
8.50721
7.97982
7.45971
6.94796
6.44589
5.95538
5.47708
5.01481
4.57139
4.14637
3.74009
3.35956
3.00013
2.66204
2.35416
2.06743
1.8048
1.56929
1.35388
1.16367
0.993839
0.840367
0.70827
0.590482
0.483932
0.3914
0.306716
0.231407
0.161274
0.0909523
0.0301736
29.3147
29.1773
29.0037
28.7967
28.5531
28.2789
27.9735
27.6416
27.285
26.9071
26.5132
26.1062
25.6937
25.2776
24.8623
24.4499
24.0397
23.6347
23.2314
22.8291
22.4272
22.0207
21.613
21.1988
20.7789
20.3534
19.9189
19.4805
19.034
18.5832
18.1265
17.6638
17.197
16.7235
16.2468
15.7635
15.2754
14.7815
14.2814
13.7764
13.2653
12.7517
12.2318
11.7094
11.1855
10.6565
10.1299
9.6015
9.07385
8.55223
8.03232
7.5194
7.01592
6.52061
6.03637
5.56511
5.10875
4.67088
4.25053
3.84751
3.46933
3.11279
2.77591
2.46609
2.17837
1.91363
1.67421
1.4541
1.25783
1.08246
0.921908
0.781492
0.655379
0.54008
0.4394
0.346329
0.261689
0.182327
0.103879
0.0347988
29.1508
29.0116
28.8381
28.633
28.3934
28.1242
27.8262
27.5024
27.1556
26.7876
26.404
26.0064
25.6021
25.1931
24.7832
24.3754
23.9682
23.5653
23.1635
22.762
22.3613
21.9557
21.5495
21.1374
20.7195
20.2969
19.8647
19.4289
18.9851
18.5365
18.083
17.6221
17.1583
16.6875
16.2131
15.7334
15.2479
14.7582
14.2618
13.761
13.255
12.7457
12.2315
11.7145
11.1965
10.6742
10.1532
9.63269
9.11178
8.59611
8.08419
7.57858
7.08215
6.59299
6.11545
5.65147
5.20025
4.76713
4.3512
3.95186
3.57627
3.222
2.88561
2.57435
2.28626
2.01913
1.77574
1.55128
1.3495
1.16851
1.00101
0.852615
0.718641
0.595587
0.486655
0.384946
0.290504
0.202498
0.11743
0.0397444
28.9918
28.8507
28.6774
28.4739
28.2382
27.9734
27.6821
27.3655
27.0276
26.6689
26.2947
25.9063
25.5097
25.1079
24.7032
24.3001
23.8963
23.4956
23.0959
22.6954
22.296
21.8917
21.4864
21.0766
20.6605
20.2406
19.811
19.3774
18.9369
18.4901
18.0398
17.5813
17.1199
16.6525
16.1801
15.7041
15.2217
14.7352
14.2433
13.7465
13.2454
12.7405
12.2319
11.7203
11.2076
10.6921
10.1769
9.66332
9.14922
8.6396
8.13548
7.63665
7.14626
6.66384
6.19321
5.73542
5.289
4.86019
4.44896
4.0537
3.67992
3.3271
2.99156
2.67989
2.39088
2.12095
1.87418
1.64563
1.43848
1.25189
1.07792
0.92185
0.780569
0.650064
0.532525
0.422283
0.318474
0.222835
0.131334
0.0444608
28.8377
28.6943
28.5213
28.3193
28.0872
27.8265
27.5411
27.2311
26.9012
26.5511
26.1855
25.8061
25.4168
25.0221
24.6227
24.2239
23.8241
23.4256
23.0285
22.6293
22.2311
21.8285
21.4238
21.0164
20.602
20.1846
19.758
19.3263
18.8891
18.4443
17.9969
17.5414
17.082
16.6184
16.148
15.6755
15.1965
14.7129
14.2257
13.7327
13.2361
12.7361
12.2326
11.7265
11.219
10.71
10.2008
9.69338
9.18617
8.68309
8.1857
7.69312
7.20897
6.73365
6.269
5.81645
5.37526
4.95076
4.54419
4.15243
3.77981
3.42859
3.09462
2.78254
2.49172
2.21942
1.96968
1.73718
1.52483
1.33269
1.15272
0.989248
0.841067
0.703098
0.576939
0.458612
0.346311
0.243425
0.144754
0.0487284
28.6884
28.5424
28.3695
28.1688
27.94
27.6833
27.4032
27.0995
26.7766
26.4346
26.0768
25.7059
25.3237
24.9357
24.5418
24.1472
23.7516
23.3555
22.961
22.5637
22.1665
21.766
21.362
20.9566
20.5441
20.1288
19.7055
19.2756
18.8417
18.3992
17.9543
17.5022
17.0448
16.5846
16.1171
15.6474
15.1722
14.6915
14.2086
13.7197
13.2275
12.7325
12.2338
11.733
11.231
10.7278
10.2248
9.72306
9.22272
8.72631
8.23452
7.74834
7.27084
6.80181
6.34227
5.89502
5.45952
5.03912
4.63631
4.24753
3.87666
3.52728
3.19464
2.88163
2.58901
2.31494
2.06221
1.82613
1.60854
1.41086
1.22543
1.05487
0.900063
0.754611
0.62006
0.494156
0.374238
0.263788
0.157156
0.0526562
28.5436
28.3948
28.222
28.0222
27.7966
27.5438
27.2683
26.9705
26.6537
26.3193
25.9687
25.6057
25.2307
24.8489
24.4609
24.0701
23.6787
23.2854
22.8934
22.4985
22.1025
21.7041
21.3011
20.8973
20.4871
20.0734
19.6534
19.2256
18.7945
18.3549
17.912
17.4636
17.0083
16.5513
16.0872
15.6199
15.1487
14.6713
14.1919
13.7076
13.2194
12.7293
12.2355
11.7397
11.2433
10.7457
10.2486
9.75261
9.25882
8.76864
8.28229
7.80274
7.33145
6.86776
6.41345
5.9718
5.54164
5.12482
4.72507
4.33964
3.97118
3.62295
3.29097
2.97724
2.68345
2.40762
2.1518
1.91235
1.68946
1.48656
1.29611
1.1189
0.957417
0.804478
0.662031
0.529163
0.402131
0.283339
0.168503
0.0564847
28.4029
28.2516
28.0785
27.8796
27.6567
27.4077
27.1365
26.8442
26.5329
26.2055
25.8616
25.5057
25.1378
24.7618
24.3798
23.993
23.6055
23.2155
22.8256
22.4337
22.039
21.6425
21.2411
20.8384
20.4307
20.0186
19.6016
19.1763
18.7476
18.3113
17.8704
17.4254
16.9728
16.5184
16.0581
15.5932
15.1259
14.6519
14.1757
13.6961
13.212
12.7266
12.2376
11.7468
11.256
10.7635
10.272
9.78221
9.29417
8.80987
8.32962
7.85608
7.39024
6.93189
6.48313
6.04667
5.62108
5.20775
4.81111
4.42927
4.06297
3.71513
3.38374
3.06998
2.77528
2.49725
2.23834
1.99568
1.76793
1.56008
1.3648
1.18125
1.01274
0.852821
0.703305
0.563731
0.429332
0.301703
0.179293
0.0604563
28.2662
28.1127
27.9389
27.7409
27.5202
27.2749
27.0075
26.7205
26.4143
26.093
25.7556
25.4061
25.0452
24.6748
24.2985
23.9161
23.532
23.1456
22.758
22.3689
21.9762
21.5813
21.182
20.7804
20.375
19.9646
19.5501
19.1278
18.7011
18.2683
17.8295
17.3874
16.9381
16.486
16.0294
15.5674
15.1035
14.6334
14.1604
13.6851
13.2052
12.7241
12.2402
11.7542
11.2686
10.7812
10.2954
9.81155
9.32864
8.85033
8.37644
7.90793
7.44738
6.99473
6.55116
6.11919
5.69782
5.28838
4.89492
4.51609
4.15147
3.80415
3.47363
3.16004
2.86412
2.58371
2.32193
2.07636
1.84435
1.63136
1.43129
1.2416
1.06615
0.90026
0.744001
0.59725
0.455203
0.319356
0.190222
0.064512
28.1332
27.9778
27.8032
27.6061
27.3868
27.1453
26.8815
26.5992
26.298
25.9819
25.651
25.3071
24.9528
24.5881
24.217
23.8394
23.4585
23.0757
22.6906
22.3042
21.9139
21.5206
21.1236
20.7232
20.3197
19.9114
19.4991
19.0798
18.6554
18.2257
17.7894
17.35
16.904
16.4543
16.0013
15.5425
15.0817
14.6157
14.1459
13.6746
13.1989
12.7221
12.2433
11.7619
11.2811
10.7992
10.3186
9.84024
9.36263
8.89019
8.42219
7.95841
7.5033
7.05616
6.61722
6.18934
5.7723
5.36692
4.97625
4.59973
4.23688
3.89069
3.56085
3.24696
2.94976
2.66734
2.40291
2.15459
1.91855
1.70018
1.49546
1.30005
1.11829
0.946846
0.783425
0.629247
0.480137
0.33715
0.20131
0.0682997
28.0037
27.8468
27.6712
27.4748
27.2569
27.0185
26.7584
26.4803
26.184
25.8726
25.5476
25.2091
24.8608
24.5018
24.1355
23.763
23.3853
23.0059
22.6236
22.2395
21.8521
21.4606
21.0656
20.667
20.2651
19.859
19.4487
19.0322
18.6103
18.1834
17.75
17.3131
16.8704
16.4233
15.9736
15.5183
15.0606
14.5985
14.1321
13.6645
13.1932
12.7204
12.2465
11.7697
11.2937
10.8174
10.3413
9.86838
9.39643
8.92915
8.46659
8.00794
7.55801
7.11587
6.68125
6.25745
5.84477
5.44311
5.05486
4.68044
4.31971
3.97487
3.64505
3.33053
3.03251
2.74858
2.48135
2.23011
1.99032
1.76673
1.55749
1.35698
1.16928
0.991824
0.821287
0.660242
0.504847
0.355065
0.211949
0.0716837
27.8776
27.7195
27.5428
27.3472
27.1304
26.8946
26.6381
26.3638
26.0723
25.7652
25.4454
25.1123
24.7692
24.416
24.0543
23.6866
23.3127
22.9362
22.557
22.1752
21.7905
21.4012
21.0082
20.6115
20.2113
19.8074
19.399
18.9852
18.566
18.1417
17.7114
17.2769
16.8373
16.3932
15.9465
15.4948
15.0401
14.5818
14.1191
13.655
13.1879
12.7192
12.2498
11.7776
11.3065
10.8353
10.3638
9.89619
9.42979
8.96703
8.50983
8.05663
7.61127
7.17375
6.74348
6.32381
5.91514
5.51666
5.13089
4.75875
4.40009
4.0562
3.72614
3.41123
3.11275
2.82734
2.55701
2.30287
2.05985
1.83129
1.61759
1.41238
1.21859
1.03498
0.858183
0.690733
0.52919
0.372463
0.221885
0.074881
27.7548
27.5956
27.4179
27.2228
27.0073
26.7734
26.5205
26.2496
25.9627
25.6598
25.3446
25.0168
24.6784
24.3307
23.9736
23.6103
23.2405
22.8668
22.4908
22.1112
21.7292
21.3425
20.9513
20.5568
20.1583
19.7563
19.3502
18.9387
18.5221
18.1006
17.6733
17.2414
16.8048
16.3637
15.9199
15.4717
15.0203
14.5656
14.1065
13.646
13.183
12.7182
12.2533
11.7859
11.3192
10.8529
10.3862
9.92356
9.46236
9.00403
8.55214
8.10422
7.66298
7.22994
6.80412
6.3884
5.98312
5.58762
5.2047
4.83484
4.47766
4.13444
3.80465
3.48951
3.19026
2.9033
2.63002
2.37317
2.12724
1.89397
1.67568
1.46589
1.26613
1.07686
0.89441
0.720443
0.552701
0.389151
0.231411
0.0780747
27.6353
27.475
27.2967
27.1016
26.8876
26.6552
26.4055
26.1379
25.8551
25.5566
25.2454
24.9224
24.5885
24.2458
23.8935
23.5343
23.1687
22.7979
22.4248
22.0479
21.6682
21.2843
20.8951
20.5028
20.1062
19.706
19.3021
18.8929
18.4789
18.0602
17.6357
17.2068
16.773
16.3347
15.894
15.4491
15.001
14.55
14.0945
13.6377
13.1786
12.7176
12.257
11.7943
11.3317
10.8704
10.4085
9.9503
9.49413
9.04045
8.59345
8.1504
7.71324
7.2847
6.86322
6.45095
6.04875
5.65642
5.27639
4.90846
4.55227
4.20997
3.881
3.56523
3.26473
2.97654
2.70082
2.44114
2.19236
1.95471
1.73171
1.5175
1.3123
1.11769
0.929591
0.749102
0.575359
0.405347
0.240809
0.0812485
27.5192
27.3575
27.1788
26.9836
26.771
26.54
26.293
26.0288
25.7495
25.4554
25.1478
24.8294
24.4998
24.1616
23.8141
23.4587
23.0973
22.7297
22.3593
21.9852
21.6076
21.2265
20.8397
20.4493
20.055
19.6565
19.2548
18.8478
18.4363
18.0204
17.5988
17.1727
16.7419
16.3064
15.8686
15.4269
14.9822
14.5348
14.083
13.6298
13.1746
12.7172
12.2608
11.8026
11.3442
10.8877
10.4305
9.97641
9.52527
9.07629
8.63357
8.19515
7.76229
7.33808
6.92048
6.51136
6.11246
5.72328
5.34561
4.97938
4.62433
4.28323
3.95493
3.63813
3.33637
3.04739
2.7695
2.50664
2.25513
2.01354
1.78576
1.56744
1.35724
1.15718
0.963504
0.776887
0.5973
0.421176
0.250143
0.0843323
27.4064
27.243
27.0641
26.8687
26.6574
26.4279
26.183
25.922
25.646
25.356
25.0522
24.7376
24.4124
24.0781
23.7353
23.3838
23.0262
22.6622
22.2943
21.9231
21.5477
21.1691
20.7849
20.3965
20.0045
19.6079
19.2082
18.8037
18.3944
17.9812
17.5625
17.1393
16.7114
16.2787
15.8438
15.4054
14.9639
14.5201
14.072
13.6222
13.1709
12.7173
12.2647
11.8109
11.3566
10.9047
10.4522
10.0021
9.55581
9.11129
8.67249
8.2387
7.81017
7.38981
6.9758
6.56996
6.17447
5.78796
5.41215
5.04789
4.69437
4.35405
4.02595
3.70847
3.40567
3.11585
2.83584
2.5697
2.31564
2.0705
1.83809
1.6158
1.40071
1.19518
0.996354
0.803956
0.618501
0.436641
0.259375
0.0872956
27.2967
27.1317
26.9524
26.757
26.5466
26.3189
26.0756
25.8176
25.5446
25.2584
24.9585
24.6473
24.3262
23.9957
23.6572
23.3098
22.9556
22.5952
22.2299
21.8615
21.4886
21.1122
20.7308
20.3445
19.9547
19.5602
19.1624
18.7603
18.3532
17.9426
17.5268
17.1063
16.6816
16.2517
15.8196
15.3845
14.946
14.5058
14.0614
13.6149
13.1675
12.7177
12.2687
11.8193
11.369
10.9213
10.4734
10.0274
9.58562
9.14536
8.71044
8.28117
7.85662
7.43978
7.02951
6.62701
6.23451
5.85029
5.47632
5.11434
4.76228
4.42204
4.09419
3.77675
3.47274
3.18165
2.89978
2.63061
2.37397
2.12562
1.88882
1.66239
1.44258
1.23193
1.02829
0.83021
0.638937
0.451716
0.268432
0.0901522
27.1899
27.0236
26.8437
26.6484
26.4386
26.2127
25.9709
25.7154
25.4454
25.1626
24.8666
24.5587
24.2414
23.9145
23.5799
23.2366
22.8857
22.5289
22.1664
21.8005
21.4302
21.0559
20.6771
20.2932
19.9056
19.5133
19.1175
18.7176
18.3129
17.9047
17.4917
17.074
16.6524
16.2254
15.796
15.364
14.9286
14.4918
14.0512
13.608
13.1645
12.7183
12.2727
11.8276
11.3813
10.9375
10.4942
10.0523
9.61459
9.17859
8.74753
8.32241
7.90154
7.48819
7.08179
6.68229
6.29232
5.91053
5.53857
5.17858
4.82763
4.48741
4.16018
3.84297
3.53734
3.24478
2.96151
2.68957
2.43015
2.17889
1.93786
1.70714
1.48311
1.26763
1.05914
0.855554
0.6587
0.466351
0.277256
0.0929393
27.0857
26.9185
26.7379
26.5428
26.3335
26.1091
25.869
25.6156
25.3485
25.0687
24.7764
24.4718
24.1579
23.8346
23.5034
23.1641
22.8167
22.4631
22.1036
21.7401
21.3725
21.0004
20.6241
20.2426
19.8572
19.4673
19.0734
18.6758
18.2734
17.8675
17.4573
17.0424
16.6236
16.1998
15.773
15.3441
14.9118
14.4782
14.0413
13.6015
13.1615
12.7192
12.277
11.8358
11.3934
10.9533
10.5146
10.0767
9.64279
9.21107
8.78365
8.36232
7.94511
7.53521
7.13245
6.73563
6.34806
5.96904
5.59894
5.2402
4.89045
4.55078
4.22398
3.90665
3.59955
3.30558
3.02114
2.74659
2.48417
2.23017
1.98513
1.75036
1.52246
1.30208
1.08873
0.880115
0.677908
0.480458
0.285816
0.0956853
26.9842
26.8164
26.635
26.4401
26.2311
26.0082
25.7699
25.5183
25.2537
24.9767
24.6879
24.3867
24.0758
23.756
23.4281
23.0925
22.7485
22.398
22.0416
21.6806
21.3156
20.9458
20.5718
20.1928
19.8095
19.422
19.0302
18.6348
18.2347
17.831
17.4236
17.0113
16.5955
16.1749
15.7506
15.3248
14.8955
14.4648
14.0317
13.5953
13.1587
12.7203
12.2814
11.8439
11.4054
10.969
10.5345
10.1004
9.67031
9.24276
8.81874
8.40098
7.98747
7.58074
7.18128
6.78721
6.40204
6.02573
5.65712
5.29929
4.9512
4.6123
4.28521
3.96772
3.65972
3.3643
3.07857
2.80157
2.5361
2.27945
2.03086
1.79226
1.5604
1.33512
1.11724
0.904064
0.69653
0.493928
0.294112
0.0984119
26.8853
26.7172
26.5351
26.3401
26.1316
25.9099
25.6733
25.4234
25.1612
24.8868
24.6011
24.3034
23.9954
23.6788
23.3539
23.0218
22.6814
22.3338
21.9804
21.6219
21.2594
20.8921
20.5202
20.1436
19.7626
19.3775
18.9879
18.5945
18.1968
17.7953
17.3905
16.981
16.5679
16.1504
15.7289
15.3059
14.8797
14.4519
14.0224
13.5895
13.1561
12.7215
12.2859
11.8519
11.4173
10.9843
10.5537
10.1235
9.69713
9.27355
8.85285
8.43847
8.0286
7.62473
7.22831
6.83722
6.45433
6.08029
5.71315
5.3564
5.00997
4.67152
4.34388
4.02653
3.71801
3.42091
3.13364
2.85448
2.58613
2.32693
2.07515
1.83262
1.59674
1.36705
1.14489
0.927278
0.714429
0.506779
0.302187
0.10112
26.7892
26.6206
26.4381
26.243
26.0349
25.8141
25.5793
25.3311
25.0709
24.7989
24.5161
24.2217
23.9166
23.603
23.2811
22.9521
22.6151
22.2706
21.92
21.5641
21.204
20.8392
20.4696
20.0953
19.7165
19.3338
18.9465
18.5552
18.1597
17.7605
17.3581
16.9514
16.5409
16.1265
15.7078
15.2875
14.8644
14.4394
14.0133
13.5838
13.1536
12.7227
12.2904
11.8598
11.429
10.9993
10.5724
10.1461
9.72318
9.30343
8.88603
8.47479
8.06843
7.66722
7.27368
6.88569
6.5048
6.13265
5.76736
5.41177
5.06635
4.72831
4.40048
4.08328
3.7742
3.4753
3.18644
2.90551
2.63447
2.37265
2.11775
1.87126
1.63179
1.39816
1.17153
0.9495
0.731664
0.51919
0.310028
0.103749
26.6957
26.5266
26.3439
26.1486
25.9409
25.7209
25.4877
25.2412
24.9829
24.7132
24.433
24.1417
23.8396
23.5286
23.2096
22.8835
22.5499
22.2083
21.8605
21.5072
21.1495
20.7872
20.4198
20.0477
19.6712
19.2908
18.9058
18.5167
18.1235
17.7264
17.3264
16.9224
16.5145
16.103
15.6873
15.2696
14.8496
14.4274
14.0043
13.5784
13.1514
12.724
12.295
11.8676
11.4405
11.014
10.5906
10.1681
9.74843
9.33236
8.91832
8.51
8.1069
7.70835
7.3175
6.93247
6.5534
6.18305
5.81988
5.46515
5.12025
4.78302
4.45526
4.1378
3.82806
3.52763
3.23729
2.95475
2.68107
2.41645
2.15855
1.90852
1.66581
1.42819
1.19693
0.970784
0.74847
0.531245
0.317489
0.10624
26.605
26.4353
26.2525
26.057
25.8496
25.6303
25.3985
25.1538
24.8972
24.6295
24.3517
24.0634
23.7642
23.4559
23.1396
22.8162
22.4857
22.1472
21.802
21.4513
21.0959
20.736
20.371
20.0011
19.6268
19.2485
18.866
18.4791
18.0881
17.6932
17.2955
16.8941
16.4888
16.0801
15.6673
15.2523
14.8352
14.4158
13.9957
13.5731
13.1492
12.7252
12.2997
11.8754
11.4517
11.0284
10.6083
10.1894
9.77292
9.36033
8.94972
8.54409
8.14398
7.7482
7.35979
6.9774
6.60028
6.23174
5.87047
5.51642
5.17208
4.83586
4.50802
4.18995
3.87973
3.57815
3.28632
3.00206
2.72579
2.45842
2.19787
1.94462
1.69847
1.45692
1.22133
0.991363
0.764861
0.542821
0.324479
0.108612
26.517
26.3466
26.1637
25.9683
25.761
25.5424
25.3118
25.0687
24.8139
24.5481
24.2724
23.9867
23.6905
23.3848
23.0711
22.7502
22.4226
22.0871
21.7446
21.3964
21.0433
20.6858
20.3231
19.9554
19.5832
19.2071
18.827
18.4424
18.0536
17.6609
17.2653
16.8664
16.4638
16.0578
15.6478
15.2355
14.8213
14.4047
13.9873
13.568
13.1472
12.7264
12.3043
11.8829
11.4626
11.0425
10.6254
10.2101
9.79667
9.38734
8.98017
8.57706
8.17974
7.78682
7.4005
7.0205
6.64561
6.27867
5.91892
5.56577
5.22215
4.88665
4.55859
4.23995
3.92944
3.6269
3.33339
3.04732
2.76873
2.49883
2.23582
1.97929
1.72954
1.48458
1.24507
1.01118
0.780596
0.553877
0.331108
0.110905
26.4316
26.2606
26.0775
25.8822
25.675
25.457
25.2275
24.986
24.733
24.4689
24.1952
23.9119
23.6184
23.3154
23.0041
22.6857
22.3607
22.0281
21.6883
21.3425
20.9917
20.6365
20.2762
19.9107
19.5406
19.1666
18.7887
18.4065
18.0199
17.6294
17.2358
16.8394
16.4394
16.036
15.6289
15.2191
14.8077
14.394
13.9792
13.5631
13.1452
12.7276
12.3088
11.8903
11.4733
11.0563
10.6421
10.2301
9.81972
9.41342
9.00953
8.60897
8.21432
7.82408
7.43965
7.06197
6.68937
6.32373
5.96533
5.61346
5.2704
4.93524
4.60709
4.28809
3.97725
3.67367
3.37843
3.09073
2.81015
2.53774
2.27215
2.01239
1.75933
1.5114
1.26805
1.03005
0.795601
0.564585
0.337507
0.113089
26.3488
26.1771
25.9938
25.7987
25.5918
25.3742
25.1457
24.9056
24.6543
24.392
24.12
23.839
23.5481
23.2477
22.9388
22.6226
22.3
21.9703
21.6332
21.2898
20.9411
20.5881
20.2302
19.867
19.499
19.127
18.7513
18.3714
17.9871
17.5987
17.2072
16.8131
16.4156
16.0148
15.6105
15.2033
14.7945
14.3836
13.9715
13.5583
13.1434
12.7287
12.3132
11.8976
11.4836
11.0698
10.6583
10.2494
9.84208
9.43853
9.03776
8.63991
8.24769
7.85988
7.47742
7.1019
6.73137
6.36695
6.00998
5.65942
5.31666
4.98174
4.65378
4.3344
4.02298
3.71836
3.42167
3.13252
2.85001
2.575
2.30679
2.04424
1.78811
1.53713
1.29004
1.04805
0.810017
0.575036
0.34367
0.115125
26.2686
26.0963
25.9128
25.7179
25.5113
25.294
25.0664
24.8276
24.5779
24.3173
24.047
23.7679
23.4794
23.1816
22.8751
22.5611
22.2408
21.9137
21.5793
21.2382
20.8917
20.5408
20.1852
19.8243
19.4584
19.0883
18.7147
18.3371
17.9552
17.569
17.1795
16.7875
16.3925
15.9942
15.5925
15.1879
14.7818
14.3736
13.9641
13.5537
13.1417
12.7297
12.3175
11.9048
11.4936
11.0829
10.674
10.2681
9.8637
9.46268
9.06492
8.66984
8.27976
7.89432
7.51392
7.14024
6.77157
6.40855
6.05296
5.70345
5.36095
5.02641
4.69869
4.37877
4.06662
3.76118
3.46329
3.17263
2.88814
2.61061
2.33998
2.07499
1.81573
1.56153
1.31113
1.06544
0.823891
0.585116
0.349569
0.117045
26.1912
26.0182
25.8343
25.6396
25.4334
25.2164
24.9895
24.7519
24.5038
24.2449
23.9761
23.6989
23.4126
23.1172
22.8131
22.5012
22.183
21.8583
21.5265
21.1879
20.8435
20.4946
20.1413
19.7826
19.4189
19.0507
18.679
18.3037
17.924
17.5401
17.1526
16.7627
16.37
15.9742
15.5751
15.173
14.7693
14.364
13.957
13.5493
13.14
12.7307
12.3216
11.9118
11.5034
11.0956
10.6893
10.286
9.88453
9.48599
9.09106
8.69861
8.31062
7.92752
7.54909
7.17692
6.81009
6.44863
6.09411
5.7455
5.40349
5.06934
4.7417
4.42117
4.10835
3.80229
3.50323
3.21091
2.92458
2.64482
2.37189
2.10445
1.84205
1.58478
1.33148
1.08228
0.837115
0.594719
0.35527
0.118907
26.1164
25.9426
25.7584
25.5638
25.3581
25.1415
24.9152
24.6786
24.4319
24.1747
23.9075
23.6319
23.3476
23.0545
22.7528
22.4429
22.1268
21.8043
21.475
21.1389
20.7966
20.4496
20.0983
19.7419
19.3804
19.0142
18.6443
18.2711
17.8937
17.512
17.1266
16.7386
16.3482
15.9548
15.5583
15.1586
14.7573
14.3546
13.9502
13.5451
13.1385
12.7318
12.3254
11.9186
11.5128
11.1079
10.7041
10.3034
9.90459
9.50851
9.11613
8.7262
8.34037
7.95945
7.58282
7.2121
6.84707
6.48706
6.1334
5.78575
5.44439
5.11044
4.78278
4.46176
4.14838
3.84166
3.54132
3.24743
2.9595
2.67775
2.4024
2.13243
1.86722
1.60712
1.35101
1.09841
0.849665
0.603895
0.360845
0.120724
26.0442
25.8698
25.6852
25.4906
25.2853
25.0692
24.8434
24.6078
24.3623
24.1068
23.8411
23.567
23.2846
22.9936
22.6942
22.3864
22.0721
21.7518
21.4247
21.091
20.7509
20.4058
20.0565
19.7023
19.3429
18.9787
18.6106
18.2393
17.8642
17.4848
17.1014
16.7154
16.327
15.936
15.5419
15.1447
14.7457
14.3454
13.9436
13.541
13.1372
12.7328
12.3291
11.9251
11.5219
11.1197
10.7184
10.32
9.9239
9.53024
9.14015
8.75268
8.36897
7.99001
7.61518
7.24593
6.88246
6.52375
6.17098
5.82435
5.48356
5.14966
4.82202
4.5007
4.18672
3.87914
3.57759
3.2824
2.993
2.70927
2.43144
2.15905
1.89147
1.62857
1.36954
1.11378
0.861683
0.61272
0.366252
0.12247
25.9746
25.7996
25.6146
25.4199
25.215
24.9995
24.7742
24.5393
24.295
24.041
23.777
23.5042
23.2235
22.9345
22.6373
22.3317
22.0191
21.7007
21.3758
21.0445
20.7066
20.3632
20.0158
19.6637
19.3065
18.9443
18.578
18.2085
17.8355
17.4583
17.0772
16.6929
16.3065
15.9177
15.5261
15.1314
14.7346
14.3366
13.9373
13.5371
13.1358
12.7339
12.3326
11.9313
11.5306
11.131
10.7322
10.3361
9.94245
9.5511
9.16318
8.77806
8.39636
8.01923
7.64623
7.2784
6.91623
6.55877
6.20699
5.86124
5.52092
5.18708
4.85954
4.53801
4.22328
3.91475
3.61224
3.3159
3.02495
2.73926
2.45915
2.18456
1.91471
1.64897
1.38706
1.12849
0.873294
0.621161
0.3714
0.124145
25.9075
25.732
25.5467
25.3518
25.1472
24.9323
24.7076
24.4734
24.2301
23.9775
23.715
23.4437
23.1645
22.8773
22.5821
22.2786
21.9679
21.6513
21.3284
20.9992
20.6635
20.3221
19.9764
19.6262
19.2711
18.911
18.5464
18.1787
17.8077
17.4327
17.0537
16.6713
16.2868
15.9001
15.5107
15.1184
14.7238
14.3281
13.9312
13.5334
13.1346
12.735
12.336
11.9373
11.539
11.142
10.7456
10.3515
9.96021
9.57108
9.18526
8.80233
8.42253
8.04718
7.67596
7.30948
6.94846
6.59223
6.2414
5.89636
5.55653
5.22285
4.89539
4.57358
4.25804
3.94873
3.64539
3.34781
3.05527
2.7678
2.48576
2.209
1.93672
1.66833
1.40378
1.1426
0.884431
0.62914
0.376274
0.125773
25.8429
25.6671
25.4815
25.2864
25.082
24.8676
24.6435
24.4101
24.1675
23.9162
23.6553
23.3854
23.1076
22.822
22.5287
22.2273
21.9184
21.6035
21.2825
20.9553
20.6218
20.2823
19.9382
19.5899
19.2367
18.8788
18.516
18.1499
17.7807
17.4078
17.031
16.6506
16.2678
15.883
15.4959
15.106
14.7136
14.3199
13.9252
13.5298
13.1334
12.7361
12.3392
11.9429
11.5471
11.1524
10.7584
10.3664
9.97717
9.59019
9.20639
8.8255
8.44755
8.07388
7.70433
7.33917
6.97926
6.62416
6.27417
5.92975
5.59048
5.257
4.92951
4.60734
4.29119
3.98125
3.67691
3.37802
3.08407
2.79508
2.51125
2.23217
1.95749
1.68685
1.41983
1.156
0.894966
0.636703
0.380941
0.127352
25.7809
25.6047
25.419
25.2236
25.0194
24.8055
24.582
24.3493
24.1075
23.8572
23.5978
23.3293
23.0529
22.7687
22.4772
22.1778
21.8707
21.5574
21.2381
20.9129
20.5815
20.2438
19.9014
19.5548
19.2035
18.8476
18.4868
18.1222
17.7548
17.3838
17.009
16.6307
16.2496
15.8666
15.4816
15.0939
14.7038
14.3121
13.9195
13.5262
13.1322
12.7372
12.3424
11.9483
11.5548
11.1624
10.7707
10.3807
9.99336
9.60844
9.22655
8.84759
8.47144
8.09934
7.73132
7.36748
7.00865
6.65456
6.30531
5.96151
5.6228
5.2895
4.96187
4.63944
4.32286
4.01218
3.70671
3.40665
3.11154
2.8211
2.5354
2.25409
1.97729
1.7046
1.43509
1.16859
0.90494
0.643977
0.385407
0.128835
25.7216
25.5448
25.359
25.1636
24.9593
24.7459
24.523
24.291
24.0499
23.8006
23.5426
23.2755
23.0003
22.7175
22.4275
22.1301
21.8248
21.513
21.1954
20.8719
20.5425
20.2068
19.866
19.521
19.1715
18.8174
18.4586
18.0956
17.7298
17.3606
16.9879
16.6116
16.2322
15.851
15.4678
15.0823
14.6944
14.3046
13.914
13.5228
13.131
12.7383
12.3455
11.9534
11.562
11.1718
10.7825
10.3943
10.0088
9.62584
9.24574
8.86865
8.49422
8.12356
7.75695
7.39439
7.03665
6.68344
6.33489
5.99169
5.65347
5.32031
4.99259
4.66999
4.35294
4.04142
3.73497
3.43391
3.13768
2.8457
2.55816
2.27501
1.99627
1.72138
1.44944
1.1805
0.914485
0.650958
0.389596
0.130203
25.6648
25.4876
25.3017
25.1063
24.902
24.6888
24.4665
24.2353
23.9949
23.7463
23.4895
23.2238
22.95
22.6685
22.3798
22.0842
21.7807
21.4705
21.1544
20.8325
20.505
20.1712
19.832
19.4886
19.1407
18.7884
18.4315
18.0702
17.7058
17.3384
16.9675
16.5932
16.2156
15.836
15.4546
15.0711
14.6853
14.2976
13.9088
13.5195
13.1298
12.7393
12.3485
11.9583
11.5689
11.1808
10.7936
10.4074
10.0236
9.64238
9.26396
8.88866
8.51587
8.14656
7.78126
7.41993
7.06322
6.71087
6.36297
6.02028
5.68246
5.34949
5.02177
4.69899
4.38133
4.06907
3.76184
3.45977
3.16234
2.86884
2.57974
2.29504
2.01423
1.73707
1.46301
1.19189
0.923568
0.657513
0.393502
0.131501
25.6108
25.4331
25.2469
25.0516
24.8474
24.6345
24.4126
24.1821
23.9425
23.6946
23.4388
23.1744
22.9019
22.6217
22.3342
22.0401
21.7384
21.4297
21.1151
20.7947
20.4689
20.137
19.7994
19.4575
19.1112
18.7605
18.4054
18.0458
17.683
17.3171
16.9479
16.5755
16.1998
15.8217
15.442
15.0604
14.6766
14.2909
13.9038
13.5164
13.1287
12.7403
12.3514
11.9631
11.5755
11.1892
10.8041
10.4198
10.0377
9.65809
9.28125
8.90758
8.53638
8.16836
7.80431
7.4441
7.08833
6.73687
6.38959
6.04728
5.70983
5.37707
5.04939
4.72637
4.40812
4.09526
3.78731
3.48415
3.18551
2.89073
2.60027
2.31396
2.03108
1.75187
1.47596
1.20271
0.932042
0.663618
0.39723
0.13276
25.5594
25.3813
25.1949
24.9996
24.7954
24.5827
24.3613
24.1314
23.8926
23.6454
23.3905
23.1273
22.8561
22.5771
22.2908
21.998
21.698
21.3909
21.0777
20.7587
20.4344
20.1043
19.7683
19.4278
19.083
18.7339
18.3805
18.0226
17.6612
17.2968
16.9292
16.5586
16.1847
15.8082
15.4301
15.0501
14.6682
14.2845
13.8992
13.5134
13.1275
12.7411
12.3542
11.9676
11.5817
11.1972
10.814
10.4316
10.0511
9.67301
9.2976
8.9254
8.55577
8.189
7.82609
7.46691
7.11201
6.76144
6.41475
6.07275
5.73563
5.40307
5.0754
4.75218
4.43343
4.11998
3.81129
3.50706
3.20733
2.91149
2.61959
2.33159
2.047
1.766
1.48819
1.21282
0.939925
0.669405
0.400817
0.133945
25.5106
25.3322
25.1455
24.9503
24.7462
24.5337
24.3126
24.0832
23.8453
23.5988
23.3446
23.0825
22.8124
22.5347
22.2495
21.9579
21.6595
21.3538
21.0421
20.7244
20.4014
20.0731
19.7387
19.3996
19.0562
18.7085
18.3568
18.0005
17.6405
17.2776
16.9115
16.5425
16.1704
15.7954
15.4188
15.0404
14.6602
14.2784
13.8949
13.5106
13.1264
12.7418
12.3568
11.9719
11.5877
11.2047
10.8233
10.4427
10.0637
9.68714
9.31301
8.94215
8.57403
8.20848
7.84662
7.48839
7.13427
6.78453
6.43846
6.09675
5.75989
5.42749
5.09979
4.77648
4.45732
4.14318
3.83377
3.52862
3.22791
2.93101
2.63761
2.3481
2.06214
1.77935
1.49956
1.22223
0.947391
0.674911
0.404167
0.135025
25.4646
25.2858
25.0988
24.9036
24.6997
24.4874
24.2667
24.0377
23.8005
23.5548
23.3013
23.0401
22.7711
22.4946
22.2106
21.92
21.6229
21.3187
21.0083
20.6919
20.3702
20.0433
19.7106
19.3728
19.0308
18.6844
18.3341
17.9795
17.6209
17.2594
16.8947
16.5271
16.1567
15.7833
15.4081
15.0312
14.6526
14.2725
13.8908
13.5081
13.1253
12.7424
12.3591
11.976
11.5933
11.2118
10.8319
10.4531
10.0757
9.70044
9.32753
8.95787
8.59114
8.22679
7.86589
7.50858
7.15514
6.80614
6.46074
6.1193
5.78264
5.45035
5.12258
4.79925
4.47976
4.16488
3.85481
3.54887
3.2472
2.9492
2.65444
2.36366
2.07637
1.79179
1.51014
1.23112
0.954481
0.680009
0.407218
0.136036
25.4212
25.2422
25.055
24.8597
24.656
24.4439
24.2235
23.9948
23.7583
23.5133
23.2605
23.0001
22.7321
22.4567
22.1739
21.8842
21.5883
21.2855
20.9764
20.6613
20.3407
20.0152
19.684
19.3475
19.0068
18.6617
18.3128
17.9597
17.6024
17.2422
16.8789
16.5127
16.1438
15.772
15.3981
15.0227
14.6454
14.2669
13.8869
13.5057
13.1243
12.7429
12.3613
11.9798
11.5986
11.2185
10.84
10.4628
10.0868
9.71292
9.3412
8.97258
8.60707
8.24391
7.88393
7.52747
7.17465
6.82627
6.48157
6.14043
5.8039
5.47168
5.14382
4.82048
4.50073
4.18517
3.87445
3.56779
3.26514
2.96611
2.67028
2.37823
2.0895
1.80335
1.52011
1.23953
0.961064
0.684634
0.410041
0.137014
25.3806
25.2014
25.014
24.8186
24.615
24.4031
24.183
23.9547
23.7187
23.4744
23.2223
22.9627
22.6955
22.4211
22.1394
21.8507
21.5558
21.2543
20.9465
20.6326
20.3131
19.9887
19.659
19.3238
18.9842
18.6404
18.2927
17.941
17.5851
17.226
16.8641
16.4991
16.1316
15.7613
15.3887
15.0146
14.6388
14.2616
13.8832
13.5035
13.1235
12.7434
12.3633
11.9834
11.6037
11.2247
10.8475
10.4717
10.0972
9.72458
9.354
8.98629
8.62185
8.25985
7.90074
7.54506
7.19284
6.84496
6.50088
6.16013
5.82369
5.4915
5.16358
4.84012
4.5202
4.20412
3.89271
3.58534
3.28173
2.98186
2.68512
2.39168
2.10155
1.81416
1.52949
1.24732
0.967075
0.688901
0.412704
0.137933
25.3427
25.1634
24.9758
24.7804
24.5768
24.3651
24.1453
23.9174
23.6818
23.4382
23.1867
22.9278
22.6614
22.3879
22.1073
21.8195
21.5255
21.2251
20.9185
20.6058
20.2874
19.964
19.6355
19.3017
18.9632
18.6205
18.2739
17.9235
17.5689
17.211
16.8502
16.4865
16.1203
15.7513
15.38
15.0071
14.6326
14.2567
13.8797
13.5014
13.1227
12.7439
12.3651
11.9866
11.6083
11.2306
10.8545
10.4799
10.1068
9.73539
9.36591
8.99905
8.63549
8.27456
7.91631
7.56136
7.20975
6.86224
6.51868
6.17838
5.84201
5.50987
5.18185
4.85817
4.53821
4.22174
3.90959
3.60149
3.29708
2.99648
2.69882
2.40404
2.11269
1.82421
1.53818
1.25444
0.972628
0.69292
0.415157
0.138747
25.3077
25.1282
24.9406
24.745
24.5415
24.3299
24.1105
23.8829
23.6476
23.4046
23.1538
22.8955
22.6299
22.3571
22.0774
21.7906
21.4974
21.1981
20.8924
20.5809
20.2635
19.941
19.6137
19.2811
18.9437
18.6021
18.2564
17.9072
17.5539
17.1971
16.8374
16.4748
16.1097
15.7421
15.3719
15.0002
14.6269
14.2521
13.8764
13.4995
13.122
12.7443
12.3667
11.9895
11.6126
11.2361
10.861
10.4875
10.1156
9.74531
9.37691
9.01087
8.64801
8.28806
7.93064
7.57636
7.22535
6.87811
6.53497
6.19515
5.85889
5.52679
5.19864
4.87471
4.55472
4.23797
3.9251
3.6163
3.31122
3.00985
2.71132
2.41547
2.12297
1.83338
1.54609
1.26098
0.977839
0.696652
0.417315
0.139456
25.2756
25.0959
24.9082
24.7126
24.5091
24.2977
24.0785
23.8513
23.6163
23.3738
23.1235
22.8659
22.6009
22.3288
22.05
21.764
21.4717
21.1732
20.8685
20.558
20.2416
19.92
19.5936
19.2621
18.9258
18.5852
18.2404
17.8922
17.5401
17.1843
16.8256
16.4641
16.1
15.7335
15.3645
14.9938
14.6216
14.248
13.8734
13.4977
13.1213
12.7448
12.3683
11.9921
11.6164
11.2412
10.8669
10.4944
10.1236
9.75431
9.38698
9.02174
8.65946
8.30033
7.94372
7.59007
7.23961
6.89263
6.54977
6.21042
5.87435
5.54223
5.21396
4.8898
4.56971
4.25277
3.93928
3.62983
3.32414
3.02193
2.7227
2.42604
2.13234
1.84163
1.55328
1.26702
0.982664
0.700008
0.419211
0.140102
25.2465
25.0665
24.8787
24.6831
24.4797
24.2684
24.0494
23.8225
23.5878
23.3457
23.096
22.8389
22.5746
22.3031
22.0249
21.7399
21.4482
21.1505
20.8466
20.5371
20.2217
19.9008
19.5753
19.2448
18.9094
18.5698
18.2259
17.8785
17.5275
17.1727
16.8149
16.4543
16.0911
15.7257
15.3578
14.988
14.6169
14.2442
13.8706
13.4961
13.1207
12.7452
12.3697
11.9944
11.6198
11.2457
10.8724
10.5007
10.1307
9.76241
9.39609
9.03162
8.66987
8.3114
7.95551
7.60246
7.25252
6.9058
6.56313
6.22419
5.88835
5.55619
5.22784
4.90344
4.58316
4.26612
3.95215
3.6421
3.33576
3.0328
2.733
2.4356
2.14077
1.84905
1.55979
1.27252
0.986981
0.703006
0.420961
0.140703
25.2203
25.0402
24.8523
24.6567
24.4533
24.2421
24.0232
23.7966
23.5623
23.3205
23.0712
22.8147
22.5509
22.28
22.0024
21.7181
21.4272
21.1302
20.827
20.5182
20.2037
19.8837
19.5588
19.2291
18.8947
18.5559
18.2129
17.8662
17.5161
17.1622
16.8053
16.4455
16.0832
15.7187
15.3518
14.9828
14.6126
14.2409
13.8681
13.4946
13.1201
12.7456
12.371
11.9965
11.6228
11.2497
10.8773
10.5064
10.1372
9.76964
9.40419
9.0405
8.67927
8.32126
7.96601
7.61353
7.26406
6.91763
6.57508
6.23645
5.90085
5.56867
5.24027
4.91564
4.59513
4.27799
3.96369
3.65307
3.34613
3.04256
2.74217
2.44404
2.14835
1.85572
1.5656
1.27738
0.990767
0.705749
0.422616
0.141237
25.1972
25.0169
24.829
24.6333
24.4299
24.2189
24.0001
23.7737
23.5397
23.2982
23.0494
22.7932
22.5299
22.2596
21.9825
21.6988
21.4085
21.1121
20.8097
20.5015
20.1877
19.8685
19.5442
19.2153
18.8816
18.5436
18.2013
17.8553
17.506
17.153
16.7968
16.4378
16.0762
15.7124
15.3464
14.9782
14.6088
14.2379
13.8659
13.4932
13.1196
12.7459
12.3722
11.9985
11.6255
11.2532
10.8817
10.5115
10.1428
9.776
9.41127
9.04832
8.68761
8.32995
7.97521
7.62325
7.27421
6.92809
6.58565
6.24719
5.91181
5.57968
5.2512
4.92642
4.60566
4.28835
3.97385
3.66276
3.3553
3.05118
2.75011
2.45141
2.15512
1.86163
1.57065
1.28156
0.994111
0.708279
0.424116
0.141687
25.1772
24.9967
24.8087
24.613
24.4097
24.1987
23.9801
23.7539
23.5202
23.2789
23.0304
22.7746
22.5118
22.2419
21.9652
21.6821
21.3924
21.0965
20.7946
20.487
20.1739
19.8553
19.5316
19.2033
18.8703
18.5329
18.1914
17.8459
17.4972
17.1449
16.7894
16.431
16.0701
15.707
15.3417
14.9743
14.6054
14.2353
13.864
13.492
13.1192
12.7461
12.3731
12.0002
11.6278
11.2562
10.8854
10.5159
10.1478
9.78149
9.41734
9.05506
8.69485
8.33749
7.98314
7.63163
7.28295
6.93716
6.59485
6.2564
5.92121
5.58919
5.26065
4.93578
4.61475
4.2972
3.9826
3.67117
3.36326
3.05859
2.75688
2.45779
2.16102
1.86675
1.57495
1.28512
0.997051
0.710509
0.425411
0.142076
25.1603
24.9797
24.7916
24.5959
24.3926
24.1818
23.9632
23.7372
23.5037
23.2627
23.0145
22.7589
22.4964
22.227
21.9507
21.6679
21.3787
21.0833
20.7819
20.4748
20.1622
19.8442
19.521
19.1931
18.8607
18.5239
18.1829
17.838
17.4897
17.1381
16.7832
16.4254
16.065
15.7024
15.3377
14.971
14.6027
14.2331
13.8624
13.491
13.1188
12.7464
12.3739
12.0016
11.6297
11.2587
10.8886
10.5195
10.152
9.78614
9.4224
9.06067
8.70097
8.3439
7.9898
7.63862
7.29026
6.9448
6.60263
6.26411
5.92905
5.59717
5.26862
4.9437
4.62237
4.30457
3.98991
3.67827
3.36997
3.06479
2.76256
2.46311
2.16595
1.87106
1.57855
1.28811
0.999498
0.712339
0.42654
0.142444
25.1466
24.966
24.7778
24.5821
24.3788
24.168
23.9496
23.7237
23.4903
23.2495
23.0015
22.7462
22.484
22.2149
21.9389
21.6565
21.3677
21.0726
20.7717
20.4649
20.1526
19.8351
19.5124
19.1849
18.8529
18.5166
18.1761
17.8316
17.4837
17.1325
16.7781
16.4208
16.0609
15.6987
15.3345
14.9683
14.6004
14.2313
13.8611
13.4901
13.1185
12.7465
12.3745
12.0027
11.6313
11.2607
10.8911
10.5225
10.1554
9.78992
9.42647
9.06513
8.70593
8.34912
7.9952
7.64423
7.29612
6.95099
6.60895
6.27035
5.93533
5.60357
5.2751
4.95012
4.62852
4.31048
3.99577
3.68404
3.37539
3.06979
2.76715
2.46735
2.16992
1.8746
1.58149
1.29052
1.00138
0.71377
0.427544
0.142787
25.1362
24.9555
24.7673
24.5716
24.3684
24.1576
23.9392
23.7134
23.4802
23.2396
22.9917
22.7366
22.4746
22.2057
21.93
21.6478
21.3593
21.0645
20.7638
20.4574
20.1454
19.8282
19.5059
19.1787
18.847
18.511
18.1709
17.8268
17.4792
17.1283
16.7743
16.4173
16.0578
15.6959
15.332
14.9663
14.5988
14.23
13.8602
13.4895
13.1183
12.7467
12.375
12.0036
11.6326
11.2623
10.893
10.5248
10.1579
9.79282
9.42954
9.06849
8.70969
8.35312
7.99931
7.64844
7.30052
6.95569
6.61379
6.2751
5.94004
5.60839
5.28006
4.95499
4.63318
4.31492
4.00018
3.68843
3.37952
3.07358
2.77061
2.47051
2.17291
1.87731
1.58374
1.29231
1.00274
0.714865
0.428359
0.143061
25.1292
24.9485
24.7603
24.5646
24.3613
24.1505
23.9323
23.7065
23.4733
23.2328
22.9851
22.7301
22.4682
22.1995
21.924
21.6419
21.3536
21.059
20.7586
20.4523
20.1406
19.8236
19.5015
19.1745
18.8431
18.5072
18.1673
17.8236
17.4761
17.1254
16.7716
16.415
16.0557
15.694
15.3303
14.9649
14.5976
14.2291
13.8595
13.489
13.1182
12.7468
12.3753
12.0042
11.6334
11.2633
10.8942
10.5262
10.1597
9.79479
9.43161
9.07076
8.7122
8.35585
8.0021
7.65123
7.30347
6.95886
6.61708
6.27832
5.94318
5.61163
5.28341
4.95828
4.63631
4.31791
4.00314
3.6914
3.38233
3.07613
2.77291
2.47266
2.17492
1.87915
1.58526
1.29347
1.00368
0.715631
0.428889
0.143238
25.1256
24.945
24.7567
24.561
24.3578
24.147
23.9287
23.703
23.4698
23.2294
22.9817
22.7269
22.465
22.1963
21.9209
21.639
21.3507
21.0563
20.7559
20.4498
20.1381
19.8212
19.4992
19.1724
18.841
18.5053
18.1655
17.8219
17.4746
17.124
16.7703
16.4138
16.0547
15.693
15.3294
14.9642
14.5971
14.2286
13.8591
13.4888
13.1181
12.7469
12.3755
12.0045
11.6338
11.2638
10.8949
10.527
10.1606
9.79579
9.43267
9.0719
8.71346
8.35724
8.00352
7.65263
7.30497
6.96047
6.61875
6.27995
5.94477
5.61327
5.2851
4.95995
4.6379
4.31942
4.00463
3.69289
3.38377
3.07742
2.77405
2.47375
2.17594
1.88007
1.58602
1.29405
1.00418
0.716026
0.429124
0.143319
)
;

boundaryField
{
    top
    {
        type            symmetryPlane;
    }
    bottom
    {
        type            symmetryPlane;
    }
    plate
    {
        type            zeroGradient;
    }
    left
    {
        type            zeroGradient;
    }
    right
    {
        type            fixedValue;
        value           uniform 0;
    }
    frontAndBack
    {
        type            empty;
    }
}


// ************************************************************************* //
